1,1.04E-7
2,1.02E-7
3,1.04E-7
4,1.19E-7
5,1.0E-7
6,1.07E-7
7,9.5E-8
8,1.04E-7
9,1.16E-7
10,1.01E-7
11,1.13E-7
12,1.1E-7
13,1.19E-7
14,1.05E-7
15,1.01E-7
16,1.06E-7
17,1.24E-7
18,1.04E-7
19,1.03E-7
20,9.9E-8
21,1.19E-7
22,1.01E-7
23,1.08E-7
24,1.01E-7
25,9.9E-8
26,1.05E-7
27,1.27E-7
28,1.02E-7
29,1.08E-7
30,1.09E-7
31,1.33E-7
32,1.01E-7
33,1.17E-7
34,9.6E-8
35,9.9E-8
36,1.01E-7
37,9.9E-8
38,1.07E-7
39,1.05E-7
40,1.03E-7
41,1.09E-7
42,9.8E-8
43,1.0E-7
44,1.05E-7
45,1.06E-7
46,9.9E-8
47,1.1E-7
48,1.03E-7
49,1.1E-7
50,1.16E-7
51,1.08E-7
52,9.5E-8
53,1.14E-7
54,1.09E-7
55,1.18E-7
56,1.01E-7
57,1.04E-7
58,9.6E-8
59,1.14E-7
60,1.03E-7
61,1.05E-7
62,1.18E-7
63,1.03E-7
64,1.09E-7
65,1.06E-7
66,9.8E-8
67,1.02E-7
68,1.02E-7
69,1.13E-7
70,1.02E-7
71,1.12E-7
72,9.6E-8
73,1.13E-7
74,1.07E-7
75,1.0E-7
76,1.04E-7
77,1.13E-7
78,1.04E-7
79,1.03E-7
80,1.01E-7
81,1.1E-7
82,9.5E-8
83,1.43E-7
84,2.071E-6
85,9.438E-6
86,1.01E-7
87,1.18E-7
88,1.02E-7
89,1.17E-7
90,1.06E-7
91,1.25E-7
92,1.01E-7
93,9.7E-8
94,9.9E-8
95,1.09E-7
96,1.03E-7
97,1.25E-7
98,1.07E-7
99,1.0129E-5
100,1.02E-7
101,1.0E-7
102,1.03E-7
103,1.19E-7
104,1.03E-7
105,1.1E-7
106,1.05E-7
107,1.05E-7
108,1.01E-7
109,9.9E-8
110,1.15E-7
111,1.15E-7
112,1.9081E-5
113,9.5E-8
114,9.8E-8
115,1.2E-7
116,1.04E-7
117,1.05E-7
118,1.06E-7
119,1.17E-7
120,1.06E-7
121,1.13E-7
122,1.07E-7
123,9.5E-8
124,1.0E-7
125,0.022677522
126,1.1E-7
127,1.15E-7
128,1.02E-7
129,9.7E-8
130,2.0902E-5
131,1.15E-7
132,1.01E-7
133,1.24E-7
134,9.8E-8
135,1.0E-7
136,9.9E-8
137,1.16E-7
138,1.04E-7
139,1.17E-7
140,1.11E-7
141,1.04E-7
142,1.06E-7
143,9.8E-8
144,1.01E-7
145,1.2E-7
146,1.06E-7
147,1.06E-7
148,9.9E-8
149,1.67E-7
150,9.9E-8
151,9.8E-8
152,9.9E-8
153,1.23E-7
154,1.11E-7
155,1.02E-7
156,9.9E-8
157,1.18E-7
158,1.14E-7
159,1.11E-7
160,1.08E-7
161,1.0E-7
162,9.9E-8
163,9.4E-8
164,1.12E-7
165,1.05E-7
166,1.03E-7
167,1.29E-7
168,1.0E-7
169,1.21E-7
170,1.07E-7
171,1.2E-7
172,1.09E-7
173,1.03E-7
174,1.08E-7
175,9.9E-8
176,9.4E-8
177,1.03E-7
178,1.07E-7
179,1.01E-7
180,1.15E-7
181,9.5E-8
182,1.07E-7
183,1.03E-7
184,1.01E-7
185,1.09E-7
186,1.04E-7
187,1.15E-7
188,9.2E-8
189,1.33E-7
190,1.18E-7
191,9.673E-6
192,1.06E-7
193,1.13E-7
194,1.06E-7
195,1.01E-7
196,6.94E-6
197,9.7E-8
198,1.03E-7
199,1.05E-7
200,1.09E-7
201,1.05E-7
202,1.0E-7
203,1.01E-7
204,1.07E-7
205,9.5E-8
206,1.16E-7
207,1.29E-7
208,1.05E-7
209,1.11E-7
210,1.0E-7
211,1.02E-7
212,1.22E-7
213,1.04E-7
214,1.15E-7
215,1.05E-7
216,1.12E-7
217,1.11E-7
218,1.03E-7
219,1.08E-7
220,9.5E-8
221,9.7E-8
222,1.18E-7
223,1.06E-7
224,1.0E-7
225,1.12E-7
226,1.08E-7
227,1.06E-7
228,1.06E-7
229,1.21E-7
230,1.22E-7
231,1.06E-7
232,1.05E-7
233,1.1E-7
234,1.08E-7
235,1.24E-7
236,1.7462E-5
237,1.01E-7
238,1.03E-7
239,1.1E-7
240,1.23E-7
241,1.04E-7
242,1.07E-7
243,1.05E-7
244,1.06E-7
245,1.39E-7
246,9.9E-8
247,1.03E-7
248,1.1403E-5
249,1.16E-7
250,1.08E-7
251,1.01E-7
252,1.09E-7
253,1.01E-7
254,1.06E-7
255,1.01E-7
256,1.06E-7
257,9.5E-8
258,1.21E-7
259,1.09E-7
260,1.05E-7
261,9.6E-8
262,1.03E-7
263,1.05E-7
264,1.02E-7
265,1.16E-7
266,1.08E-7
267,1.06E-7
268,1.03E-7
269,1.06E-7
270,1.06E-7
271,1.18E-7
272,1.01E-7
273,0.019669364
274,9.5E-8
275,9.8E-8
276,1.02E-7
277,9.5E-8
278,1.12E-7
279,1.08E-7
280,1.09E-7
281,1.03E-7
282,1.04E-7
283,1.03E-7
284,1.01E-7
285,1.07E-7
286,1.06E-7
287,1.0E-7
288,1.07E-7
289,1.1E-7
290,1.08E-7
291,1.35E-7
292,1.0E-7
293,1.18E-7
294,9.9E-8
295,1.0E-7
296,1.05E-7
297,1.08E-7
298,1.05E-7
299,1.17E-7
300,7.658E-6
301,1.02E-7
302,0.002289704
303,1.16E-7
304,1.24E-7
305,1.02E-7
306,1.0E-7
307,1.01E-7
308,9.7E-8
309,1.04E-7
310,1.04E-7
311,1.01E-7
312,9.5E-8
313,1.04E-7
314,1.01E-7
315,1.09E-7
316,9.9E-8
317,9.9E-8
318,1.17E-7
319,9.6E-8
320,1.07E-7
321,9.8E-8
322,1.14E-7
323,1.18E-7
324,9.9E-8
325,8.618E-6
326,1.1E-7
327,1.12E-7
328,1.14E-7
329,1.0352E-5
330,1.07E-7
331,1.14E-7
332,1.17E-7
333,1.06E-7
334,1.01E-7
335,1.04E-7
336,1.04E-7
337,9.9E-8
338,9.5E-8
339,9.9E-8
340,9.7E-8
341,9.9E-8
342,1.25E-7
343,1.16E-7
344,1.09E-7
345,7.22E-6
346,1.07E-7
347,9.7E-8
348,1.36E-7
349,8.876E-6
350,1.04E-7
351,6.574E-6
352,1.12E-7
353,1.05E-7
354,1.16E-7
355,1.07E-7
356,9.9E-8
357,9.2E-8
358,1.05E-7
359,1.05E-7
360,1.0E-7
361,9.5E-8
362,1.02E-7
363,1.08E-7
364,7.987E-6
365,1.02E-7
366,1.01E-7
367,1.04E-7
368,1.11E-7
369,9.7E-8
370,1.04E-7
371,9.9E-8
372,8.956E-6
373,9.8E-8
374,1.15E-7
375,1.28E-7
376,1.24E-7
377,2.6368E-5
378,1.03E-7
379,9.8E-8
380,2.1431E-5
381,8.376E-6
382,1.04E-7
383,1.07E-7
384,1.4027E-5
385,1.0E-7
386,9.5E-8
387,1.22E-7
388,1.04E-7
389,9.8E-8
390,1.13E-7
391,1.06E-7
392,9.5E-8
393,1.03E-7
394,1.13E-7
395,1.01E-7
396,1.02E-7
397,1.04E-7
398,1.12E-7
399,1.05E-7
400,1.03E-7
401,1.05E-7
402,9.9E-8
403,1.03E-7
404,1.0E-7
405,1.18E-7
406,1.1E-7
407,1.1E-7
408,1.11E-7
409,9.8E-8
410,1.08E-7
411,1.15E-7
412,1.03E-7
413,1.28E-7
414,1.02E-7
415,1.14E-7
416,1.01E-7
417,1.18E-7
418,1.04E-7
419,9.7E-8
420,9.6E-8
421,1.06E-7
422,1.08E-7
423,1.31E-7
424,9.9E-8
425,9.7E-8
426,1.03E-7
427,8.866E-6
428,9.146E-6
429,1.12E-7
430,9.8E-8
431,1.03E-7
432,1.04E-7
433,1.0E-7
434,1.03E-7
435,9.9E-8
436,1.12E-7
437,9.4E-8
438,1.03E-7
439,1.18E-7
440,6.786E-6
441,9.9E-8
442,1.07E-7
443,1.01E-7
444,1.18E-7
445,1.06E-7
446,1.0E-7
447,1.12E-7
448,1.1E-7
449,1.91E-7
450,1.05E-7
451,1.04E-7
452,1.22E-7
453,9.9E-8
454,1.15E-7
455,1.29E-7
456,1.4276E-5
457,1.08E-7
458,9.8E-8
459,1.0E-7
460,1.04E-7
461,1.14E-7
462,9.9E-8
463,1.05E-7
464,1.18E-7
465,1.03E-7
466,1.1036E-5
467,9.4E-8
468,1.12E-7
469,9.8E-8
470,1.04E-7
471,1.23E-7
472,9.4E-8
473,1.05E-7
474,9.8E-8
475,1.12E-7
476,1.02E-7
477,1.17E-7
478,6.86E-6
479,9.4E-8
480,9.9E-8
481,9.6E-8
482,1.0E-7
483,1.06E-7
484,1.01E-7
485,1.03E-7
486,1.08E-7
487,1.15E-7
488,1.1E-7
489,9.7E-8
490,9.7E-8
491,1.06E-7
492,1.01E-7
493,0.006198965
494,1.12E-7
495,9.8E-8
496,1.03E-7
497,1.2E-7
498,1.09E-7
499,1.11E-7
500,1.16E-7
501,1.08E-7
502,1.0E-7
503,1.12E-7
504,1.1E-7
505,1.01E-7
506,1.13E-5
507,1.02E-7
508,9.5E-8
509,1.12E-7
510,1.02E-7
511,1.32E-7
512,1.12E-7
513,1.05E-7
514,9.8E-8
515,1.19E-7
516,9.769E-6
517,1.09E-7
518,1.24E-7
519,1.17E-7
520,1.14E-7
521,9.8E-8
522,9.6E-8
523,1.2746E-5
524,1.03E-7
525,1.02E-7
526,1.16E-7
527,1.08E-7
528,1.05E-7
529,9.9E-8
530,9.7E-8
531,9.8E-8
532,1.03E-7
533,1.12E-7
534,1.01E-7
535,1.02E-7
536,3.25E-5
537,1.09E-7
538,1.1E-7
539,1.09E-7
540,1.05E-7
541,9.7E-8
542,1.16E-7
543,1.04E-7
544,1.13E-7
545,1.18E-7
546,1.09E-7
547,1.09E-7
548,1.01E-7
549,1.06E-7
550,1.012E-5
551,9.8E-8
552,9.7E-8
553,1.09E-7
554,1.1025E-5
555,1.04E-7
556,1.13E-7
557,1.09E-7
558,1.24E-7
559,1.14E-7
560,1.0E-7
561,1.56E-7
562,1.04E-7
563,1.04E-7
564,1.08E-7
565,1.05E-7
566,1.07E-7
567,1.08E-7
568,1.05E-7
569,1.06E-7
570,1.0E-7
571,1.0E-7
572,1.18E-7
573,1.03E-7
574,9.4E-8
575,1.12E-7
576,1.02E-7
577,1.2502E-5
578,9.7E-8
579,1.1E-7
580,1.08E-7
581,1.07E-7
582,1.03E-7
583,1.04E-7
584,1.3E-7
585,1.08E-7
586,1.17E-7
587,1.01E-7
588,1.02E-7
589,1.15E-7
590,1.04E-7
591,1.05E-7
592,1.2E-7
593,9.9E-8
594,1.0E-7
595,1.1377E-5
596,1.0309E-5
597,1.07E-7
598,1.01E-7
599,1.0E-7
600,1.07E-7
601,1.01E-7
602,6.56E-6
603,1.0E-7
604,9.5E-8
605,1.06E-7
606,1.02E-7
607,1.08E-7
608,1.1E-7
609,9.8E-8
610,1.06E-7
611,8.313E-6
612,0.007029321
613,1.07E-7
614,1.07E-7
615,1.0E-7
616,1.02E-7
617,1.09E-7
618,9.4E-8
619,1.14E-7
620,7.773E-6
621,9.334E-6
622,1.14E-7
623,1.09E-7
624,8.064E-6
625,1.1E-7
626,6.711E-6
627,1.06E-7
628,9.9E-8
629,9.9E-8
630,1.02E-7
631,1.4E-7
632,9.6E-8
633,0.013096846
634,1.14E-7
635,1.02E-7
636,9.8E-8
637,1.01E-7
638,1.04E-7
639,1.03E-7
640,1.07E-7
641,1.3408E-5
642,1.02E-7
643,7.564E-6
644,1.03E-7
645,1.01E-7
646,1.1E-7
647,1.02E-7
648,9.9E-8
649,9.7E-8
650,1.41E-7
651,1.28E-7
652,9.5E-8
653,9.9E-8
654,1.05E-7
655,1.04E-7
656,1.0E-7
657,0.003623365
658,1.02E-7
659,9.9E-8
660,1.01E-7
661,1.15E-7
662,1.03E-7
663,1.02E-7
664,1.0207E-5
665,9.7E-8
666,1.1538E-5
667,1.0E-7
668,9.035E-6
669,1.01E-7
670,1.6469E-5
671,1.08E-7
672,1.04E-7
673,1.13E-7
674,1.05E-7
675,1.16E-7
676,1.04E-7
677,1.03E-7
678,9.8E-8
679,9.9E-8
680,9.9E-8
681,1.14E-7
682,1.03E-7
683,1.0E-7
684,1.337E-5
685,1.0E-7
686,1.33E-7
687,1.03E-7
688,1.19E-7
689,1.2E-7
690,1.06E-7
691,1.13E-7
692,1.13E-7
693,1.19E-7
694,1.15E-7
695,1.07E-7
696,1.29E-7
697,1.24E-7
698,8.973E-6
699,1.0E-7
700,1.23E-7
701,1.17E-7
702,1.09E-7
703,9.7E-8
704,1.1542E-5
705,1.04E-7
706,1.07E-7
707,9.8E-8
708,1.03E-7
709,1.26E-7
710,9.6E-8
711,1.08E-7
712,1.16E-7
713,1.13E-7
714,1.13E-7
715,1.03E-7
716,1.03E-7
717,9.9E-8
718,1.11E-7
719,1.27E-7
720,1.06E-7
721,1.04E-7
722,1.08E-7
723,1.05E-7
724,1.1E-7
725,1.08E-7
726,1.16E-7
727,1.04E-7
728,1.12E-7
729,1.01E-7
730,1.45E-7
731,6.565E-6
732,1.01E-7
733,1.03E-7
734,1.299E-5
735,1.04E-7
736,1.08E-7
737,9.471E-6
738,1.18E-7
739,1.12E-7
740,1.09E-7
741,1.11E-7
742,1.0E-7
743,9.9E-8
744,9.2E-8
745,9.7E-8
746,1.05E-7
747,1.09E-7
748,1.22E-7
749,1.06E-7
750,9.9E-8
751,1.21E-7
752,1.02E-7
753,1.09E-7
754,1.06E-7
755,6.702E-6
756,1.3097E-5
757,1.22E-7
758,1.18E-7
759,1.14E-7
760,1.09E-7
761,7.546E-6
762,9.9E-8
763,1.17E-7
764,1.09E-7
765,1.07E-7
766,1.04E-7
767,9.8E-8
768,1.0E-7
769,1.12E-7
770,9.9E-8
771,1.0E-7
772,1.09E-7
773,8.477E-6
774,9.9E-8
775,1.04E-7
776,1.11E-7
777,1.02E-7
778,1.03E-7
779,1.0E-7
780,9.7E-8
781,1.16E-7
782,1.08E-7
783,1.02E-7
784,1.05E-7
785,1.07E-7
786,1.0E-7
787,0.812770659
788,9.8E-8
789,1.03E-7
790,8.9E-8
791,1.21E-7
792,1.15E-7
793,9.9E-8
794,1.02E-7
795,9.3E-8
796,9.5E-8
797,1.05E-7
798,1.16E-7
799,1.0785E-5
800,1.16E-7
801,1.13E-7
802,1.07E-7
803,9.9E-8
804,1.05E-7
805,1.01E-7
806,9.9E-8
807,1.01E-7
808,1.04E-7
809,1.12E-7
810,9.9E-8
811,1.0E-7
812,1.22E-7
813,0.047291811
814,9.8E-8
815,1.01E-7
816,1.04E-7
817,1.28E-7
818,9.8E-8
819,9.6E-8
820,1.04E-7
821,1.16E-7
822,1.06E-7
823,5.983E-6
824,1.18E-7
825,1.01E-7
826,1.09E-7
827,1.2358E-5
828,1.07E-7
829,1.05E-7
830,1.1E-7
831,1.13E-7
832,1.13E-7
833,1.01E-7
834,1.05E-7
835,1.06E-7
836,1.0E-7
837,1.02E-7
838,1.09E-7
839,1.04E-7
840,1.11E-7
841,1.25E-7
842,1.03E-7
843,9.7E-8
844,1.08E-7
845,1.07E-7
846,1.14E-7
847,1.04E-7
848,1.05E-7
849,1.15E-7
850,1.08E-7
851,1.02E-7
852,1.08E-7
853,1.04E-7
854,1.04E-7
855,9.5E-8
856,1.06E-7
857,1.01E-7
858,1.01E-7
859,1.15E-7
860,9.5E-8
861,1.02E-7
862,9.6E-8
863,1.25E-7
864,1.03E-7
865,1.03E-7
866,9.9E-8
867,1.02E-7
868,1.06E-7
869,1.4184E-5
870,1.0E-7
871,1.0632E-5
872,1.04E-7
873,1.2E-7
874,1.08E-7
875,1.22E-7
876,1.01E-7
877,1.14E-7
878,1.03E-7
879,1.12E-7
880,1.06E-7
881,1.12E-7
882,1.09E-7
883,1.09E-7
884,1.0E-7
885,7.249E-6
886,1.3123E-5
887,1.0E-7
888,1.08E-7
889,1.04E-7
890,9.3E-8
891,1.03E-7
892,9.7E-8
893,1.07E-7
894,1.07E-7
895,1.14E-7
896,1.22E-7
897,1.3859E-5
898,1.0E-7
899,9.9E-8
900,1.03E-7
901,1.01E-7
902,1.0364E-5
903,1.15E-7
904,9.6E-8
905,1.07E-7
906,1.3E-7
907,1.15E-7
908,1.04E-7
909,1.06E-7
910,1.01E-7
911,9.6E-8
912,1.3153E-5
913,1.06E-7
914,1.04E-7
915,1.08E-7
916,9.7E-8
917,1.0E-7
918,9.8E-8
919,1.03E-7
920,1.09E-7
921,1.04E-7
922,1.0373E-5
923,1.12E-7
924,1.16E-7
925,9.8E-8
926,1.6143E-5
927,9.9E-8
928,1.03E-7
929,9.9E-8
930,8.194E-6
931,9.6E-8
932,1.04E-7
933,1.11E-7
934,8.404E-6
935,1.08E-7
936,1.03E-7
937,1.05E-7
938,3.5359E-5
939,8.728E-6
940,1.2102E-5
941,1.01E-7
942,8.86E-6
943,1.15E-7
944,1.04E-7
945,1.01E-7
946,1.03E-7
947,1.18E-7
948,1.0E-7
949,1.14E-7
950,1.16E-7
951,1.03E-7
952,1.556E-5
953,1.1E-7
954,1.02E-7
955,1.02E-7
956,1.06E-7
957,1.02E-7
958,1.23E-7
959,1.1E-7
960,1.08E-7
961,9.8E-8
962,1.17E-7
963,1.09E-7
964,1.02E-7
965,9.6E-8
966,1.18E-7
967,1.15E-7
968,0.037060732
969,9.8E-8
970,9.9E-8
971,1.01E-7
972,8.204E-6
973,1.02E-7
974,1.8842E-5
975,9.9E-8
976,1.243E-5
977,1.9303E-5
978,8.1E-6
979,1.01E-7
980,1.07E-7
981,8.66E-6
982,8.31E-6
983,1.3422E-5
984,1.05E-7
985,1.08E-7
986,1.11E-7
987,9.293E-6
988,1.04E-7
989,9.2E-8
990,1.32E-7
991,9.9E-8
992,8.572E-6
993,1.13E-7
994,1.2645E-5
995,1.02E-7
996,1.27E-7
997,1.17E-7
998,1.1E-7
999,1.015E-5
1000,1.01E-7
1001,7.874E-6
1002,1.03E-7
1003,1.0E-7
1004,1.0E-7
1005,1.07E-7
1006,1.2202E-5
1007,1.0E-7
1008,9.9E-8
1009,1.751E-5
1010,1.1E-7
1011,9.4E-8
1012,9.669E-6
1013,1.03E-7
1014,1.01E-7
1015,0.017205094
1016,1.03E-7
1017,1.16E-7
1018,8.992E-6
1019,1.6362E-5
1020,1.13E-7
1021,1.1907E-5
1022,1.12E-7
1023,1.08E-7
1024,8.155E-6
1025,1.0E-7
1026,1.0E-7
1027,9.8E-8
1028,1.1E-7
1029,9.8E-8
1030,1.05E-7
1031,1.04E-7
1032,1.03E-7
1033,1.05E-7
1034,1.05E-7
1035,1.0E-7
1036,9.9E-8
1037,1.07E-7
1038,1.11E-7
1039,1.13E-7
1040,9.6E-8
1041,1.03E-7
1042,1.09E-7
1043,1.02E-7
1044,1.12E-7
1045,0.061636642
1046,1.7028E-5
1047,1.06E-7
1048,1.18E-7
1049,1.1E-7
1050,9.9E-8
1051,1.25E-7
1052,1.1E-7
1053,1.05E-7
1054,1.0164E-5
1055,1.02E-7
1056,1.29E-7
1057,6.935E-6
1058,1.01E-7
1059,1.02E-7
1060,1.41E-7
1061,1.09E-7
1062,1.22E-7
1063,1.07E-7
1064,1.08E-7
1065,9.6E-8
1066,9.5E-8
1067,1.06E-7
1068,1.03E-7
1069,1.02E-7
1070,1.6737E-5
1071,1.3646E-5
1072,1.23E-7
1073,1.02E-7
1074,1.04E-7
1075,1.0073E-5
1076,7.195E-6
1077,1.07E-7
1078,1.0E-7
1079,1.05E-7
1080,1.08E-7
1081,8.534E-6
1082,1.04E-7
1083,1.1E-7
1084,1.13E-7
1085,0.001128233
1086,1.08E-7
1087,1.08E-7
1088,9.5E-8
1089,1.37E-7
1090,1.02E-7
1091,8.677E-6
1092,1.28E-7
1093,9.8E-8
1094,1.6101E-5
1095,1.16E-7
1096,1.01E-7
1097,1.2854E-5
1098,1.18E-7
1099,9.7E-8
1100,9.517E-6
1101,9.6E-8
1102,9.562E-6
1103,1.06E-7
1104,1.13E-7
1105,1.04E-7
1106,1.2E-7
1107,1.08E-7
1108,1.06E-7
1109,7.914E-6
1110,1.13E-7
1111,1.0E-7
1112,9.9E-8
1113,1.2E-7
1114,1.0E-7
1115,8.978E-6
1116,1.19E-7
1117,1.06E-7
1118,1.02E-7
1119,1.0E-7
1120,1.12E-7
1121,1.19E-7
1122,1.01E-7
1123,1.15E-7
1124,9.9E-8
1125,1.11E-7
1126,1.13E-7
1127,1.04E-7
1128,9.8E-8
1129,9.899E-6
1130,1.0E-7
1131,9.52E-6
1132,1.33E-7
1133,1.28E-7
1134,1.1E-7
1135,9.052E-6
1136,9.9E-8
1137,1.2E-7
1138,1.05E-7
1139,6.786E-6
1140,1.32E-7
1141,9.9E-8
1142,1.02E-7
1143,1.07E-7
1144,1.0E-7
1145,1.06E-7
1146,1.04E-7
1147,1.01E-7
1148,1.4069E-5
1149,1.09E-7
1150,1.4E-7
1151,1.03E-7
1152,1.01E-7
1153,1.1E-7
1154,1.08E-7
1155,9.9E-8
1156,1.07E-7
1157,1.0342E-5
1158,1.15E-7
1159,9.7E-8
1160,9.8E-8
1161,1.07E-7
1162,1.17E-7
1163,7.544E-6
1164,1.16E-7
1165,1.2916E-5
1166,9.7E-8
1167,1.0109E-5
1168,1.13E-7
1169,9.8E-8
1170,1.07E-7
1171,1.01E-7
1172,1.01E-7
1173,1.5818E-5
1174,1.03E-7
1175,1.05E-7
1176,1.05E-7
1177,9.8E-8
1178,1.04E-7
1179,1.01E-7
1180,1.02E-7
1181,1.12E-7
1182,1.04E-7
1183,1.02E-7
1184,1.01E-7
1185,1.23E-7
1186,1.05E-7
1187,1.05E-7
1188,9.651E-6
1189,1.17E-7
1190,1.16E-7
1191,1.12E-7
1192,1.14E-7
1193,1.0553E-5
1194,1.07E-7
1195,9.6E-8
1196,1.13E-7
1197,1.16E-7
1198,1.08E-7
1199,1.08E-7
1200,1.05E-7
1201,1.21E-7
1202,1.25E-7
1203,1.1679E-5
1204,1.01E-7
1205,9.9E-8
1206,1.1E-7
1207,8.7E-8
1208,9.9E-8
1209,1.3079E-5
1210,1.1E-7
1211,1.04E-7
1212,7.481E-6
1213,1.03E-7
1214,1.03E-7
1215,1.0506E-5
1216,1.03E-7
1217,9.6E-8
1218,7.935E-6
1219,1.02E-7
1220,9.8E-8
1221,9.57E-6
1222,1.1E-7
1223,1.4E-7
1224,9.7E-8
1225,1.2E-7
1226,9.148E-6
1227,9.8E-8
1228,1.06E-7
1229,1.4E-7
1230,9.214E-6
1231,2.3639E-5
1232,1.03E-7
1233,1.0E-7
1234,1.05E-7
1235,1.11E-7
1236,1.02E-7
1237,1.21E-7
1238,1.09E-7
1239,2.3629E-5
1240,9.9E-8
1241,1.03E-7
1242,1.15E-7
1243,1.09E-7
1244,9.608E-6
1245,8.959E-6
1246,1.01E-7
1247,1.0672E-5
1248,9.9E-8
1249,1.23E-7
1250,1.17E-7
1251,1.07E-7
1252,1.08E-7
1253,9.064E-6
1254,9.5E-8
1255,1.1E-7
1256,1.07E-7
1257,1.07E-7
1258,9.9E-8
1259,1.1108E-5
1260,1.04E-7
1261,1.0E-7
1262,1.2E-7
1263,1.12E-7
1264,6.224E-6
1265,9.7E-8
1266,1.0E-7
1267,1.08E-7
1268,1.17E-7
1269,9.4E-8
1270,9.7E-8
1271,1.3238E-5
1272,9.436E-6
1273,9.8E-8
1274,1.09E-7
1275,1.04E-7
1276,9.4E-8
1277,1.09E-7
1278,9.8E-8
1279,1.0E-7
1280,9.8E-8
1281,1.02E-7
1282,1.04E-7
1283,1.02E-7
1284,1.15E-7
1285,1.02E-7
1286,1.06E-7
1287,1.03E-7
1288,1.09E-7
1289,1.04E-7
1290,1.01E-7
1291,1.2614E-5
1292,7.518E-6
1293,1.5637E-5
1294,1.04E-7
1295,1.01E-7
1296,1.7395E-5
1297,1.0E-7
1298,8.807E-6
1299,9.9E-8
1300,1.1823E-5
1301,1.17E-7
1302,1.227E-5
1303,1.7514E-5
1304,1.07E-7
1305,8.911E-6
1306,1.05E-7
1307,1.097E-5
1308,1.19E-7
1309,9.6E-8
1310,1.02E-7
1311,1.01E-7
1312,1.04E-7
1313,1.03E-7
1314,1.0E-7
1315,1.23E-7
1316,1.08E-7
1317,9.8E-8
1318,1.4843E-5
1319,1.04E-7
1320,1.01E-7
1321,1.14E-7
1322,9.232E-6
1323,1.0E-7
1324,1.05E-7
1325,1.4074E-5
1326,1.06E-7
1327,1.26E-7
1328,1.05E-7
1329,1.07E-7
1330,1.2E-7
1331,1.06E-7
1332,8.203E-6
1333,1.35E-7
1334,1.299E-5
1335,1.03E-7
1336,1.05E-7
1337,1.0E-7
1338,1.13E-7
1339,1.0622E-5
1340,9.8E-8
1341,9.9E-8
1342,1.11E-7
1343,9.4E-8
1344,9.7E-8
1345,1.7207E-5
1346,1.1E-7
1347,1.01E-7
1348,1.11E-7
1349,1.06E-7
1350,1.2E-7
1351,1.03E-7
1352,1.525E-5
1353,1.14E-7
1354,1.08E-7
1355,2.6291E-5
1356,9.9E-8
1357,1.0E-7
1358,9.9E-8
1359,1.01E-7
1360,3.5023E-5
1361,1.04E-7
1362,1.14E-7
1363,1.23E-7
1364,1.03E-7
1365,1.3461E-5
1366,1.16E-7
1367,1.09E-7
1368,1.15E-7
1369,1.08E-7
1370,1.03E-7
1371,1.12E-7
1372,1.08E-7
1373,1.04E-7
1374,1.01E-7
1375,1.04E-7
1376,1.0E-7
1377,9.951E-6
1378,9.9E-8
1379,1.02E-7
1380,1.7023E-5
1381,1.01E-7
1382,1.2492E-5
1383,1.01E-7
1384,1.06E-7
1385,1.04E-7
1386,9.8E-8
1387,1.25E-7
1388,9.9E-8
1389,1.08E-7
1390,1.04E-7
1391,7.708E-6
1392,1.07E-7
1393,1.5869E-5
1394,1.0E-7
1395,9.8E-8
1396,1.04E-7
1397,9.7E-8
1398,9.7E-8
1399,0.051601011
1400,1.04E-7
1401,9.139E-6
1402,1.16E-7
1403,1.5231E-5
1404,1.16E-7
1405,1.96E-7
1406,1.0604E-5
1407,1.01E-7
1408,1.05E-7
1409,1.02E-7
1410,1.07E-7
1411,1.05E-7
1412,1.09E-7
1413,1.11E-7
1414,1.13E-7
1415,1.31E-7
1416,1.0491E-5
1417,1.03E-7
1418,1.14E-7
1419,1.2E-7
1420,1.06E-7
1421,1.0E-7
1422,1.08E-7
1423,9.4E-8
1424,1.03E-7
1425,1.04E-7
1426,1.04E-7
1427,1.02E-7
1428,1.8887E-5
1429,9.749E-6
1430,1.01E-7
1431,1.03E-7
1432,1.29E-7
1433,1.26E-7
1434,1.03E-7
1435,7.854E-6
1436,9.9E-8
1437,1.04E-7
1438,7.919E-6
1439,1.02E-7
1440,1.05E-7
1441,1.21E-7
1442,1.07E-7
1443,1.2922E-5
1444,1.24E-7
1445,1.14E-7
1446,1.29E-7
1447,1.14E-7
1448,1.02E-7
1449,1.01E-7
1450,1.09E-7
1451,1.38E-7
1452,1.09E-7
1453,1.0904E-5
1454,1.09E-7
1455,1.24E-7
1456,1.4703E-5
1457,9.6E-8
1458,9.7E-8
1459,1.15E-7
1460,1.02E-7
1461,1.3199E-5
1462,1.08E-7
1463,1.03E-7
1464,1.02E-7
1465,1.08E-7
1466,1.09E-7
1467,1.06E-5
1468,9.8E-8
1469,1.03E-7
1470,1.06E-7
1471,1.04E-7
1472,8.029E-6
1473,1.7689E-5
1474,1.05E-7
1475,1.1E-7
1476,9.2E-8
1477,1.22E-7
1478,1.1962E-5
1479,6.739E-6
1480,1.01E-7
1481,1.07E-7
1482,8.004E-6
1483,9.9E-8
1484,1.11E-7
1485,1.08E-7
1486,1.5922E-5
1487,1.2E-7
1488,1.4962E-5
1489,1.09E-7
1490,1.04E-7
1491,1.14E-7
1492,1.17E-7
1493,1.13E-7
1494,9.5E-8
1495,1.0108E-5
1496,1.23E-7
1497,1.18E-7
1498,1.06E-7
1499,1.31E-7
1500,1.0643E-5
1501,1.06E-7
1502,1.12E-7
1503,1.05E-7
1504,1.01E-7
1505,1.0E-7
1506,1.05E-7
1507,1.5268E-5
1508,1.7525E-5
1509,1.22E-7
1510,1.17E-7
1511,2.6765E-5
1512,1.13E-7
1513,1.15E-7
1514,9.425E-6
1515,1.09E-7
1516,1.07E-7
1517,9.5E-8
1518,9.6E-8
1519,1.18E-7
1520,1.08E-7
1521,1.11E-7
1522,9.8E-8
1523,1.04E-7
1524,1.04E-7
1525,1.1212E-5
1526,1.03E-7
1527,1.18E-7
1528,9.4E-8
1529,1.01E-7
1530,1.51E-7
1531,1.0E-7
1532,1.04E-7
1533,1.11E-7
1534,8.809E-6
1535,1.11E-7
1536,9.8E-8
1537,1.3E-7
1538,1.19E-7
1539,9.8E-8
1540,1.05E-7
1541,7.904E-6
1542,1.08E-7
1543,9.073E-6
1544,1.51E-7
1545,1.1E-7
1546,1.04E-7
1547,1.24E-7
1548,1.02E-7
1549,1.1E-7
1550,9.068E-6
1551,1.12E-7
1552,1.0E-7
1553,6.995E-6
1554,1.3E-7
1555,1.6562E-5
1556,1.05E-7
1557,1.5089E-5
1558,1.04E-7
1559,1.04E-7
1560,7.862E-6
1561,1.0186E-5
1562,1.06E-7
1563,1.04E-7
1564,9.487E-6
1565,1.04E-7
1566,1.11E-7
1567,1.0987E-5
1568,9.8E-8
1569,7.662E-6
1570,1.887E-5
1571,1.1383E-5
1572,1.26E-7
1573,1.11E-7
1574,1.05E-7
1575,1.05E-7
1576,7.837E-6
1577,1.18E-7
1578,9.08E-6
1579,1.1E-7
1580,1.0E-7
1581,1.02E-7
1582,1.24E-7
1583,9.8E-8
1584,9.3E-8
1585,1.12E-7
1586,8.95E-6
1587,1.15E-7
1588,9.8E-8
1589,1.05E-7
1590,1.8529E-5
1591,1.017E-5
1592,1.03E-7
1593,1.01E-7
1594,1.02E-7
1595,1.06E-7
1596,7.253E-6
1597,1.08E-7
1598,7.573E-6
1599,1.15E-7
1600,1.3E-7
1601,1.0E-7
1602,1.02E-7
1603,1.01E-7
1604,1.05E-7
1605,9.7E-8
1606,9.873E-6
1607,1.09E-7
1608,7.665E-6
1609,1.489E-6
1610,1.06E-7
1611,1.04E-7
1612,1.11E-7
1613,1.1E-7
1614,1.03E-7
1615,1.4466E-5
1616,8.891E-6
1617,1.2134E-5
1618,1.41E-7
1619,1.04E-7
1620,1.04E-7
1621,1.11E-7
1622,9.5E-8
1623,9.8E-8
1624,1.1389E-5
1625,6.759E-6
1626,1.8922E-5
1627,9.9E-8
1628,8.328E-6
1629,1.07E-7
1630,0.025056371
1631,2.8568E-5
1632,1.03E-7
1633,1.12E-7
1634,1.158E-5
1635,1.04E-7
1636,1.07E-7
1637,7.87E-6
1638,1.16E-7
1639,1.16E-7
1640,1.0E-7
1641,1.06E-7
1642,9.8E-8
1643,1.01E-7
1644,1.04E-7
1645,1.0301E-5
1646,9.9E-8
1647,9.6E-8
1648,1.19E-7
1649,1.18E-7
1650,1.28E-7
1651,1.05E-7
1652,7.226E-6
1653,1.16E-7
1654,9.8E-8
1655,9.7E-8
1656,1.01E-7
1657,9.7E-8
1658,1.06E-7
1659,1.2911E-5
1660,1.12E-7
1661,7.511E-6
1662,1.15E-7
1663,7.826E-6
1664,1.12E-7
1665,1.1E-7
1666,7.413E-6
1667,1.03E-7
1668,1.06E-7
1669,6.728E-6
1670,1.0813E-5
1671,1.02E-7
1672,1.07E-7
1673,7.858E-6
1674,1.0E-7
1675,2.0019E-5
1676,1.12E-7
1677,9.446E-6
1678,1.07E-7
1679,1.12E-7
1680,7.913E-6
1681,9.9E-8
1682,1.0653E-5
1683,1.04E-7
1684,1.04E-7
1685,1.13E-7
1686,1.688E-5
1687,1.06E-7
1688,8.059E-6
1689,1.12E-7
1690,9.463E-6
1691,1.02E-7
1692,9.8E-8
1693,1.04E-7
1694,1.32E-7
1695,8.236E-6
1696,9.942E-6
1697,8.308E-6
1698,1.07E-7
1699,1.0E-7
1700,1.07E-7
1701,1.07E-7
1702,1.06E-7
1703,1.11E-7
1704,1.17E-7
1705,9.8E-8
1706,1.08E-7
1707,1.12E-7
1708,9.8E-8
1709,0.40978933
1710,2.5692E-5
1711,9.6E-8
1712,1.07E-7
1713,1.8256E-5
1714,1.6505E-5
1715,1.01E-7
1716,8.306E-6
1717,1.11E-7
1718,1.12E-7
1719,1.5551E-5
1720,9.8E-8
1721,9.8E-8
1722,1.03E-7
1723,1.22E-7
1724,1.2E-7
1725,1.01E-7
1726,1.6786E-5
1727,1.22E-7
1728,9.6E-8
1729,1.04E-7
1730,1.02E-7
1731,1.08E-7
1732,1.0E-7
1733,1.05E-7
1734,9.9E-8
1735,1.1337E-5
1736,8.395E-6
1737,9.6E-8
1738,9.7E-8
1739,9.4E-8
1740,1.01E-7
1741,9.6E-8
1742,1.13E-7
1743,7.465E-6
1744,1.06E-7
1745,1.2E-7
1746,1.19E-7
1747,9.9E-8
1748,9.06E-6
1749,6.174E-6
1750,1.1E-7
1751,1.05E-7
1752,1.07E-7
1753,1.08E-7
1754,9.936E-6
1755,1.03E-7
1756,1.0E-7
1757,9.463E-6
1758,8.375E-6
1759,1.0E-7
1760,1.6963E-5
1761,1.1715E-5
1762,9.7E-8
1763,1.04E-7
1764,1.3463E-5
1765,9.8E-8
1766,9.9E-8
1767,1.3969E-5
1768,1.08E-7
1769,0.04712611
1770,8.856E-6
1771,1.1809E-5
1772,1.2E-7
1773,1.3622E-5
1774,9.32E-6
1775,1.06E-7
1776,1.07E-7
1777,9.8E-8
1778,1.07E-7
1779,1.0E-7
1780,1.306E-5
1781,1.07E-7
1782,1.02E-7
1783,8.718E-6
1784,1.04E-7
1785,1.14E-7
1786,1.8761E-5
1787,1.9348E-5
1788,1.04E-7
1789,5.82E-6
1790,1.1711E-5
1791,1.5615E-5
1792,1.02E-7
1793,9.7E-8
1794,1.03E-7
1795,9.9E-8
1796,1.6141E-5
1797,1.14E-7
1798,0.002569511
1799,2.1805E-5
1800,8.354E-6
1801,1.1256E-5
1802,9.5E-8
1803,1.06E-7
1804,1.05E-7
1805,1.08E-7
1806,9.4E-8
1807,9.5E-8
1808,1.2E-7
1809,9.7E-8
1810,1.03E-7
1811,9.7E-8
1812,1.02E-7
1813,1.4237E-5
1814,1.01E-7
1815,9.5E-8
1816,9.8E-8
1817,1.08E-7
1818,6.559E-6
1819,1.15E-7
1820,1.16E-7
1821,7.767E-6
1822,1.03E-7
1823,1.27E-7
1824,1.2048E-5
1825,1.0931E-5
1826,1.01E-7
1827,1.25E-7
1828,7.832E-6
1829,1.0E-7
1830,1.12E-7
1831,2.6538E-5
1832,9.8E-8
1833,1.05E-7
1834,1.01E-7
1835,9.9E-8
1836,1.18E-7
1837,1.02E-7
1838,1.2771E-5
1839,1.13E-7
1840,1.02E-7
1841,1.231E-5
1842,1.05E-7
1843,8.931E-6
1844,1.14E-7
1845,1.18E-7
1846,1.5205E-5
1847,9.206E-6
1848,1.21E-7
1849,1.06E-7
1850,1.2276E-5
1851,9.033E-6
1852,1.01E-7
1853,1.08E-7
1854,1.04E-7
1855,7.783E-6
1856,9.6E-8
1857,1.22E-7
1858,1.1917E-5
1859,7.32E-6
1860,1.06E-7
1861,1.23E-7
1862,1.24E-7
1863,9.7E-8
1864,1.2121E-5
1865,1.16E-7
1866,9.9E-8
1867,8.111E-6
1868,1.36E-7
1869,1.07E-7
1870,1.07E-7
1871,1.4064E-5
1872,7.055E-6
1873,1.19E-7
1874,1.06E-7
1875,1.0969E-5
1876,1.1009E-5
1877,7.107E-6
1878,1.2949E-5
1879,9.5E-8
1880,1.18E-7
1881,1.0E-7
1882,1.09E-7
1883,0.002002909
1884,1.08E-7
1885,8.353E-6
1886,9.8E-8
1887,1.5812E-5
1888,9.235E-6
1889,7.162E-6
1890,1.02E-7
1891,9.9E-8
1892,1.03E-7
1893,1.06E-7
1894,9.9E-8
1895,9.9E-8
1896,1.3689E-5
1897,9.9E-8
1898,1.06E-7
1899,1.09E-7
1900,1.07E-7
1901,1.09E-7
1902,1.06E-7
1903,1.884E-5
1904,1.1412E-5
1905,1.01E-7
1906,5.956E-6
1907,1.14E-7
1908,9.266E-6
1909,1.03E-7
1910,9.9E-8
1911,1.1E-7
1912,1.04E-7
1913,9.476E-6
1914,1.05E-7
1915,9.0E-8
1916,1.04E-7
1917,1.11E-7
1918,8.663E-6
1919,1.02E-7
1920,7.354E-6
1921,1.06E-7
1922,9.035E-6
1923,1.6854E-5
1924,8.275E-6
1925,9.86E-6
1926,1.02E-7
1927,1.15E-7
1928,1.13E-7
1929,1.01E-7
1930,1.1E-7
1931,9.8E-8
1932,1.0698E-5
1933,1.2177E-5
1934,1.16E-7
1935,7.829E-6
1936,1.0E-7
1937,7.709E-6
1938,1.05E-7
1939,1.0537E-5
1940,1.3101E-5
1941,1.04E-7
1942,1.3662E-5
1943,1.1191E-5
1944,1.03E-7
1945,1.3159E-5
1946,1.27E-7
1947,7.465E-6
1948,1.13E-7
1949,1.06E-7
1950,1.07E-7
1951,1.0E-7
1952,1.21E-7
1953,1.11E-7
1954,1.09E-7
1955,1.0E-7
1956,1.14E-7
1957,9.6E-8
1958,1.0E-7
1959,9.6E-8
1960,2.3543E-5
1961,1.11E-7
1962,9.9E-8
1963,1.9212E-5
1964,1.06E-7
1965,2.5209E-5
1966,7.1E-6
1967,1.15E-7
1968,9.7E-8
1969,9.3E-8
1970,9.327E-6
1971,1.1237E-5
1972,1.15E-7
1973,1.04E-7
1974,1.3061E-5
1975,1.12E-7
1976,1.06E-7
1977,1.1744E-5
1978,9.7E-8
1979,1.1E-7
1980,1.5514E-5
1981,1.07E-7
1982,1.12E-7
1983,1.09E-7
1984,1.03E-7
1985,1.31E-7
1986,1.01E-7
1987,7.994E-6
1988,1.03E-7
1989,1.19E-7
1990,3.4388E-5
1991,1.03E-7
1992,1.17E-7
1993,1.02E-7
1994,1.05E-7
1995,1.39E-7
1996,1.02E-5
1997,1.32E-7
1998,1.02E-7
1999,1.01E-7
2000,1.06E-7
2001,1.1658E-5
2002,1.12E-7
2003,5.548E-6
2004,1.09E-7
2005,1.18E-7
2006,1.15E-7
2007,1.1448E-5
2008,1.07E-7
2009,9.9E-8
2010,1.02E-7
2011,6.725E-6
2012,1.22E-7
2013,1.03E-7
2014,1.3105E-5
2015,8.324E-6
2016,1.1E-7
2017,9.9E-8
2018,1.15E-7
2019,1.06E-7
2020,9.7E-8
2021,1.03E-7
2022,7.935E-6
2023,1.04E-7
2024,1.01E-7
2025,1.2E-7
2026,1.17E-7
2027,1.03E-7
2028,1.07E-7
2029,3.3523E-5
2030,2.7182E-5
2031,1.08E-7
2032,1.4085E-5
2033,1.02E-7
2034,1.08E-7
2035,9.42E-6
2036,9.9E-8
2037,1.0E-7
2038,1.01E-7
2039,1.2E-7
2040,1.14E-7
2041,1.01E-7
2042,1.1E-7
2043,9.8E-8
2044,1.14E-7
2045,1.0045E-5
2046,1.08E-7
2047,1.06E-7
2048,8.114E-6
2049,1.04E-7
2050,9.7E-8
2051,2.1094E-5
2052,1.06E-7
2053,1.1807E-5
2054,1.7795E-5
2055,1.11E-7
2056,1.0E-7
2057,1.01E-7
2058,1.2E-7
2059,1.17E-7
2060,1.03E-7
2061,1.07E-7
2062,1.03E-7
2063,1.2263E-5
2064,1.09E-7
2065,1.02E-7
2066,1.2E-7
2067,1.05E-7
2068,9.8E-8
2069,1.11E-7
2070,3.4746E-5
2071,1.08E-7
2072,9.882E-6
2073,9.8E-8
2074,9.6E-8
2075,1.28E-7
2076,1.3658E-5
2077,9.774E-6
2078,1.12E-7
2079,9.4E-8
2080,1.01E-7
2081,1.02E-7
2082,1.162E-5
2083,1.29E-7
2084,1.06E-7
2085,9.8E-8
2086,1.27E-7
2087,1.4E-7
2088,1.39E-7
2089,1.4649E-5
2090,1.05E-7
2091,1.22E-7
2092,1.08E-7
2093,1.02E-7
2094,1.27E-7
2095,1.15E-7
2096,1.17E-7
2097,1.01E-7
2098,9.6E-8
2099,1.12E-7
2100,1.01E-7
2101,1.02E-7
2102,1.0E-7
2103,9.7E-8
2104,0.008995731
2105,1.07E-7
2106,8.153E-6
2107,1.01E-7
2108,1.11E-7
2109,1.05E-7
2110,1.02E-7
2111,1.03E-7
2112,8.52E-6
2113,1.12E-7
2114,1.07E-7
2115,1.1962E-5
2116,9.4E-8
2117,1.14E-7
2118,1.14E-7
2119,1.22E-7
2120,1.6815E-5
2121,1.04E-7
2122,9.146E-6
2123,1.19E-7
2124,5.92E-6
2125,9.5E-8
2126,1.13E-7
2127,1.9424E-5
2128,1.15E-7
2129,3.4246E-5
2130,1.02E-7
2131,9.7E-8
2132,2.0801E-5
2133,1.08E-7
2134,1.07E-7
2135,9.9E-6
2136,6.875E-6
2137,9.6E-8
2138,8.01097E-4
2139,9.8E-8
2140,1.11E-7
2141,1.24E-7
2142,1.24E-7
2143,1.23E-7
2144,1.12E-7
2145,1.6582E-5
2146,1.2198E-5
2147,1.26E-7
2148,9.3E-8
2149,1.03E-7
2150,7.099E-6
2151,3.2286E-5
2152,9.801E-6
2153,8.184E-6
2154,1.04E-7
2155,1.2929E-5
2156,1.0E-7
2157,1.03E-7
2158,1.0683E-5
2159,1.06E-7
2160,1.04E-7
2161,1.19E-7
2162,2.5227E-5
2163,1.2217E-5
2164,1.12E-7
2165,1.0607E-5
2166,1.09E-7
2167,1.4334E-5
2168,1.4865E-5
2169,1.04E-7
2170,1.02E-7
2171,9.7E-8
2172,1.042E-5
2173,1.1032E-5
2174,1.19E-7
2175,1.12E-7
2176,1.03E-7
2177,3.8059E-5
2178,7.564E-6
2179,1.1E-7
2180,9.1E-8
2181,1.03E-7
2182,9.8E-8
2183,1.14E-7
2184,9.4E-8
2185,1.11E-7
2186,0.002389572
2187,1.0263E-5
2188,1.06E-7
2189,1.3356E-5
2190,3.3203E-5
2191,9.9E-8
2192,1.12E-7
2193,1.19E-7
2194,1.0091E-5
2195,1.0274E-5
2196,1.01E-7
2197,1.02E-7
2198,1.5246E-5
2199,1.0724E-5
2200,1.01E-7
2201,1.04E-7
2202,1.343E-6
2203,1.08E-7
2204,1.1336E-5
2205,9.523E-6
2206,1.31E-7
2207,1.07E-7
2208,1.03E-7
2209,9.6E-8
2210,1.47E-7
2211,1.03E-7
2212,1.02E-7
2213,1.06E-7
2214,1.0325E-5
2215,9.074E-6
2216,1.16E-7
2217,1.0954E-5
2218,9.5E-8
2219,1.14E-7
2220,1.25E-7
2221,1.12E-7
2222,1.06E-7
2223,1.13E-7
2224,1.02E-7
2225,1.7024E-5
2226,1.2855E-5
2227,9.9E-8
2228,9.774E-6
2229,1.04E-7
2230,1.16E-7
2231,2.0178E-5
2232,8.887E-6
2233,1.05E-7
2234,1.19E-7
2235,7.871E-6
2236,1.06E-7
2237,9.7E-8
2238,1.01E-7
2239,1.0E-7
2240,1.01E-7
2241,8.955E-6
2242,9.741E-6
2243,1.06E-7
2244,1.3617E-5
2245,0.001339398
2246,9.9E-8
2247,1.08E-7
2248,9.313E-6
2249,1.07E-7
2250,9.8E-8
2251,1.01E-7
2252,1.1443E-5
2253,1.08E-7
2254,1.9599E-5
2255,1.23E-7
2256,9.987E-6
2257,9.7E-8
2258,1.2899E-5
2259,9.9E-8
2260,1.7249E-5
2261,1.07E-7
2262,9.938E-6
2263,8.455E-6
2264,1.14E-7
2265,9.393E-6
2266,1.8796E-5
2267,9.6E-8
2268,1.2204E-5
2269,8.542E-6
2270,1.13E-7
2271,1.17E-7
2272,1.18E-7
2273,1.0292E-5
2274,1.6069E-5
2275,1.18E-7
2276,1.1731E-5
2277,9.4E-8
2278,1.14E-7
2279,1.06E-7
2280,1.4885E-5
2281,1.12E-7
2282,9.9E-8
2283,1.6703E-5
2284,9.712E-6
2285,1.12E-7
2286,1.08E-7
2287,9.9E-8
2288,1.1001E-5
2289,1.0254E-5
2290,1.3949E-5
2291,9.9E-8
2292,1.13E-7
2293,1.01E-7
2294,9.9E-8
2295,1.06E-7
2296,0.004323278
2297,1.05E-7
2298,1.15E-7
2299,1.21E-7
2300,1.1E-7
2301,3.2039E-5
2302,9.7E-8
2303,1.1E-7
2304,1.05E-7
2305,1.01E-7
2306,1.27E-7
2307,1.0597E-5
2308,8.537E-6
2309,1.02E-7
2310,1.06E-7
2311,1.02E-7
2312,1.3611E-5
2313,1.21E-7
2314,1.07E-7
2315,1.04E-7
2316,1.34E-7
2317,1.17E-7
2318,2.7611E-5
2319,1.05E-7
2320,1.17E-7
2321,1.0378E-5
2322,1.07E-7
2323,1.08E-7
2324,1.2284E-5
2325,9.7E-8
2326,1.0E-7
2327,9.7E-8
2328,1.07E-7
2329,1.02E-7
2330,1.09E-7
2331,1.999E-5
2332,1.11E-7
2333,1.08E-7
2334,7.168E-6
2335,1.3841E-5
2336,1.09E-7
2337,9.8E-8
2338,1.04E-7
2339,1.2274E-5
2340,1.04E-7
2341,1.09E-7
2342,1.06E-7
2343,1.03E-7
2344,1.385E-5
2345,9.7E-8
2346,1.0E-7
2347,9.305E-6
2348,1.1E-7
2349,9.5E-8
2350,1.02E-7
2351,1.03E-7
2352,1.0366E-5
2353,2.2874E-5
2354,9.8E-8
2355,1.2342E-5
2356,1.06E-7
2357,9.7E-8
2358,2.2238E-5
2359,1.06E-7
2360,1.06E-7
2361,1.4485E-5
2362,1.04E-7
2363,1.07E-7
2364,1.01E-7
2365,1.09E-7
2366,9.3E-8
2367,1.08E-7
2368,9.172E-6
2369,1.09E-7
2370,6.803E-6
2371,9.6E-8
2372,7.95E-6
2373,1.04E-7
2374,9.4E-8
2375,1.04E-7
2376,8.496E-6
2377,7.192E-6
2378,1.09E-7
2379,9.9E-8
2380,1.04E-7
2381,1.14E-7
2382,1.2E-7
2383,1.07E-7
2384,1.26E-7
2385,1.02E-7
2386,1.2569E-5
2387,1.06E-7
2388,6.681E-6
2389,1.08E-7
2390,1.16E-7
2391,1.13E-7
2392,9.9E-8
2393,9.9E-8
2394,1.01E-7
2395,9.6E-8
2396,1.2602E-5
2397,1.1802E-5
2398,1.05E-7
2399,1.02E-7
2400,1.06E-7
2401,1.02E-7
2402,1.03E-7
2403,1.1057E-5
2404,1.07E-7
2405,2.5352E-5
2406,1.14E-7
2407,9.9E-8
2408,1.24E-7
2409,1.61E-7
2410,1.05E-7
2411,9.8E-8
2412,9.281E-6
2413,9.9E-8
2414,1.09E-7
2415,1.04E-7
2416,1.3973E-5
2417,1.11E-7
2418,1.162E-5
2419,1.09E-7
2420,9.233E-6
2421,6.893E-6
2422,1.2126E-5
2423,1.14E-7
2424,1.1885E-5
2425,9.8E-8
2426,1.0E-7
2427,1.3366E-5
2428,1.0311E-5
2429,1.1E-7
2430,1.1974E-5
2431,1.16E-7
2432,3.3981E-5
2433,1.1E-7
2434,1.03E-7
2435,1.0862E-5
2436,1.2473E-5
2437,2.0936E-5
2438,1.14E-7
2439,2.1438E-5
2440,9.9E-8
2441,1.06E-7
2442,1.08E-7
2443,1.03E-7
2444,1.05E-7
2445,1.1234E-5
2446,1.2E-7
2447,1.04E-7
2448,1.1E-7
2449,1.03E-7
2450,1.28E-7
2451,9.082E-6
2452,1.24E-7
2453,8.599E-6
2454,9.6E-8
2455,6.224E-6
2456,1.7879E-5
2457,1.02E-7
2458,1.1737E-5
2459,9.3E-8
2460,1.2393E-5
2461,1.8555E-5
2462,1.11E-7
2463,9.5E-8
2464,0.022056197
2465,1.5838E-5
2466,8.815E-6
2467,1.01E-7
2468,8.455E-6
2469,1.02E-7
2470,1.06E-7
2471,1.47E-7
2472,1.5871E-5
2473,1.02E-7
2474,1.2E-7
2475,1.02E-7
2476,9.576E-6
2477,9.283E-6
2478,1.2972E-5
2479,9.473E-6
2480,1.07E-7
2481,1.0224E-5
2482,1.15E-7
2483,1.18E-7
2484,1.4371E-5
2485,9.9E-8
2486,9.6E-8
2487,1.1416E-5
2488,1.13E-7
2489,9.6E-8
2490,1.09E-7
2491,1.18E-7
2492,2.8677E-5
2493,2.4542E-5
2494,9.9E-8
2495,7.594E-6
2496,1.14E-7
2497,1.9013E-5
2498,3.7433E-5
2499,0.006987605
2500,8.827E-6
2501,1.43E-7
2502,1.0103E-5
2503,2.255E-5
2504,1.278E-5
2505,1.1994E-5
2506,9.949E-6
2507,1.6112E-5
2508,1.6317E-5
2509,1.03E-7
2510,1.1805E-5
2511,1.05E-7
2512,1.01E-7
2513,9.9E-8
2514,1.12E-7
2515,8.941E-6
2516,1.16E-7
2517,1.5003E-5
2518,1.11E-7
2519,1.21E-7
2520,1.01E-7
2521,1.08E-7
2522,1.15E-7
2523,1.23E-7
2524,1.11E-7
2525,7.864E-6
2526,1.07E-7
2527,1.4378E-5
2528,1.3383E-5
2529,1.0076E-5
2530,9.8E-8
2531,8.08E-6
2532,1.27E-7
2533,2.4377E-5
2534,1.39E-7
2535,9.939E-6
2536,1.31E-7
2537,1.16E-7
2538,1.05E-7
2539,1.06E-7
2540,1.11E-7
2541,9.0E-8
2542,9.4E-8
2543,2.4058E-5
2544,1.1707E-5
2545,1.1021E-5
2546,9.797E-6
2547,1.14E-7
2548,9.9E-8
2549,9.8E-8
2550,9.7E-8
2551,1.16E-7
2552,1.2E-7
2553,8.692E-6
2554,1.2842E-5
2555,1.06E-7
2556,1.6511E-5
2557,1.1809E-5
2558,1.04E-7
2559,1.07E-7
2560,1.2149E-5
2561,9.311E-6
2562,1.12E-7
2563,1.24E-7
2564,1.05E-7
2565,1.17E-7
2566,9.7E-8
2567,1.08E-7
2568,1.06E-7
2569,1.0E-7
2570,1.07E-7
2571,7.391E-6
2572,1.2159E-5
2573,9.465E-6
2574,1.04E-7
2575,1.5083E-5
2576,2.52E-5
2577,9.4E-8
2578,1.04E-7
2579,1.0E-7
2580,9.7E-8
2581,1.03E-7
2582,1.02E-7
2583,9.6E-8
2584,1.19E-7
2585,1.241E-5
2586,1.11E-7
2587,1.0461E-5
2588,1.7515E-5
2589,9.332E-6
2590,1.0479E-5
2591,1.03E-7
2592,1.09E-7
2593,9.9E-8
2594,1.0E-7
2595,2.5314E-5
2596,1.01E-7
2597,9.8E-8
2598,1.13E-7
2599,1.15E-7
2600,9.6E-8
2601,1.0E-7
2602,1.08E-7
2603,1.21E-7
2604,1.16E-7
2605,1.03E-7
2606,9.34E-6
2607,1.11E-7
2608,9.908E-6
2609,1.14E-7
2610,1.0E-7
2611,1.03E-7
2612,1.29E-7
2613,1.24E-5
2614,1.1E-7
2615,9.8E-8
2616,1.3009E-5
2617,1.28E-7
2618,1.0126E-5
2619,1.05E-7
2620,1.07E-7
2621,1.0675E-5
2622,1.01E-7
2623,1.09E-7
2624,1.1E-7
2625,6.959E-6
2626,1.12E-7
2627,1.17E-7
2628,1.09E-7
2629,9.5E-8
2630,1.09E-7
2631,7.322E-6
2632,9.165E-6
2633,1.19E-7
2634,1.05E-7
2635,1.05E-7
2636,1.1888E-5
2637,1.03E-7
2638,1.0619E-5
2639,7.355E-6
2640,1.16E-7
2641,1.08E-7
2642,1.22E-7
2643,1.26E-7
2644,1.01E-7
2645,1.05E-7
2646,1.09E-7
2647,1.03E-7
2648,1.0966E-5
2649,9.4E-8
2650,1.0E-7
2651,1.0E-7
2652,7.272E-6
2653,1.379E-5
2654,1.26E-7
2655,1.08E-7
2656,1.01E-7
2657,1.02E-7
2658,1.29E-7
2659,1.0E-7
2660,1.72E-5
2661,1.3381E-5
2662,1.335E-5
2663,9.8E-8
2664,9.069E-6
2665,7.972E-6
2666,2.1852E-5
2667,1.0E-7
2668,1.12E-7
2669,1.07E-7
2670,1.13E-7
2671,8.945E-6
2672,1.15E-7
2673,1.02E-7
2674,2.3641E-5
2675,1.09E-7
2676,1.03E-7
2677,9.9E-8
2678,4.1584E-5
2679,1.0387E-5
2680,1.05E-7
2681,9.6E-8
2682,1.16E-7
2683,9.5E-8
2684,1.1703E-5
2685,1.03E-7
2686,1.3411E-5
2687,1.02E-7
2688,1.6138E-5
2689,1.19E-7
2690,0.006085557
2691,2.1326E-5
2692,9.5E-8
2693,9.9E-8
2694,1.3975E-5
2695,9.8E-8
2696,7.778E-6
2697,1.195E-5
2698,1.04E-7
2699,9.962E-6
2700,1.0381E-5
2701,6.739E-6
2702,1.6052E-5
2703,1.0147E-5
2704,1.06E-7
2705,1.4344E-5
2706,1.21E-7
2707,1.19E-7
2708,1.18E-7
2709,1.07E-7
2710,9.9E-8
2711,1.12E-7
2712,1.11E-7
2713,1.22E-7
2714,1.5574E-5
2715,1.14E-7
2716,1.2878E-5
2717,1.0023E-5
2718,1.12E-7
2719,1.8139E-5
2720,1.02E-7
2721,1.4671E-5
2722,1.13E-7
2723,1.01E-7
2724,2.1409E-5
2725,1.09E-7
2726,1.18E-7
2727,1.2E-7
2728,1.09E-7
2729,1.0325E-5
2730,2.3222E-5
2731,1.0E-7
2732,1.03E-7
2733,1.0472E-5
2734,9.8E-8
2735,1.0E-7
2736,1.168E-5
2737,1.05E-7
2738,1.2032E-5
2739,1.107E-5
2740,9.942E-6
2741,1.2576E-5
2742,1.1739E-5
2743,1.15E-7
2744,1.16E-7
2745,1.08E-7
2746,9.6E-8
2747,1.05E-7
2748,8.868E-6
2749,1.3099E-5
2750,9.8E-8
2751,1.06E-7
2752,2.6435E-5
2753,1.659E-5
2754,9.765E-6
2755,3.2385E-5
2756,2.0229E-5
2757,1.8499E-5
2758,1.1E-7
2759,9.7E-8
2760,9.177E-6
2761,1.0E-7
2762,8.584E-6
2763,1.0E-7
2764,1.05E-7
2765,1.4271E-5
2766,1.07E-7
2767,9.9E-8
2768,2.4892E-5
2769,1.13E-7
2770,1.0554E-5
2771,1.21E-7
2772,1.0578E-5
2773,7.171E-6
2774,1.0027E-5
2775,1.2048E-5
2776,1.1054E-5
2777,9.04E-6
2778,1.02E-7
2779,1.04E-7
2780,1.9832E-5
2781,1.1982E-5
2782,9.994E-6
2783,9.9E-8
2784,1.141E-5
2785,1.3104E-5
2786,2.1687E-5
2787,2.5833E-5
2788,1.23E-7
2789,1.03E-7
2790,9.851E-6
2791,1.15E-7
2792,9.7E-8
2793,1.01E-7
2794,7.39E-6
2795,1.03E-7
2796,1.36E-7
2797,9.8E-8
2798,1.7554E-5
2799,9.9E-8
2800,1.04E-7
2801,9.204E-6
2802,1.02E-7
2803,1.2776E-5
2804,1.07E-7
2805,1.02E-7
2806,1.06E-7
2807,2.8877E-5
2808,1.13E-7
2809,1.14E-7
2810,1.2E-7
2811,1.1813E-5
2812,1.13E-7
2813,1.0E-7
2814,9.319E-6
2815,9.203E-6
2816,1.13E-7
2817,1.7695E-5
2818,1.13E-7
2819,1.13E-7
2820,1.0E-7
2821,1.01E-7
2822,1.2198E-5
2823,1.72839E-4
2824,7.838E-6
2825,1.1E-7
2826,3.43E-5
2827,1.01E-7
2828,9.8E-8
2829,1.01E-7
2830,1.08E-7
2831,1.07E-7
2832,1.07E-7
2833,1.01E-7
2834,1.08E-7
2835,1.14E-7
2836,1.2E-7
2837,1.04E-7
2838,1.32E-7
2839,1.07E-7
2840,8.375E-6
2841,1.0046E-5
2842,1.932E-5
2843,1.01E-7
2844,9.682E-6
2845,1.1E-7
2846,7.426E-6
2847,1.09E-7
2848,1.1042E-5
2849,8.313E-6
2850,1.02E-7
2851,1.3848E-5
2852,1.03E-7
2853,1.05E-7
2854,1.07E-7
2855,9.9E-8
2856,8.17E-6
2857,9.9E-8
2858,1.12E-7
2859,1.01E-7
2860,1.1832E-5
2861,9.7E-8
2862,1.06E-7
2863,1.0173E-5
2864,1.2E-7
2865,9.8E-8
2866,1.12E-7
2867,1.24E-7
2868,3.818E-5
2869,1.02E-7
2870,1.6219E-5
2871,3.1742E-5
2872,1.04E-7
2873,2.2567E-5
2874,1.0069E-5
2875,1.19E-7
2876,1.03E-7
2877,9.7E-8
2878,1.0471E-5
2879,1.15E-7
2880,1.03E-7
2881,1.5206E-5
2882,1.26E-7
2883,1.1398E-5
2884,1.01E-7
2885,1.1E-7
2886,9.8E-8
2887,9.509E-6
2888,1.18E-7
2889,8.832E-6
2890,1.02E-7
2891,1.08E-7
2892,1.5489E-5
2893,1.01E-7
2894,1.4857E-5
2895,1.07E-7
2896,8.668E-6
2897,1.1799E-5
2898,8.211E-6
2899,9.5E-8
2900,1.32E-5
2901,1.17E-7
2902,1.1E-7
2903,1.13E-7
2904,3.3151E-5
2905,1.1256E-5
2906,2.5721E-5
2907,1.03E-7
2908,1.8057E-5
2909,1.0927E-5
2910,1.28E-7
2911,1.17E-7
2912,1.34E-7
2913,9.454E-6
2914,8.7E-6
2915,1.06E-7
2916,1.25E-7
2917,1.0639E-5
2918,1.2733E-5
2919,1.17E-7
2920,1.05E-7
2921,1.02E-7
2922,1.4545E-5
2923,1.03E-7
2924,1.16E-7
2925,1.1108E-5
2926,1.4373E-5
2927,1.1475E-5
2928,1.01E-7
2929,1.13E-7
2930,1.12E-7
2931,1.03E-7
2932,1.5105E-5
2933,1.05E-7
2934,1.05E-7
2935,2.0399E-5
2936,1.07E-7
2937,9.585E-6
2938,1.03E-7
2939,7.481E-6
2940,1.5396E-5
2941,1.2191E-5
2942,1.6782E-5
2943,1.04E-7
2944,9.9E-8
2945,1.5035E-5
2946,1.05E-7
2947,1.0018E-5
2948,1.12E-7
2949,1.0E-7
2950,1.02E-7
2951,1.0E-7
2952,1.16E-7
2953,8.337E-6
2954,1.5017E-5
2955,1.22E-7
2956,9.8E-8
2957,1.295E-5
2958,2.0266E-5
2959,1.02E-7
2960,1.2556E-5
2961,8.22712E-4
2962,8.537E-6
2963,1.22E-7
2964,1.1E-7
2965,1.0E-7
2966,1.04E-7
2967,1.14E-7
2968,2.2973E-5
2969,1.12E-7
2970,1.0E-7
2971,1.7745E-5
2972,1.4891E-5
2973,3.2044E-5
2974,9.9E-8
2975,1.02E-7
2976,1.06E-7
2977,1.0679E-5
2978,0.008569892
2979,6.961E-6
2980,1.01E-7
2981,1.04E-7
2982,9.321E-6
2983,1.32E-7
2984,8.418E-6
2985,1.03E-7
2986,1.0756E-5
2987,9.9E-8
2988,9.158E-6
2989,8.582E-6
2990,1.03E-7
2991,9.9E-8
2992,1.0E-7
2993,1.04E-7
2994,7.986E-6
2995,9.241E-6
2996,1.08E-7
2997,1.0E-7
2998,1.0E-7
2999,1.12E-7
3000,1.05E-7
3001,1.5016E-5
3002,1.2109E-5
3003,8.973E-6
3004,1.05E-7
3005,1.2949E-5
3006,1.07E-7
3007,2.3558E-5
3008,1.1166E-5
3009,9.6E-8
3010,1.1954E-5
3011,1.0064E-5
3012,1.13E-7
3013,2.1882E-5
3014,9.8E-8
3015,1.01E-7
3016,9.5E-8
3017,1.5033E-5
3018,8.321E-6
3019,6.776E-6
3020,1.1946E-5
3021,1.01E-7
3022,1.18E-7
3023,9.148E-6
3024,1.0E-7
3025,1.4393E-5
3026,1.7386E-5
3027,1.02E-7
3028,9.4E-8
3029,1.31E-6
3030,9.9E-8
3031,2.0177E-5
3032,9.063E-6
3033,1.1715E-5
3034,1.3735E-5
3035,9.9E-8
3036,1.01E-7
3037,2.2396E-5
3038,1.13E-7
3039,9.643E-6
3040,9.34E-6
3041,1.2821E-5
3042,1.01E-7
3043,9.6E-8
3044,1.12E-7
3045,9.8E-8
3046,1.0998E-5
3047,1.02E-7
3048,1.05E-7
3049,9.7E-8
3050,2.5861E-5
3051,5.884E-6
3052,1.05E-7
3053,1.5708E-5
3054,9.488E-6
3055,8.891E-6
3056,9.2E-8
3057,1.05E-7
3058,1.3552E-5
3059,1.19E-7
3060,7.232E-6
3061,1.04E-7
3062,1.8076E-5
3063,1.0003E-5
3064,1.1052E-5
3065,1.03E-7
3066,9.662E-6
3067,1.01E-7
3068,9.5E-8
3069,1.06E-7
3070,1.1262E-5
3071,1.11E-7
3072,1.6511E-5
3073,1.2691E-5
3074,8.876E-6
3075,1.02E-7
3076,2.1945E-5
3077,1.15E-7
3078,1.0189E-5
3079,1.4811E-5
3080,1.2E-7
3081,8.06E-6
3082,1.05E-7
3083,9.7E-8
3084,1.08E-7
3085,9.658E-6
3086,1.2118E-5
3087,1.18E-7
3088,1.4114E-5
3089,1.01E-7
3090,1.08E-7
3091,1.04E-7
3092,1.3547E-5
3093,1.385E-5
3094,1.1E-7
3095,1.4908E-5
3096,2.0918E-5
3097,1.14E-7
3098,1.11E-7
3099,1.0E-7
3100,1.2939E-5
3101,1.4359E-5
3102,1.6746E-5
3103,1.6424E-5
3104,1.3598E-5
3105,1.0772E-5
3106,2.1189E-5
3107,1.05E-7
3108,9.6E-8
3109,9.3E-8
3110,1.0E-7
3111,9.1E-8
3112,1.11E-7
3113,1.9338E-5
3114,1.11E-7
3115,9.7E-8
3116,2.1116E-5
3117,8.92E-6
3118,8.814E-6
3119,1.08E-7
3120,9.7E-8
3121,1.4013E-5
3122,1.06E-7
3123,1.01E-7
3124,1.0035E-5
3125,1.08E-7
3126,1.1654E-5
3127,1.03E-7
3128,6.635E-6
3129,1.03E-7
3130,2.917E-5
3131,9.8E-8
3132,9.8E-8
3133,1.03E-7
3134,9.938E-6
3135,1.04E-7
3136,1.08E-7
3137,1.15E-7
3138,1.13E-7
3139,1.07E-7
3140,1.5017E-5
3141,1.08E-7
3142,1.9071E-5
3143,9.9E-8
3144,1.15E-7
3145,1.2408E-5
3146,9.2E-8
3147,1.15E-7
3148,9.626E-6
3149,1.19E-7
3150,1.2426E-5
3151,1.05E-7
3152,2.2293E-5
3153,1.02E-7
3154,1.12E-7
3155,1.06E-7
3156,1.13E-7
3157,1.13E-7
3158,9.8E-8
3159,2.0731E-5
3160,1.052E-5
3161,1.0E-7
3162,1.0068E-5
3163,1.19E-7
3164,1.22E-7
3165,1.0E-7
3166,9.294E-6
3167,1.9345E-5
3168,1.13E-7
3169,1.02E-7
3170,9.9E-8
3171,1.05E-7
3172,1.18E-7
3173,9.9E-8
3174,1.09E-7
3175,8.603E-6
3176,1.11E-7
3177,1.36E-7
3178,2.6176E-5
3179,0.103580265
3180,8.317E-6
3181,1.0797E-5
3182,1.03E-7
3183,9.8E-8
3184,1.6355E-5
3185,1.33E-7
3186,9.9E-8
3187,6.67E-6
3188,1.11E-7
3189,7.221E-6
3190,1.05E-7
3191,1.06E-7
3192,1.2505E-5
3193,3.4809E-5
3194,1.11E-7
3195,1.12E-7
3196,9.7E-8
3197,9.4E-8
3198,1.05E-7
3199,9.6E-8
3200,1.06E-7
3201,9.7E-8
3202,1.09E-7
3203,1.1E-7
3204,9.9E-8
3205,7.425E-6
3206,3.9037E-5
3207,1.5116E-5
3208,1.06E-7
3209,1.0557E-5
3210,1.25E-7
3211,1.13E-7
3212,1.02E-7
3213,1.6436E-5
3214,1.2329E-5
3215,1.0424E-5
3216,1.05E-7
3217,1.14E-7
3218,1.02E-7
3219,1.0E-7
3220,1.18E-7
3221,1.5E-7
3222,9.049E-6
3223,2.1556E-5
3224,1.05E-7
3225,1.21E-7
3226,7.861E-6
3227,9.9E-8
3228,7.502E-6
3229,1.3312E-5
3230,1.2094E-5
3231,1.3682E-5
3232,1.7752E-5
3233,7.755E-6
3234,6.446E-6
3235,1.04E-7
3236,9.8E-8
3237,1.5696E-5
3238,9.9E-8
3239,1.08E-7
3240,1.6396E-5
3241,1.0895E-5
3242,1.11E-7
3243,1.1417E-5
3244,2.9749E-5
3245,1.13E-7
3246,1.0706E-5
3247,1.14E-7
3248,1.2116E-5
3249,1.1599E-5
3250,2.0038E-5
3251,9.7E-8
3252,1.0E-7
3253,1.03E-7
3254,1.1089E-5
3255,8.071E-6
3256,9.8E-8
3257,9.8E-8
3258,6.902E-6
3259,1.3431E-5
3260,1.06E-7
3261,1.12E-7
3262,1.17E-7
3263,1.02E-7
3264,1.1E-7
3265,1.5435E-5
3266,1.14E-7
3267,1.6159E-5
3268,1.0661E-5
3269,1.07E-7
3270,9.7E-8
3271,1.07E-7
3272,1.8623E-5
3273,2.1946E-5
3274,1.0883E-5
3275,1.0E-7
3276,1.1E-7
3277,9.715E-6
3278,1.04E-7
3279,1.05E-7
3280,1.4E-7
3281,2.3928E-5
3282,1.799E-5
3283,9.56E-6
3284,1.16E-7
3285,1.05E-7
3286,9.6E-8
3287,2.428E-5
3288,9.51E-6
3289,1.0846E-5
3290,1.0E-7
3291,1.12E-7
3292,1.8832E-5
3293,9.7E-8
3294,1.14E-7
3295,1.03E-7
3296,1.12E-7
3297,1.02E-7
3298,8.851E-6
3299,6.932E-6
3300,6.649E-6
3301,6.508E-6
3302,1.03E-7
3303,1.15E-7
3304,8.532E-6
3305,1.09E-7
3306,9.7E-8
3307,1.3059E-5
3308,1.09E-7
3309,1.13E-7
3310,1.9761E-5
3311,9.5E-8
3312,7.341E-6
3313,9.582E-6
3314,1.3864E-5
3315,1.08E-7
3316,1.04E-7
3317,1.08E-7
3318,1.1679E-5
3319,1.2455E-5
3320,1.17E-7
3321,1.518E-5
3322,1.04E-7
3323,9.5E-8
3324,1.17E-7
3325,1.08E-7
3326,1.04E-7
3327,1.0E-7
3328,9.9E-8
3329,1.2E-7
3330,1.04E-7
3331,1.23E-7
3332,3.9333E-5
3333,2.3787E-5
3334,1.0119E-5
3335,9.98E-6
3336,1.04E-5
3337,1.18E-7
3338,1.32E-7
3339,1.06E-7
3340,4.3653E-5
3341,1.5847E-5
3342,9.9E-8
3343,0.01274452
3344,1.2824E-5
3345,0.00165228
3346,1.05E-7
3347,1.02E-7
3348,1.05E-7
3349,1.14E-7
3350,1.01E-7
3351,1.03E-7
3352,1.01E-7
3353,9.676E-6
3354,9.529E-6
3355,8.503E-6
3356,1.0E-7
3357,2.0479E-5
3358,1.3728E-5
3359,1.27E-7
3360,1.04E-7
3361,1.0682E-5
3362,1.5258E-5
3363,1.02E-7
3364,1.2145E-5
3365,9.9E-8
3366,1.067E-5
3367,1.07E-7
3368,1.6126E-5
3369,9.6E-8
3370,9.7E-8
3371,1.01E-7
3372,1.15E-7
3373,1.4228E-5
3374,1.38E-7
3375,1.6695E-5
3376,1.08E-7
3377,1.07E-7
3378,1.08E-7
3379,1.15E-7
3380,1.4556E-5
3381,8.807E-6
3382,1.05E-7
3383,1.1428E-5
3384,9.9E-8
3385,2.5025E-5
3386,9.5E-8
3387,1.03E-7
3388,1.19E-7
3389,1.8145E-5
3390,1.04E-7
3391,9.9E-8
3392,1.06E-7
3393,1.14E-7
3394,9.9E-8
3395,9.248E-6
3396,2.6566E-5
3397,1.09E-7
3398,1.16E-7
3399,1.3114E-5
3400,1.058E-5
3401,3.8362E-5
3402,1.0E-7
3403,1.5109E-5
3404,7.176E-6
3405,1.064E-5
3406,1.01E-7
3407,9.44E-6
3408,9.9E-8
3409,8.432E-6
3410,9.692E-6
3411,1.18E-7
3412,1.06E-7
3413,2.0038E-5
3414,1.04E-7
3415,9.9E-8
3416,1.3441E-5
3417,1.02E-7
3418,1.25E-7
3419,9.9E-8
3420,1.0021E-5
3421,1.2E-7
3422,1.3012E-5
3423,1.09E-7
3424,1.17E-7
3425,1.01E-7
3426,1.14E-7
3427,1.02E-7
3428,0.037496243
3429,1.23E-7
3430,1.11E-7
3431,1.32E-7
3432,9.7E-8
3433,1.05E-7
3434,1.2213E-5
3435,9.817E-6
3436,1.02E-7
3437,1.02E-7
3438,1.02E-7
3439,1.14E-7
3440,9.688E-6
3441,7.852E-6
3442,1.6858E-5
3443,1.35E-7
3444,1.14E-7
3445,1.08E-7
3446,1.0499E-5
3447,1.02E-7
3448,2.9522E-5
3449,9.6E-8
3450,3.2627E-5
3451,9.3E-8
3452,1.03E-7
3453,1.18E-7
3454,1.3035E-5
3455,1.19E-7
3456,1.13E-7
3457,1.27E-7
3458,8.006E-6
3459,2.5084E-5
3460,1.2203E-5
3461,1.23E-7
3462,9.4E-8
3463,1.09E-7
3464,1.12E-7
3465,2.1897E-5
3466,9.7E-8
3467,2.4523E-5
3468,1.06E-7
3469,9.179E-6
3470,7.485E-6
3471,1.0043E-5
3472,9.9E-8
3473,1.27E-7
3474,3.105E-5
3475,1.09E-7
3476,1.1025E-5
3477,1.2756E-5
3478,1.11E-7
3479,1.15E-7
3480,1.02E-7
3481,9.8E-8
3482,1.0437E-5
3483,1.1775E-5
3484,2.1206E-5
3485,1.26E-7
3486,1.17E-7
3487,1.21E-7
3488,9.306E-6
3489,1.07E-7
3490,1.19E-7
3491,9.01E-6
3492,2.366E-5
3493,1.03E-7
3494,1.0667E-5
3495,1.0381E-5
3496,1.01E-7
3497,1.8431E-5
3498,1.01E-7
3499,1.05E-7
3500,1.09E-7
3501,9.487E-6
3502,1.4841E-5
3503,1.453E-5
3504,1.35E-7
3505,9.7E-8
3506,1.07E-7
3507,1.61E-5
3508,1.055E-5
3509,1.04E-7
3510,1.03E-7
3511,1.0418E-5
3512,1.3858E-5
3513,9.4E-8
3514,1.07E-7
3515,9.5E-8
3516,7.588E-6
3517,1.2E-7
3518,3.2563E-5
3519,1.02E-7
3520,1.09E-7
3521,9.7E-8
3522,1.27E-7
3523,1.4604E-5
3524,1.1E-7
3525,1.08E-7
3526,1.5042E-5
3527,1.3327E-5
3528,1.1121E-5
3529,1.07E-7
3530,8.958E-6
3531,1.16E-7
3532,8.505E-6
3533,2.2298E-5
3534,1.2E-7
3535,1.04E-7
3536,1.09E-7
3537,1.0467E-5
3538,1.11E-7
3539,1.06E-7
3540,1.3133E-5
3541,1.4111E-5
3542,1.1378E-5
3543,1.05E-7
3544,1.13E-7
3545,9.9E-8
3546,1.2831E-5
3547,1.07E-7
3548,1.02E-7
3549,1.02E-7
3550,1.1E-7
3551,1.2294E-5
3552,1.1149E-5
3553,1.09E-7
3554,9.131E-6
3555,2.5625E-5
3556,1.37E-7
3557,9.3E-8
3558,9.7E-8
3559,1.02E-7
3560,8.909E-6
3561,1.19E-7
3562,1.1667E-5
3563,1.05E-7
3564,1.07E-7
3565,1.13E-7
3566,1.14E-7
3567,3.4177E-5
3568,1.3023E-5
3569,1.08E-7
3570,9.7E-8
3571,1.05E-7
3572,1.01E-7
3573,1.08E-7
3574,3.9308E-5
3575,1.1E-7
3576,1.16E-7
3577,1.13E-7
3578,1.03E-7
3579,1.9127E-5
3580,1.11E-7
3581,1.9517E-5
3582,1.2874E-5
3583,1.01E-7
3584,8.357E-6
3585,9.9E-8
3586,6.579E-6
3587,1.0624E-5
3588,1.0E-7
3589,9.114E-6
3590,1.1513E-5
3591,9.511E-6
3592,2.2921E-5
3593,1.6911E-5
3594,1.08E-7
3595,1.06E-7
3596,1.1887E-5
3597,1.03E-7
3598,1.12E-7
3599,4.4501E-5
3600,1.7273E-5
3601,1.09E-7
3602,1.09E-7
3603,9.4E-8
3604,1.0216E-5
3605,9.127E-6
3606,1.05E-7
3607,1.3063E-5
3608,1.04E-7
3609,1.14E-7
3610,6.579E-6
3611,7.788E-6
3612,1.8802E-5
3613,1.08E-7
3614,2.7389E-5
3615,1.05E-7
3616,7.579E-6
3617,1.12E-7
3618,1.05E-7
3619,1.02E-7
3620,1.11E-7
3621,1.4518E-5
3622,1.34E-7
3623,1.5721E-5
3624,1.5121E-5
3625,2.6486E-5
3626,1.02E-7
3627,1.16E-7
3628,2.1347E-5
3629,9.9E-8
3630,1.0123E-5
3631,1.0E-7
3632,1.09E-5
3633,1.3544E-5
3634,1.19E-7
3635,1.36E-7
3636,1.06E-7
3637,1.16E-7
3638,1.9009E-5
3639,9.5E-8
3640,1.05E-7
3641,9.8E-8
3642,8.361E-6
3643,1.13E-7
3644,1.1596E-5
3645,1.15E-7
3646,1.0E-7
3647,1.01E-7
3648,1.5198E-5
3649,7.36E-6
3650,2.6765E-5
3651,1.8107E-5
3652,9.9E-8
3653,1.0E-7
3654,1.12E-7
3655,9.4E-8
3656,1.2763E-5
3657,1.03E-7
3658,1.02E-7
3659,1.5923E-5
3660,1.1E-7
3661,1.05E-7
3662,2.8323E-5
3663,1.6583E-5
3664,1.05E-7
3665,9.6E-8
3666,1.01E-7
3667,9.934E-6
3668,1.01E-7
3669,2.2813E-5
3670,1.0234E-5
3671,9.5E-8
3672,1.168E-5
3673,1.02E-7
3674,9.046E-6
3675,1.0E-7
3676,1.3254E-5
3677,2.0748E-5
3678,1.1095E-5
3679,1.2024E-5
3680,9.731E-6
3681,1.09E-7
3682,1.01E-7
3683,1.08E-7
3684,1.02E-7
3685,1.102E-5
3686,1.9034E-5
3687,8.6E-6
3688,1.21E-7
3689,1.1E-7
3690,1.18E-7
3691,1.17E-7
3692,1.14E-7
3693,3.289E-5
3694,1.02E-7
3695,2.0761E-5
3696,1.566E-5
3697,9.6E-8
3698,1.3536E-5
3699,1.03E-7
3700,2.1428E-5
3701,1.9309E-5
3702,1.18E-7
3703,9.911E-6
3704,2.0265E-5
3705,1.6106E-5
3706,9.758E-6
3707,1.0071E-5
3708,2.6E-5
3709,1.1151E-5
3710,2.6089E-5
3711,8.495E-6
3712,9.9E-8
3713,1.15E-7
3714,1.09E-7
3715,1.056E-5
3716,1.6181E-5
3717,1.04E-7
3718,1.02E-7
3719,1.06E-7
3720,1.0686E-5
3721,1.577E-5
3722,1.19E-7
3723,1.36E-7
3724,8.787E-6
3725,1.02E-7
3726,1.39E-7
3727,1.01E-7
3728,1.1989E-5
3729,1.02E-7
3730,1.2E-7
3731,8.154E-6
3732,1.02E-7
3733,2.5796E-5
3734,1.21E-7
3735,9.2E-8
3736,1.0E-7
3737,1.24E-7
3738,8.865E-6
3739,1.1659E-5
3740,1.0404E-5
3741,1.605E-5
3742,1.5552E-5
3743,2.7932E-5
3744,1.1E-7
3745,1.6193E-5
3746,2.3766E-5
3747,1.07E-7
3748,1.05E-7
3749,2.1898E-5
3750,1.09E-7
3751,1.05E-7
3752,1.2418E-5
3753,2.5051E-5
3754,1.06E-7
3755,1.5199E-5
3756,1.0275E-5
3757,8.244E-6
3758,1.06E-7
3759,2.1583E-5
3760,7.51E-6
3761,1.06E-7
3762,1.08E-7
3763,1.2643E-5
3764,3.4729E-5
3765,1.174E-5
3766,1.2649E-5
3767,2.4596E-5
3768,1.04E-7
3769,8.55E-6
3770,1.32E-7
3771,1.5835E-5
3772,2.4183E-5
3773,1.14E-7
3774,9.9E-8
3775,9.8E-8
3776,9.905E-6
3777,1.01E-7
3778,9.9E-8
3779,1.1E-7
3780,1.08E-7
3781,1.09E-7
3782,1.0211E-5
3783,1.3367E-5
3784,1.0208E-5
3785,1.0E-7
3786,1.1321E-5
3787,1.4426E-5
3788,1.01E-7
3789,1.0E-7
3790,6.932E-6
3791,1.2875E-5
3792,9.765E-6
3793,1.774E-5
3794,9.6E-8
3795,9.6E-8
3796,1.2494E-5
3797,1.265E-5
3798,1.04E-7
3799,1.04E-7
3800,1.1609E-5
3801,9.9E-8
3802,9.7E-8
3803,1.4119E-5
3804,2.262E-5
3805,1.4054E-5
3806,8.097E-6
3807,1.16E-7
3808,9.9E-8
3809,1.0E-7
3810,8.397E-6
3811,1.06E-7
3812,1.0E-7
3813,3.0929E-5
3814,9.4E-8
3815,1.0518E-5
3816,1.0181E-5
3817,1.2299E-5
3818,1.4997E-5
3819,2.4338E-5
3820,1.2E-7
3821,1.5121E-5
3822,1.06E-7
3823,1.07E-7
3824,8.926E-6
3825,9.132E-6
3826,1.3E-7
3827,1.07E-7
3828,1.7542E-5
3829,1.06E-7
3830,1.02E-7
3831,1.724E-5
3832,1.2E-7
3833,1.041E-5
3834,1.01E-7
3835,1.07E-7
3836,1.4033E-5
3837,1.7176E-5
3838,5.3305E-5
3839,1.08E-7
3840,9.8E-8
3841,9.6E-8
3842,1.0E-7
3843,1.1595E-5
3844,1.05E-7
3845,1.42E-7
3846,1.02E-7
3847,1.02E-7
3848,9.8E-8
3849,1.04E-7
3850,6.493E-6
3851,1.1E-7
3852,1.22E-7
3853,1.0E-7
3854,9.4E-8
3855,9.7E-8
3856,1.01E-7
3857,9.8E-8
3858,3.1011E-5
3859,1.06E-7
3860,1.0472E-5
3861,8.851E-6
3862,1.9245E-5
3863,2.3341E-5
3864,1.0E-7
3865,1.2929E-5
3866,8.246E-6
3867,2.3865E-5
3868,1.9061E-5
3869,1.6182E-5
3870,1.11E-7
3871,1.5902E-5
3872,6.883E-6
3873,1.02E-7
3874,1.06E-7
3875,1.06E-7
3876,1.05E-7
3877,1.0811E-5
3878,1.0847E-5
3879,8.401E-6
3880,2.0296E-5
3881,9.7E-8
3882,1.46E-7
3883,1.07E-7
3884,1.8839E-5
3885,1.03E-7
3886,1.0E-7
3887,1.93E-5
3888,1.01E-7
3889,1.12E-7
3890,1.08E-7
3891,1.03E-7
3892,2.1371E-5
3893,1.12E-7
3894,1.2E-7
3895,2.3176E-5
3896,9.307E-6
3897,3.1798E-5
3898,9.181E-6
3899,1.14E-7
3900,1.15E-7
3901,1.04E-7
3902,1.28E-7
3903,1.13E-7
3904,1.13E-7
3905,2.3042E-5
3906,1.6318E-5
3907,9.618E-6
3908,1.03E-7
3909,1.2098E-5
3910,1.1189E-5
3911,1.04E-7
3912,1.12E-7
3913,1.02E-7
3914,7.803E-6
3915,1.0194E-5
3916,9.9E-8
3917,2.824E-5
3918,2.0162E-5
3919,8.672E-6
3920,1.09E-7
3921,3.0661E-5
3922,1.02E-7
3923,1.537E-5
3924,2.1872E-5
3925,2.3678E-5
3926,1.02E-7
3927,1.1444E-5
3928,1.0304E-5
3929,1.7242E-5
3930,8.219E-6
3931,1.0635E-5
3932,1.29E-7
3933,1.9691E-5
3934,1.02E-7
3935,1.8434E-5
3936,1.9049E-5
3937,1.7109E-5
3938,8.981E-6
3939,6.077E-6
3940,1.23E-7
3941,0.035212312
3942,7.727E-6
3943,1.11E-7
3944,2.1775E-5
3945,1.02E-7
3946,1.05E-7
3947,1.3222E-5
3948,1.6877E-5
3949,7.573E-6
3950,1.02E-7
3951,1.1029E-5
3952,1.13E-7
3953,1.28E-7
3954,9.8E-8
3955,1.07E-7
3956,1.14E-7
3957,9.9E-8
3958,1.4385E-5
3959,1.0E-7
3960,1.04E-7
3961,9.324E-6
3962,1.0493E-5
3963,3.2304E-5
3964,1.445E-5
3965,1.1055E-5
3966,3.6128E-5
3967,1.34E-7
3968,1.39E-7
3969,1.5985E-5
3970,5.689E-6
3971,1.07E-7
3972,9.115E-6
3973,1.1E-7
3974,0.00535724
3975,1.12E-7
3976,8.941E-6
3977,2.2396E-5
3978,1.0032E-5
3979,1.11E-7
3980,9.4E-8
3981,1.03E-7
3982,1.1327E-5
3983,6.14E-6
3984,1.07E-7
3985,1.09E-7
3986,1.3585E-5
3987,1.08E-7
3988,1.0789E-5
3989,2.2347E-5
3990,7.824E-6
3991,2.8153E-5
3992,7.637E-6
3993,7.973E-6
3994,1.2902E-5
3995,4.0095E-5
3996,1.0E-7
3997,8.519E-6
3998,1.09E-7
3999,1.5216E-5
4000,1.01E-7
4001,9.6E-8
4002,8.511E-6
4003,1.15E-7
4004,2.103E-5
4005,1.11E-7
4006,1.05E-7
4007,1.4372E-5
4008,9.6E-8
4009,1.05E-7
4010,1.12E-7
4011,1.07E-7
4012,1.0E-7
4013,1.01E-7
4014,1.14E-7
4015,1.02E-7
4016,1.21E-7
4017,1.11E-7
4018,1.22E-7
4019,9.4E-8
4020,1.3069E-5
4021,1.1819E-5
4022,1.1E-7
4023,1.2E-7
4024,1.02E-7
4025,2.2769E-5
4026,1.5861E-5
4027,1.01E-7
4028,7.651E-6
4029,9.978E-6
4030,1.02E-7
4031,8.447E-6
4032,2.0422E-5
4033,1.04E-7
4034,2.4087E-5
4035,4.423E-5
4036,2.6863E-5
4037,1.5563E-5
4038,1.02E-7
4039,3.1306E-5
4040,7.919E-6
4041,2.4296E-5
4042,1.4192E-5
4043,1.784E-5
4044,1.6088E-5
4045,1.9664E-5
4046,7.485E-6
4047,1.03E-7
4048,1.04E-7
4049,1.11E-7
4050,1.15E-7
4051,1.09E-7
4052,1.8324E-5
4053,1.11E-7
4054,9.5E-8
4055,1.651E-5
4056,1.16E-7
4057,1.09E-7
4058,9.407E-6
4059,1.25E-7
4060,9.6E-8
4061,1.3117E-5
4062,1.07E-7
4063,7.346E-6
4064,1.17E-7
4065,9.9E-8
4066,9.283E-6
4067,6.818E-6
4068,2.6983E-5
4069,1.1153E-5
4070,1.0E-7
4071,9.9E-8
4072,1.3184E-5
4073,9.4E-8
4074,1.08E-7
4075,9.717E-6
4076,1.9558E-5
4077,1.25E-7
4078,1.0E-7
4079,2.0596E-5
4080,1.0677E-5
4081,1.8237E-5
4082,1.18E-7
4083,8.743E-6
4084,1.4416E-5
4085,9.7E-8
4086,2.7838E-5
4087,1.7451E-5
4088,1.0005E-5
4089,1.15E-7
4090,1.1489E-5
4091,1.03E-7
4092,1.0E-7
4093,8.863E-6
4094,1.19E-7
4095,1.04E-7
4096,1.6267E-5
4097,1.4436E-5
4098,1.08E-7
4099,9.791E-6
4100,3.111E-5
4101,1.8886E-5
4102,1.0E-7
4103,1.09E-7
4104,1.03E-7
4105,1.5675E-5
4106,9.6E-8
4107,1.0135E-5
4108,1.07E-7
4109,1.1232E-5
4110,8.384E-6
4111,6.726E-6
4112,1.1E-7
4113,1.09E-7
4114,1.3442E-5
4115,1.04E-7
4116,1.02E-7
4117,1.8125E-5
4118,1.22E-7
4119,1.35E-7
4120,1.11E-7
4121,1.03E-7
4122,2.0336E-5
4123,1.9403E-5
4124,1.08E-7
4125,5.748E-6
4126,1.03E-7
4127,1.05E-7
4128,1.6889E-5
4129,1.4313E-5
4130,1.1516E-5
4131,1.01E-7
4132,1.03E-7
4133,1.05E-7
4134,1.12E-7
4135,1.4813E-5
4136,9.8E-8
4137,1.5211E-5
4138,1.04E-7
4139,1.3558E-5
4140,9.9E-8
4141,8.023E-6
4142,2.0052E-5
4143,2.5922E-5
4144,1.05E-7
4145,1.14E-7
4146,1.38E-7
4147,1.0877E-5
4148,2.0289E-5
4149,1.02E-7
4150,1.02E-7
4151,1.8927E-5
4152,2.737E-5
4153,1.03E-7
4154,1.3922E-5
4155,2.654E-5
4156,2.6039E-5
4157,1.11E-7
4158,8.372E-6
4159,1.01E-7
4160,1.0435E-5
4161,2.1821E-5
4162,2.3249E-5
4163,1.6183E-5
4164,8.547E-6
4165,1.04E-7
4166,3.1504E-5
4167,1.8946E-5
4168,1.04E-7
4169,1.8215E-5
4170,1.0539E-5
4171,1.19E-7
4172,2.5215E-5
4173,1.05E-7
4174,1.16E-7
4175,1.0E-7
4176,1.195E-5
4177,1.32E-7
4178,1.0E-7
4179,2.3349E-5
4180,1.1332E-5
4181,1.1506E-5
4182,8.068E-6
4183,8.037E-6
4184,1.08E-7
4185,1.0786E-5
4186,1.6534E-5
4187,2.0504E-5
4188,1.902E-5
4189,1.29E-7
4190,1.14E-7
4191,1.12E-7
4192,1.02E-7
4193,1.7686E-5
4194,2.4066E-5
4195,1.01E-7
4196,1.2E-7
4197,1.3144E-5
4198,1.08E-7
4199,1.0E-7
4200,9.9E-8
4201,1.0746E-5
4202,8.92E-6
4203,1.265E-5
4204,1.3739E-5
4205,2.0847E-5
4206,1.1E-7
4207,1.11E-7
4208,8.075E-6
4209,1.01E-7
4210,1.06E-7
4211,1.3109E-5
4212,2.7706E-5
4213,1.06E-7
4214,1.02E-7
4215,9.4E-8
4216,2.2602E-5
4217,1.1465E-5
4218,1.2793E-5
4219,1.5104E-5
4220,1.8951E-5
4221,1.2E-7
4222,6.987E-6
4223,1.5061E-5
4224,0.002609849
4225,1.09E-7
4226,8.809E-6
4227,9.8E-8
4228,8.343E-6
4229,9.907E-6
4230,1.01E-7
4231,9.466E-6
4232,9.7E-8
4233,1.0382E-5
4234,7.794E-6
4235,1.1E-7
4236,7.889E-6
4237,1.14E-7
4238,1.22E-7
4239,1.06E-7
4240,6.174E-6
4241,7.304E-6
4242,1.07E-7
4243,1.06E-7
4244,1.03E-7
4245,2.1827E-5
4246,1.14E-7
4247,8.999E-6
4248,1.26E-7
4249,3.9928E-5
4250,9.8E-8
4251,1.69464E-4
4252,2.2163E-5
4253,2.0903E-5
4254,2.1863E-5
4255,1.11E-7
4256,9.9E-8
4257,7.654E-6
4258,1.9724E-5
4259,9.5E-8
4260,1.0267E-5
4261,1.5489E-5
4262,2.4748E-5
4263,1.07E-7
4264,1.6931E-5
4265,3.2803E-5
4266,0.010574578
4267,1.6792E-5
4268,9.6E-8
4269,4.6761E-5
4270,1.07E-7
4271,1.12E-7
4272,1.11E-7
4273,1.2037E-5
4274,1.4553E-5
4275,7.452E-6
4276,1.5921E-5
4277,1.04E-7
4278,6.742E-6
4279,1.02E-7
4280,1.1E-7
4281,1.27E-7
4282,1.29E-7
4283,1.1378E-5
4284,1.04E-7
4285,1.04E-7
4286,2.3094E-5
4287,1.0E-7
4288,1.03E-7
4289,1.4377E-5
4290,1.03E-7
4291,1.06E-7
4292,6.36119E-4
4293,1.17E-7
4294,1.0E-7
4295,1.2556E-5
4296,1.5894E-5
4297,9.7E-8
4298,8.522E-6
4299,1.3368E-5
4300,1.24E-7
4301,1.0874E-5
4302,9.7E-8
4303,1.1748E-5
4304,1.2418E-5
4305,1.0E-7
4306,1.04E-7
4307,2.1855E-5
4308,1.08E-7
4309,1.28E-7
4310,8.351E-6
4311,1.2478E-5
4312,7.749E-6
4313,1.0074E-5
4314,2.8717E-5
4315,1.2591E-5
4316,1.2035E-5
4317,5.428E-6
4318,1.871E-5
4319,2.4426E-5
4320,1.22E-7
4321,1.18E-7
4322,1.14E-7
4323,1.03E-7
4324,1.958E-5
4325,1.24E-7
4326,1.07E-7
4327,1.04E-7
4328,7.875E-6
4329,1.27E-7
4330,9.7E-8
4331,9.9E-8
4332,1.6942E-5
4333,2.1298E-5
4334,1.8205E-5
4335,2.44E-7
4336,1.3771E-5
4337,1.08E-7
4338,1.1061E-5
4339,1.09E-7
4340,1.02E-7
4341,1.09E-7
4342,1.03E-7
4343,1.01E-7
4344,1.05E-7
4345,1.08E-7
4346,2.1381E-5
4347,1.3579E-5
4348,1.03E-7
4349,1.1274E-5
4350,9.523E-6
4351,1.07E-7
4352,1.03E-7
4353,1.6286E-5
4354,2.021E-5
4355,1.3E-7
4356,2.0822E-5
4357,1.4439E-5
4358,1.18E-7
4359,1.2E-7
4360,2.5966E-5
4361,1.0146E-5
4362,1.9347E-5
4363,1.02E-7
4364,1.14E-7
4365,1.4816E-5
4366,3.1338E-5
4367,1.02E-7
4368,1.4249E-5
4369,1.7759E-5
4370,1.22E-7
4371,1.1712E-5
4372,1.01E-7
4373,1.09E-7
4374,1.06E-7
4375,2.5088E-5
4376,1.0E-7
4377,1.5019E-5
4378,1.7655E-5
4379,9.6E-8
4380,1.07E-7
4381,1.6991E-5
4382,1.24E-7
4383,1.12E-7
4384,2.5967E-5
4385,1.0E-7
4386,1.1487E-5
4387,1.1E-7
4388,9.8E-8
4389,1.03E-7
4390,1.04E-7
4391,1.1035E-5
4392,1.16E-7
4393,1.07E-7
4394,1.2583E-5
4395,9.8E-8
4396,9.9E-8
4397,1.1716E-5
4398,1.05E-7
4399,1.0E-7
4400,2.2921E-5
4401,1.14E-7
4402,2.8828E-5
4403,1.07E-7
4404,9.8E-8
4405,1.22E-7
4406,1.09E-7
4407,9.8E-8
4408,1.14E-7
4409,1.63023E-4
4410,1.7604E-5
4411,1.13E-7
4412,2.8782E-5
4413,1.3791E-5
4414,1.084E-5
4415,1.0342E-5
4416,1.4845E-5
4417,4.1279E-5
4418,1.8192E-5
4419,9.773E-6
4420,1.01E-7
4421,2.1716E-5
4422,1.0E-7
4423,9.439E-6
4424,1.09E-7
4425,2.3408E-5
4426,9.7E-8
4427,3.3408E-5
4428,1.03E-7
4429,1.03E-7
4430,1.5789E-5
4431,1.06E-7
4432,1.4831E-5
4433,9.6E-8
4434,5.823E-6
4435,1.08E-7
4436,9.6E-8
4437,1.06E-7
4438,1.16E-7
4439,2.6328E-5
4440,1.184E-5
4441,1.2865E-5
4442,1.4041E-5
4443,8.703E-6
4444,1.5729E-5
4445,1.1579E-5
4446,1.15E-7
4447,1.02E-7
4448,1.12E-7
4449,8.046E-6
4450,1.12E-7
4451,3.0984E-5
4452,1.02E-7
4453,9.985E-6
4454,1.25E-7
4455,1.4856E-5
4456,1.8829E-5
4457,1.4661E-5
4458,9.031E-6
4459,1.51E-5
4460,1.05E-7
4461,1.01E-7
4462,1.6443E-5
4463,1.5499E-5
4464,1.03E-7
4465,1.1E-7
4466,1.3356E-5
4467,2.0526E-5
4468,2.0607E-5
4469,1.5005E-5
4470,1.0789E-5
4471,7.397E-6
4472,1.216E-5
4473,1.1252E-5
4474,1.7255E-5
4475,1.13E-7
4476,6.531E-6
4477,7.804E-6
4478,1.07E-7
4479,1.01E-7
4480,3.4402E-5
4481,8.965E-6
4482,1.0483E-5
4483,9.477E-6
4484,1.0E-7
4485,9.5E-8
4486,1.1E-7
4487,1.0639E-5
4488,1.25E-7
4489,2.7002E-5
4490,1.09E-7
4491,2.6043E-5
4492,1.8729E-5
4493,1.4499E-5
4494,1.4E-7
4495,1.05E-7
4496,1.18E-7
4497,1.11E-7
4498,1.3208E-5
4499,1.2576E-5
4500,7.998E-6
4501,7.77E-6
4502,1.8857E-5
4503,2.693E-5
4504,1.3683E-5
4505,1.25E-7
4506,1.04E-7
4507,1.37E-7
4508,0.006214969
4509,1.04E-7
4510,3.4676E-5
4511,8.102E-6
4512,9.628E-6
4513,6.954E-6
4514,1.03E-7
4515,8.555E-6
4516,1.01E-7
4517,1.07E-7
4518,2.6932E-5
4519,1.2855E-5
4520,9.9E-8
4521,9.305E-6
4522,1.18E-7
4523,2.7607E-5
4524,1.04E-7
4525,1.12E-7
4526,1.9535E-5
4527,9.9E-8
4528,9.097E-6
4529,3.0178E-5
4530,7.586E-6
4531,1.0295E-5
4532,1.4798E-5
4533,1.17E-7
4534,1.09E-7
4535,1.32E-7
4536,1.18E-7
4537,1.04E-7
4538,1.7365E-5
4539,9.5E-8
4540,1.03E-7
4541,1.09E-7
4542,7.517E-6
4543,1.4403E-5
4544,2.4541E-5
4545,9.8E-8
4546,1.05E-7
4547,1.29E-7
4548,1.15E-7
4549,1.01E-7
4550,1.771E-5
4551,1.7819E-5
4552,1.9799E-5
4553,1.7836E-5
4554,9.8E-8
4555,9.013E-6
4556,2.7064E-5
4557,4.8361E-5
4558,9.5E-8
4559,1.3113E-5
4560,1.0557E-5
4561,1.22E-7
4562,1.11E-7
4563,7.422E-6
4564,1.6718E-5
4565,1.07E-7
4566,1.17E-7
4567,5.9085E-5
4568,9.7E-8
4569,9.3E-8
4570,8.349E-6
4571,1.01E-7
4572,1.0068E-5
4573,1.0E-7
4574,1.01E-7
4575,1.5392E-5
4576,1.5214E-5
4577,1.05E-7
4578,1.2056E-5
4579,1.0927E-5
4580,9.9E-8
4581,7.91E-6
4582,4.7443E-5
4583,9.9E-8
4584,1.0E-7
4585,1.1546E-5
4586,2.6285E-5
4587,1.6074E-5
4588,1.01E-7
4589,9.8E-8
4590,1.5145E-5
4591,1.2631E-5
4592,9.197E-6
4593,1.06E-7
4594,1.01E-7
4595,1.1E-7
4596,3.9303E-5
4597,1.21E-7
4598,1.2721E-5
4599,1.2112E-5
4600,1.05E-7
4601,1.4878E-5
4602,9.8E-8
4603,1.24E-7
4604,3.4124E-5
4605,1.238E-5
4606,1.4544E-5
4607,1.6329E-5
4608,9.4E-8
4609,9.5E-8
4610,2.589E-5
4611,1.1E-7
4612,1.4044E-5
4613,1.0847E-5
4614,2.342E-5
4615,1.09E-7
4616,9.524E-6
4617,4.0539E-5
4618,1.5488E-5
4619,2.1622E-5
4620,2.0097E-5
4621,9.8E-8
4622,1.6683E-5
4623,7.991E-6
4624,1.23E-7
4625,8.375E-6
4626,1.1118E-5
4627,1.04E-7
4628,9.9E-8
4629,1.05E-7
4630,1.6291E-5
4631,1.3209E-5
4632,1.04E-7
4633,9.295E-6
4634,1.3437E-5
4635,1.05E-7
4636,1.5178E-5
4637,1.08E-7
4638,5.848E-6
4639,6.662E-6
4640,1.28E-7
4641,1.03E-7
4642,9.547E-6
4643,9.951E-6
4644,1.8241E-5
4645,1.12E-7
4646,1.04E-7
4647,2.4495E-5
4648,1.4916E-5
4649,2.3527E-5
4650,1.1021E-5
4651,1.058E-5
4652,9.9E-8
4653,7.188E-6
4654,1.15E-7
4655,1.04E-7
4656,9.584E-6
4657,1.0E-7
4658,2.5828E-5
4659,3.9631E-5
4660,1.04E-7
4661,9.854E-6
4662,1.05E-7
4663,2.7179E-5
4664,2.0917E-5
4665,2.9028E-5
4666,1.04E-7
4667,2.4387E-5
4668,1.0E-7
4669,3.3157E-5
4670,1.0E-7
4671,1.19E-7
4672,9.5E-8
4673,1.01E-7
4674,8.365E-6
4675,1.24E-7
4676,2.5543E-5
4677,1.06E-7
4678,1.09E-7
4679,1.09E-7
4680,1.229E-5
4681,1.8396E-5
4682,1.03E-7
4683,1.0E-7
4684,1.102E-5
4685,3.5982E-5
4686,1.9416E-5
4687,1.06E-7
4688,1.05E-5
4689,1.5177E-5
4690,1.3698E-5
4691,1.5258E-5
4692,1.278E-5
4693,1.4125E-5
4694,2.9957E-5
4695,7.854E-6
4696,1.07E-7
4697,1.01E-7
4698,1.12E-7
4699,4.0658E-5
4700,1.15E-7
4701,1.5464E-5
4702,1.7565E-5
4703,1.2046E-5
4704,1.043E-5
4705,2.2196E-5
4706,1.0E-7
4707,2.7648E-5
4708,1.4702E-5
4709,1.19E-7
4710,1.01E-7
4711,9.162E-6
4712,1.07E-7
4713,2.0656E-5
4714,8.67E-6
4715,3.9854E-5
4716,9.4E-8
4717,7.66E-6
4718,9.902E-6
4719,1.6934E-5
4720,1.3601E-5
4721,9.5E-8
4722,1.3567E-5
4723,1.02E-7
4724,7.736E-6
4725,1.03E-7
4726,1.17E-7
4727,8.38E-6
4728,1.03E-7
4729,2.7564E-5
4730,9.9E-8
4731,1.1996E-5
4732,1.07E-7
4733,0.002380157
4734,1.624E-5
4735,1.032E-5
4736,2.6948E-5
4737,1.21E-7
4738,1.0E-7
4739,1.01E-7
4740,1.05E-7
4741,9.859E-6
4742,1.14E-7
4743,1.06E-7
4744,1.6858E-5
4745,1.3789E-5
4746,1.02E-7
4747,2.2505E-5
4748,7.575E-6
4749,1.1501E-5
4750,1.1439E-5
4751,2.4048E-5
4752,1.5276E-5
4753,1.1034E-5
4754,1.2E-7
4755,3.0001E-5
4756,1.06E-7
4757,1.6393E-5
4758,1.7932E-5
4759,1.01E-7
4760,1.6322E-5
4761,1.2535E-5
4762,9.8E-8
4763,1.0E-7
4764,1.2965E-5
4765,1.6428E-5
4766,4.3165E-5
4767,9.55E-6
4768,1.14E-7
4769,1.07E-7
4770,1.8661E-5
4771,9.6E-8
4772,1.04E-7
4773,2.9081E-5
4774,1.12E-7
4775,9.435E-6
4776,9.7E-8
4777,0.005258395
4778,1.1E-7
4779,1.15E-7
4780,1.56E-5
4781,2.0249E-5
4782,1.05E-7
4783,7.177E-6
4784,4.3811E-5
4785,1.06E-7
4786,2.7775E-5
4787,1.0152E-5
4788,2.7446E-5
4789,2.0359E-5
4790,1.2946E-5
4791,1.2396E-5
4792,1.8676E-5
4793,1.18E-7
4794,1.0273E-5
4795,9.114E-6
4796,1.05E-7
4797,1.04E-7
4798,1.05E-7
4799,3.9182E-5
4800,2.4609E-5
4801,1.1E-7
4802,7.767E-6
4803,1.5922E-5
4804,1.05E-7
4805,8.879E-6
4806,9.9E-8
4807,1.01E-7
4808,1.02E-7
4809,1.6169E-5
4810,1.16E-7
4811,1.9666E-5
4812,1.5102E-5
4813,4.2696E-5
4814,1.03E-7
4815,1.03E-7
4816,1.2965E-5
4817,2.6853E-5
4818,9.6E-8
4819,1.2739E-5
4820,1.02E-7
4821,1.03E-7
4822,2.8415E-5
4823,5.1759E-5
4824,1.07E-7
4825,1.6504E-5
4826,9.9E-8
4827,1.14E-7
4828,1.12E-7
4829,1.2936E-5
4830,1.5131E-5
4831,1.8139E-5
4832,1.1407E-5
4833,1.1E-7
4834,1.0631E-5
4835,1.0278E-5
4836,9.635E-6
4837,1.13E-7
4838,1.786E-6
4839,9.7E-8
4840,1.08E-7
4841,1.04E-7
4842,2.1996E-5
4843,1.16E-7
4844,2.6312E-5
4845,9.9E-8
4846,1.01E-7
4847,1.2938E-5
4848,9.263E-6
4849,1.07E-7
4850,1.1697E-5
4851,1.4797E-5
4852,9.448E-6
4853,1.087E-5
4854,3.2752E-5
4855,1.11E-7
4856,1.04E-7
4857,8.268E-6
4858,1.3274E-5
4859,1.24E-7
4860,1.32E-7
4861,3.6733E-5
4862,1.3018E-5
4863,1.3161E-5
4864,1.8801E-5
4865,7.791E-6
4866,1.4603E-5
4867,1.01E-7
4868,9.9E-8
4869,1.15E-7
4870,2.1233E-5
4871,1.07E-7
4872,9.421E-6
4873,1.9067E-5
4874,2.059E-5
4875,1.1276E-5
4876,1.7973E-5
4877,1.17E-7
4878,8.81E-6
4879,9.5E-8
4880,1.8287E-5
4881,1.8238E-5
4882,1.4887E-5
4883,1.07E-7
4884,1.1699E-5
4885,1.11E-7
4886,1.2524E-5
4887,1.4618E-5
4888,2.0312E-5
4889,1.06E-7
4890,1.08E-7
4891,1.18E-7
4892,9.8E-8
4893,6.955E-6
4894,1.15E-7
4895,9.639E-6
4896,2.3987E-5
4897,8.839E-6
4898,2.3892E-5
4899,1.01E-7
4900,1.554E-5
4901,9.9E-8
4902,1.15E-7
4903,9.555E-6
4904,1.1083E-5
4905,1.0477E-5
4906,1.09E-7
4907,9.774E-6
4908,1.0592E-5
4909,1.05E-7
4910,9.8E-8
4911,2.2215E-5
4912,1.07E-7
4913,2.1679E-5
4914,1.03E-7
4915,1.4199E-5
4916,1.1932E-5
4917,2.9087E-5
4918,1.01E-7
4919,9.8E-8
4920,1.21E-7
4921,1.8963E-5
4922,2.1921E-5
4923,2.1182E-5
4924,1.0947E-5
4925,1.9404E-5
4926,1.01E-7
4927,2.3394E-5
4928,1.1284E-5
4929,7.3E-6
4930,1.06E-7
4931,2.589E-5
4932,1.1E-7
4933,1.0369E-5
4934,1.3784E-5
4935,1.4491E-5
4936,2.8545E-5
4937,1.01E-7
4938,8.232E-6
4939,2.6274E-5
4940,9.7E-8
4941,2.0003E-5
4942,9.7E-8
4943,1.315E-5
4944,9.173E-6
4945,2.1792E-5
4946,1.24E-7
4947,7.85E-6
4948,1.05E-7
4949,1.03E-7
4950,1.8802E-5
4951,2.7057E-5
4952,1.8307E-5
4953,9.9E-8
4954,1.05E-7
4955,1.21E-7
4956,3.1576E-5
4957,9.7E-8
4958,1.03E-7
4959,1.3577E-5
4960,1.02E-7
4961,9.9E-8
4962,3.2544E-5
4963,1.03E-7
4964,1.13E-7
4965,1.2063E-5
4966,1.04E-7
4967,1.18E-7
4968,3.4283E-5
4969,1.2598E-5
4970,9.7E-8
4971,1.4083E-5
4972,3.8484E-5
4973,1.3161E-5
4974,1.1633E-5
4975,9.659E-6
4976,1.2388E-5
4977,8.984E-6
4978,1.3416E-5
4979,1.7898E-5
4980,1.19E-7
4981,1.4577E-5
4982,9.7E-8
4983,1.01E-7
4984,1.9105E-5
4985,1.17E-7
4986,1.05E-7
4987,8.578E-6
4988,7.183E-6
4989,1.13E-7
4990,1.08E-7
4991,1.2019E-5
4992,1.05E-7
4993,1.0E-7
4994,1.04E-7
4995,1.3931E-5
4996,1.07E-7
4997,1.04E-7
4998,2.9513E-5
4999,1.16E-7
5000,1.01E-7
5001,1.4355E-5
5002,9.646E-6
5003,1.122E-5
5004,9.9E-8
5005,3.5215E-5
5006,2.7623E-5
5007,1.0608E-5
5008,2.47E-5
5009,1.1665E-5
5010,1.16E-7
5011,1.06E-7
5012,1.6641E-5
5013,2.6103E-5
5014,1.347E-5
5015,1.0746E-5
5016,2.8099E-5
5017,1.01E-7
5018,1.07E-7
5019,9.005E-6
5020,1.1577E-5
5021,1.06E-7
5022,2.373E-5
5023,2.387E-5
5024,1.0904E-5
5025,1.1E-7
5026,1.18E-7
5027,1.6516E-5
5028,1.03E-7
5029,1.06E-7
5030,1.5079E-5
5031,1.03E-7
5032,9.016E-6
5033,1.02E-7
5034,6.858E-6
5035,1.11E-7
5036,1.09E-7
5037,1.0158E-5
5038,2.0E-5
5039,1.9264E-5
5040,1.6814E-5
5041,1.1932E-5
5042,4.1467E-5
5043,1.11E-7
5044,1.07E-7
5045,2.3744E-5
5046,1.05E-7
5047,1.6226E-5
5048,1.6762E-5
5049,1.14E-7
5050,2.1551E-5
5051,1.147E-5
5052,1.0E-5
5053,1.4321E-5
5054,1.4E-7
5055,1.3929E-5
5056,1.3438E-5
5057,1.11E-7
5058,2.634E-5
5059,1.01E-7
5060,9.9E-8
5061,9.6E-8
5062,2.2028E-5
5063,1.5133E-5
5064,1.0E-7
5065,1.12E-7
5066,1.26E-7
5067,2.2572E-5
5068,1.03E-7
5069,9.9E-8
5070,9.445E-6
5071,1.23E-7
5072,1.03E-7
5073,1.8744E-5
5074,1.099E-5
5075,4.2829E-5
5076,1.2938E-5
5077,2.6293E-5
5078,1.4262E-5
5079,9.967E-6
5080,8.863E-6
5081,1.4544E-5
5082,1.0E-7
5083,2.0155E-5
5084,9.518E-6
5085,1.06E-7
5086,1.0232E-5
5087,1.04E-7
5088,9.628E-6
5089,9.715E-6
5090,7.412E-6
5091,6.592E-6
5092,1.4279E-5
5093,1.2154E-5
5094,2.1914E-5
5095,1.35E-7
5096,1.117E-5
5097,9.3E-8
5098,2.8285E-5
5099,1.0881E-5
5100,4.7372E-5
5101,1.1361E-5
5102,9.9E-8
5103,2.8505E-5
5104,1.2153E-5
5105,1.03E-7
5106,8.0E-6
5107,1.02E-7
5108,1.05E-7
5109,1.623E-5
5110,1.24E-7
5111,1.06E-7
5112,1.03E-7
5113,1.988E-5
5114,1.8209E-5
5115,1.11E-7
5116,1.1392E-5
5117,1.22E-5
5118,8.482E-6
5119,9.347E-6
5120,1.0413E-5
5121,1.0534E-5
5122,2.329E-5
5123,6.01E-6
5124,2.2562E-5
5125,2.922E-5
5126,9.9E-8
5127,1.153E-5
5128,7.437E-6
5129,9.445E-6
5130,9.6E-8
5131,1.01E-7
5132,9.59E-6
5133,1.237E-5
5134,1.2386E-5
5135,1.1825E-5
5136,1.01E-7
5137,9.725E-6
5138,1.08E-7
5139,2.5083E-5
5140,1.3081E-5
5141,7.296E-6
5142,6.5513E-5
5143,2.9626E-5
5144,1.3387E-5
5145,7.619E-6
5146,2.5916E-5
5147,1.1079E-5
5148,9.963E-6
5149,1.5521E-5
5150,1.0099E-5
5151,2.4173E-5
5152,1.04E-7
5153,1.06E-7
5154,1.06E-7
5155,1.06E-7
5156,9.363E-6
5157,9.362E-6
5158,1.12E-7
5159,8.933E-6
5160,3.0987E-5
5161,4.4056E-5
5162,4.8807E-5
5163,1.3103E-5
5164,1.3117E-5
5165,1.8092E-5
5166,1.0414E-5
5167,1.453E-5
5168,1.06E-7
5169,1.8004E-5
5170,2.3591E-5
5171,9.284E-6
5172,1.0531E-5
5173,1.24E-7
5174,1.28E-7
5175,1.2971E-5
5176,3.7466E-5
5177,1.2689E-5
5178,1.4861E-5
5179,9.7E-8
5180,1.1136E-5
5181,1.07E-7
5182,1.4388E-5
5183,1.45E-7
5184,1.14E-7
5185,1.02E-7
5186,1.3291E-5
5187,1.0092E-5
5188,1.06E-7
5189,2.1531E-5
5190,1.05E-7
5191,1.58E-5
5192,1.12E-7
5193,2.6697E-5
5194,1.01E-7
5195,1.3636E-5
5196,1.0891E-5
5197,9.44E-6
5198,1.8885E-5
5199,1.08E-7
5200,1.1073E-5
5201,1.8951E-5
5202,1.0187E-5
5203,2.8267E-5
5204,9.958E-6
5205,1.3777E-5
5206,8.55473E-4
5207,1.24E-7
5208,1.3368E-5
5209,4.3863E-5
5210,1.6254E-5
5211,1.207858234
5212,1.6675E-5
5213,1.6859E-5
5214,5.503E-6
5215,1.03E-7
5216,9.545E-6
5217,4.2832E-5
5218,1.796E-5
5219,1.2713E-5
5220,1.2347E-5
5221,8.549E-6
5222,1.03E-7
5223,1.0946E-5
5224,1.2725E-5
5225,2.3875E-5
5226,1.08E-7
5227,1.1E-7
5228,1.6817E-5
5229,1.11E-7
5230,3.496E-5
5231,1.6316E-5
5232,1.1884E-5
5233,7.2E-6
5234,2.1992E-5
5235,1.6988E-5
5236,1.08E-7
5237,1.48E-5
5238,1.83E-5
5239,1.04E-7
5240,9.9E-8
5241,9.489E-6
5242,8.93E-6
5243,1.04E-7
5244,9.7E-8
5245,8.834E-6
5246,1.17E-7
5247,2.357E-5
5248,1.8792E-5
5249,9.5E-8
5250,1.15E-7
5251,1.2483E-5
5252,2.2662E-5
5253,8.589E-6
5254,1.01E-7
5255,1.3285E-5
5256,1.4063E-5
5257,1.0271E-5
5258,1.0719E-5
5259,4.8728E-5
5260,1.03E-7
5261,1.07E-7
5262,1.09E-7
5263,1.11E-7
5264,9.4E-8
5265,1.15E-7
5266,1.08E-7
5267,1.21E-7
5268,1.08E-7
5269,2.3178E-5
5270,9.516E-6
5271,1.16E-7
5272,1.05E-7
5273,1.0E-7
5274,9.356E-6
5275,1.1461E-5
5276,9.56E-6
5277,2.8152E-5
5278,0.085238132
5279,3.8132E-5
5280,2.4701E-5
5281,2.6177E-5
5282,1.9295E-5
5283,1.7222E-5
5284,1.1395E-5
5285,1.0E-7
5286,3.9418E-5
5287,1.4831E-5
5288,1.09E-7
5289,1.1815E-5
5290,1.01E-7
5291,2.8694E-5
5292,1.01E-7
5293,9.539E-6
5294,1.5808E-5
5295,8.265E-6
5296,9.7E-8
5297,1.02E-7
5298,1.0003E-5
5299,3.1241E-5
5300,1.3179E-5
5301,1.4099E-5
5302,1.0971E-5
5303,2.9655E-5
5304,1.5521E-5
5305,1.17E-7
5306,7.223E-6
5307,1.5474E-5
5308,1.6129E-5
5309,1.02E-7
5310,1.19E-7
5311,7.474E-6
5312,1.06E-7
5313,1.2268E-5
5314,2.0727E-5
5315,1.2E-7
5316,1.14E-7
5317,9.5E-8
5318,1.31E-7
5319,1.3982E-5
5320,9.5E-8
5321,2.0483E-5
5322,8.211E-6
5323,1.2994E-5
5324,1.2339E-5
5325,2.2009E-5
5326,1.2055E-5
5327,1.5285E-5
5328,1.12E-7
5329,9.065E-6
5330,2.3782E-5
5331,1.552E-5
5332,2.4998E-5
5333,9.8E-8
5334,8.012E-6
5335,7.092E-6
5336,1.0068E-5
5337,7.963E-6
5338,1.0E-7
5339,1.07E-7
5340,1.2541E-5
5341,1.23E-7
5342,1.8577E-5
5343,0.028788286
5344,1.9636E-5
5345,1.11E-7
5346,1.2617E-5
5347,2.0548E-5
5348,9.9E-8
5349,9.424E-6
5350,1.1356E-5
5351,9.3E-8
5352,3.7152E-5
5353,7.346E-6
5354,6.35E-6
5355,1.1E-7
5356,1.01E-7
5357,9.256E-6
5358,2.9831E-5
5359,1.84E-7
5360,1.8488E-5
5361,1.0E-7
5362,3.3951E-5
5363,1.05E-7
5364,2.9722E-5
5365,2.2475E-5
5366,5.1734E-5
5367,1.07E-7
5368,1.0E-7
5369,1.632E-5
5370,1.02E-7
5371,2.6095E-5
5372,9.7E-8
5373,1.8432E-5
5374,1.01E-7
5375,1.06E-7
5376,1.9045E-5
5377,1.22E-7
5378,1.4438E-5
5379,1.4019E-5
5380,1.11E-7
5381,1.3154E-5
5382,1.1237E-5
5383,9.688E-6
5384,1.0904E-5
5385,8.521E-6
5386,2.6145E-5
5387,1.1737E-5
5388,8.409E-6
5389,1.01E-7
5390,4.0286E-5
5391,8.614E-6
5392,7.087E-6
5393,3.8249E-5
5394,2.6242E-5
5395,1.11E-7
5396,1.7858E-5
5397,2.4575E-5
5398,1.13E-7
5399,1.04E-7
5400,1.02E-7
5401,3.9348E-5
5402,1.2868E-5
5403,1.16E-7
5404,2.0255E-5
5405,1.1876E-5
5406,9.974E-6
5407,1.2174E-5
5408,8.893E-6
5409,1.11E-7
5410,8.563E-6
5411,1.5796E-5
5412,1.2924E-5
5413,2.8967E-5
5414,9.039E-6
5415,1.04E-7
5416,9.6E-8
5417,9.8E-8
5418,1.1266E-5
5419,1.1969E-5
5420,1.3913E-5
5421,1.9965E-5
5422,1.04E-7
5423,1.15E-7
5424,1.0974E-5
5425,1.5545E-5
5426,1.0E-7
5427,1.0E-7
5428,1.04E-7
5429,3.9127E-5
5430,1.02E-7
5431,2.3784E-5
5432,1.05E-7
5433,8.821E-6
5434,1.1697E-5
5435,1.9144E-5
5436,1.2805E-5
5437,9.9E-8
5438,1.7278E-5
5439,2.8896E-5
5440,8.381E-6
5441,1.17E-7
5442,1.01E-7
5443,1.1E-7
5444,1.03E-7
5445,1.08E-7
5446,2.9324E-5
5447,1.5761E-5
5448,1.12E-7
5449,2.5954E-5
5450,6.5E-6
5451,1.9215E-5
5452,1.12E-7
5453,1.2395E-5
5454,1.6846E-5
5455,1.27E-7
5456,3.2747E-5
5457,1.0189E-5
5458,1.17E-7
5459,1.16E-7
5460,1.03E-7
5461,1.04E-7
5462,7.098E-6
5463,1.5265E-5
5464,4.0399E-5
5465,1.08E-7
5466,2.2002E-5
5467,2.3516E-5
5468,1.08E-7
5469,1.1251E-5
5470,9.154E-6
5471,1.0214E-5
5472,1.26E-7
5473,9.7E-6
5474,1.05E-7
5475,1.03E-7
5476,9.509E-6
5477,1.0705E-5
5478,1.2937E-5
5479,8.199E-6
5480,1.06E-7
5481,1.8585E-5
5482,1.6434E-5
5483,2.5116E-5
5484,1.794E-5
5485,1.1417E-5
5486,9.855E-6
5487,1.5169E-5
5488,1.4186E-5
5489,3.0073E-5
5490,1.4387E-5
5491,3.0011E-5
5492,9.27E-6
5493,1.03E-7
5494,2.6389E-5
5495,1.6486E-5
5496,1.8223E-5
5497,1.23E-7
5498,1.11E-7
5499,2.3649E-5
5500,2.4491E-5
5501,7.487E-6
5502,1.9178E-5
5503,1.01E-7
5504,1.0E-7
5505,2.1153E-5
5506,8.196E-6
5507,7.022E-6
5508,1.04E-7
5509,1.14E-7
5510,1.06E-7
5511,1.14E-7
5512,3.9447E-5
5513,1.08E-7
5514,1.4257E-5
5515,1.4843E-5
5516,1.07E-7
5517,1.2242E-5
5518,1.21E-7
5519,1.3105E-5
5520,3.9759E-5
5521,1.0072E-5
5522,2.9217E-5
5523,8.835E-6
5524,2.8671E-5
5525,1.01E-7
5526,1.2869E-5
5527,1.04E-7
5528,9.611E-6
5529,1.03E-7
5530,6.88508E-4
5531,1.06E-7
5532,2.7035E-5
5533,1.4E-7
5534,1.0793E-5
5535,2.1754E-5
5536,1.04E-7
5537,2.5983E-5
5538,1.0737E-5
5539,3.4447E-5
5540,1.19E-7
5541,1.292E-5
5542,1.1023E-5
5543,3.5633E-5
5544,1.23E-7
5545,1.0E-7
5546,1.02E-7
5547,9.044E-6
5548,1.22E-7
5549,1.3593E-5
5550,1.04E-7
5551,7.984E-6
5552,9.268E-6
5553,9.9E-8
5554,1.0294E-5
5555,2.1482E-5
5556,2.5472E-5
5557,1.14E-7
5558,1.2521E-5
5559,7.879E-6
5560,2.011E-5
5561,1.4679E-5
5562,2.9571E-5
5563,9.182E-6
5564,1.06E-7
5565,8.67E-6
5566,1.1E-7
5567,8.694E-6
5568,1.06E-7
5569,1.15E-7
5570,2.9706E-5
5571,1.2279E-5
5572,1.2125E-5
5573,1.3643E-5
5574,1.3183E-5
5575,1.13E-7
5576,9.528E-6
5577,9.492E-6
5578,2.8585E-5
5579,1.7795E-5
5580,9.543E-6
5581,1.0677E-5
5582,9.576E-6
5583,1.13E-7
5584,1.04E-7
5585,9.9E-8
5586,1.07E-7
5587,8.436E-6
5588,9.386E-6
5589,2.6042E-5
5590,1.03E-7
5591,7.754E-6
5592,9.8E-8
5593,1.2101E-5
5594,1.9549E-5
5595,2.3736E-5
5596,1.07E-7
5597,1.03E-7
5598,9.9E-8
5599,1.131E-5
5600,8.19E-6
5601,4.9222E-5
5602,1.12E-7
5603,1.04E-7
5604,1.03E-7
5605,1.2842E-5
5606,3.0223E-5
5607,1.11E-7
5608,1.5713E-5
5609,9.7E-8
5610,1.098E-5
5611,6.997E-6
5612,1.1E-7
5613,1.18E-7
5614,1.2541E-5
5615,9.9E-8
5616,1.0885E-5
5617,1.4795E-5
5618,9.5E-8
5619,2.8539E-5
5620,1.081E-5
5621,9.052E-6
5622,1.1652E-5
5623,9.355E-6
5624,1.02E-7
5625,1.2218E-5
5626,1.06E-7
5627,1.3314E-5
5628,2.7017E-5
5629,1.7807E-5
5630,1.42E-7
5631,6.953E-6
5632,9.8E-8
5633,9.903E-6
5634,2.9967E-5
5635,7.349E-6
5636,2.2302E-5
5637,4.2989E-5
5638,1.4272E-5
5639,1.01E-7
5640,1.33E-7
5641,2.1404E-5
5642,1.1446E-5
5643,9.987E-6
5644,1.05E-7
5645,2.2882E-5
5646,1.02E-7
5647,1.02E-7
5648,2.7775E-5
5649,9.9E-8
5650,2.1141E-5
5651,1.17E-7
5652,9.3E-8
5653,1.04E-7
5654,2.7816E-5
5655,1.18E-7
5656,9.931E-6
5657,0.002224109
5658,1.3752E-5
5659,8.373E-6
5660,1.0E-7
5661,1.0804E-5
5662,1.04E-7
5663,1.6858E-5
5664,1.3024E-5
5665,9.8E-8
5666,1.06E-7
5667,1.24E-7
5668,3.0596E-5
5669,9.7E-8
5670,1.19E-7
5671,1.4802E-5
5672,1.715E-5
5673,1.1898E-5
5674,1.3544E-5
5675,1.1772E-5
5676,9.8E-8
5677,2.1621E-5
5678,7.9006E-5
5679,9.309E-6
5680,1.051E-5
5681,7.633E-6
5682,1.2E-7
5683,7.069E-6
5684,1.7897E-5
5685,1.1E-7
5686,8.138E-6
5687,1.16E-7
5688,1.707E-5
5689,1.3293E-5
5690,1.23E-7
5691,6.772E-5
5692,1.6187E-5
5693,1.09E-7
5694,1.04E-7
5695,1.08E-7
5696,1.2181E-5
5697,1.1269E-5
5698,2.2437E-5
5699,1.03E-7
5700,2.6787E-5
5701,9.9E-8
5702,9.169E-6
5703,1.0E-7
5704,1.055E-5
5705,1.15E-7
5706,1.21E-7
5707,1.1721E-5
5708,9.7E-8
5709,1.222E-5
5710,9.9E-8
5711,9.9E-8
5712,2.1677E-5
5713,1.05E-7
5714,1.7923E-5
5715,1.08E-7
5716,1.5205E-5
5717,8.426E-6
5718,8.647E-6
5719,1.4447E-5
5720,1.6607E-5
5721,2.9614E-5
5722,1.13E-7
5723,1.26E-7
5724,1.8665E-5
5725,1.27E-7
5726,3.2435E-5
5727,3.7553E-5
5728,1.1E-7
5729,2.0055E-5
5730,1.2612E-5
5731,1.6098E-5
5732,1.4824E-5
5733,1.02E-7
5734,1.8365E-5
5735,7.653E-6
5736,1.9472E-5
5737,8.33E-6
5738,8.961E-6
5739,1.7782E-5
5740,1.3523E-5
5741,1.8823E-5
5742,1.7873E-5
5743,1.08E-7
5744,1.0E-7
5745,1.4149E-5
5746,1.04E-7
5747,1.7571E-5
5748,4.3106E-5
5749,1.2915E-5
5750,9.181E-6
5751,1.16E-7
5752,7.532E-6
5753,9.8E-8
5754,1.3587E-5
5755,3.1917E-5
5756,1.04E-7
5757,1.7643E-5
5758,1.16E-7
5759,1.18E-7
5760,1.1E-7
5761,1.2966E-5
5762,2.272E-5
5763,1.04E-7
5764,2.066E-5
5765,1.01E-7
5766,1.1E-7
5767,9.007E-6
5768,1.0126E-5
5769,2.7592E-5
5770,1.5466E-5
5771,1.4665E-5
5772,1.05E-7
5773,1.5604E-5
5774,1.02E-7
5775,2.2511E-5
5776,1.4988E-5
5777,4.3932E-5
5778,7.579E-6
5779,1.06E-7
5780,1.01E-7
5781,1.6192E-5
5782,9.9E-8
5783,9.251E-6
5784,1.0225E-5
5785,1.07E-7
5786,2.7103E-5
5787,5.4302E-5
5788,2.8774E-5
5789,1.21E-7
5790,1.0E-7
5791,9.867E-6
5792,1.6557E-5
5793,7.435E-6
5794,1.0E-7
5795,1.1922E-5
5796,1.03E-7
5797,9.4E-8
5798,3.2728E-5
5799,1.2525E-5
5800,1.5432E-5
5801,7.785E-6
5802,1.06E-7
5803,6.881E-6
5804,8.021E-6
5805,3.5111E-5
5806,8.944E-6
5807,9.7E-8
5808,3.3271E-5
5809,1.0565E-5
5810,4.5283E-5
5811,1.0514E-5
5812,2.9583E-5
5813,3.0767E-5
5814,4.1247E-5
5815,1.0E-7
5816,1.34E-7
5817,1.4312E-5
5818,2.1778E-5
5819,1.07E-7
5820,1.17E-7
5821,9.412E-6
5822,1.0311E-5
5823,7.341E-6
5824,1.04E-7
5825,9.808E-6
5826,1.6052E-5
5827,9.7E-8
5828,1.3678E-5
5829,1.095E-5
5830,1.5198E-5
5831,1.0E-7
5832,2.2862E-5
5833,2.7508E-5
5834,1.7607E-5
5835,9.9E-8
5836,9.506E-6
5837,1.1974E-5
5838,1.4264E-5
5839,1.4383E-5
5840,3.9479E-5
5841,1.9628E-5
5842,2.4172E-5
5843,1.2923E-5
5844,4.065E-5
5845,1.0E-7
5846,1.1158E-5
5847,1.22E-7
5848,1.276E-5
5849,1.5392E-5
5850,1.6056E-5
5851,2.8033E-5
5852,1.09E-7
5853,1.01E-7
5854,5.797E-6
5855,9.35E-6
5856,1.1476E-5
5857,1.16E-7
5858,1.05E-7
5859,1.403E-5
5860,2.2318E-5
5861,2.0907E-5
5862,2.1189E-5
5863,8.179E-6
5864,1.0045E-5
5865,9.9E-8
5866,7.528E-6
5867,1.09E-7
5868,1.246E-6
5869,1.08E-7
5870,1.12E-7
5871,1.17E-5
5872,2.391E-5
5873,1.0682E-5
5874,1.0678E-5
5875,2.049E-5
5876,7.002E-6
5877,7.63E-6
5878,1.0E-7
5879,1.16E-7
5880,9.9E-8
5881,2.4393E-5
5882,2.039E-5
5883,2.3318E-5
5884,2.5929E-5
5885,7.685E-6
5886,2.7046E-5
5887,1.09E-7
5888,1.7432E-5
5889,1.0025E-5
5890,3.0804E-5
5891,2.5401E-5
5892,1.0E-7
5893,0.008217526
5894,1.6692E-5
5895,1.0E-7
5896,3.8164E-5
5897,6.278E-6
5898,2.7745E-5
5899,2.1879E-5
5900,3.8966E-5
5901,1.3494E-5
5902,1.12E-7
5903,1.06E-7
5904,1.3325E-5
5905,1.01E-7
5906,4.0184E-5
5907,1.23E-7
5908,2.8034E-5
5909,2.347E-5
5910,7.844E-6
5911,1.08E-7
5912,6.915E-6
5913,1.8975E-5
5914,2.0884E-5
5915,9.7E-8
5916,2.8608E-5
5917,1.8486E-5
5918,2.339E-5
5919,1.08E-7
5920,7.984E-6
5921,1.06E-7
5922,2.0292E-5
5923,1.1557E-5
5924,1.01E-7
5925,2.5872E-5
5926,0.009616433
5927,9.381E-6
5928,1.02E-7
5929,9.294E-6
5930,9.7E-8
5931,2.0797E-5
5932,7.527E-6
5933,1.2815E-5
5934,1.1494E-5
5935,3.5406E-5
5936,1.02E-7
5937,1.1E-7
5938,1.4953E-5
5939,1.8468E-5
5940,8.242E-6
5941,1.11E-7
5942,2.0643E-5
5943,1.4717E-5
5944,2.1368E-5
5945,1.6856E-5
5946,1.02E-7
5947,3.9547E-5
5948,2.1849E-5
5949,1.02E-7
5950,1.11E-7
5951,1.08E-7
5952,7.291E-6
5953,6.431E-6
5954,4.2443E-5
5955,1.7793E-5
5956,1.6956E-5
5957,8.218E-6
5958,1.2429E-5
5959,9.714E-6
5960,1.2E-7
5961,1.8199E-5
5962,8.987E-6
5963,7.142E-6
5964,1.0245E-5
5965,1.13E-7
5966,6.211E-6
5967,1.19E-7
5968,8.298E-6
5969,1.2E-7
5970,1.4587E-5
5971,7.691E-6
5972,1.3489E-5
5973,2.0298E-5
5974,2.23E-5
5975,2.758E-5
5976,2.2873E-5
5977,1.3193E-5
5978,9.712E-6
5979,1.4047E-5
5980,1.19E-7
5981,1.3132E-5
5982,4.9254E-5
5983,1.4975E-5
5984,1.478E-5
5985,1.21E-7
5986,0.041839732
5987,1.8796E-5
5988,1.08E-7
5989,1.02E-7
5990,2.6414E-5
5991,8.979E-6
5992,1.03E-7
5993,1.5593E-5
5994,1.0E-7
5995,3.1141E-5
5996,3.2964E-5
5997,4.2075E-5
5998,1.13E-7
5999,3.377E-5
6000,9.8E-8
6001,1.12E-7
6002,1.282E-5
6003,8.017E-6
6004,9.42E-6
6005,1.9729E-5
6006,1.6579E-5
6007,1.4532E-5
6008,1.669E-5
6009,1.7007E-5
6010,7.798E-6
6011,1.7661E-5
6012,2.7668E-5
6013,2.5263E-5
6014,1.04E-7
6015,9.791E-6
6016,8.999E-6
6017,7.136E-6
6018,1.8678E-5
6019,1.0958E-5
6020,3.3605E-5
6021,3.8328E-5
6022,1.5109E-5
6023,1.12E-7
6024,1.0883E-5
6025,9.317E-6
6026,3.2263E-5
6027,9.789E-6
6028,1.31E-7
6029,1.17E-7
6030,9.9E-8
6031,2.2299E-5
6032,1.0E-7
6033,2.2448E-5
6034,2.2916E-5
6035,1.2906E-5
6036,4.2199E-5
6037,2.259E-5
6038,1.14E-7
6039,1.8764E-5
6040,1.23E-7
6041,1.1892E-5
6042,9.502E-6
6043,1.07E-7
6044,9.9E-8
6045,7.458E-6
6046,1.3882E-5
6047,2.158E-5
6048,9.846E-6
6049,1.2551E-5
6050,1.1E-7
6051,9.4E-8
6052,1.9265E-5
6053,2.0079E-5
6054,9.9E-8
6055,1.26E-7
6056,3.3115E-5
6057,1.01E-7
6058,1.0644E-5
6059,1.7941E-5
6060,3.6718E-5
6061,7.99E-6
6062,1.4991E-5
6063,1.16E-7
6064,7.307E-6
6065,1.54E-5
6066,1.07E-7
6067,2.5797E-5
6068,2.9561E-5
6069,1.05E-7
6070,1.0059E-5
6071,1.4733E-5
6072,1.03E-7
6073,2.0956E-5
6074,1.04E-7
6075,1.11E-7
6076,8.868E-6
6077,1.7481E-5
6078,1.1549E-5
6079,1.03E-7
6080,1.1E-7
6081,1.736E-5
6082,7.042E-6
6083,9.697E-6
6084,3.1827E-5
6085,1.46E-7
6086,1.07E-7
6087,1.9352E-5
6088,1.14E-7
6089,1.1E-7
6090,1.05E-7
6091,1.0311E-5
6092,1.0127E-5
6093,1.08E-7
6094,3.8509E-5
6095,1.08E-7
6096,3.2958E-5
6097,9.004E-6
6098,9.984E-6
6099,1.0E-7
6100,1.8854E-5
6101,1.606E-5
6102,1.2665E-5
6103,1.1462E-5
6104,1.3181E-5
6105,1.02E-7
6106,1.4892E-5
6107,1.3907E-5
6108,1.03E-7
6109,1.11E-7
6110,1.08E-7
6111,2.5035E-5
6112,1.5091E-5
6113,1.2015E-5
6114,1.15E-7
6115,3.7161E-5
6116,1.11E-7
6117,2.4022E-5
6118,1.21E-7
6119,9.049E-6
6120,1.1249E-5
6121,1.02E-7
6122,1.8165E-5
6123,1.41E-7
6124,1.19E-7
6125,3.7095E-5
6126,1.12E-7
6127,1.3006E-5
6128,1.04E-7
6129,1.9209E-5
6130,1.06E-7
6131,1.06E-7
6132,5.0874E-5
6133,2.2384E-5
6134,9.312E-6
6135,3.6445E-5
6136,9.093E-6
6137,8.713E-6
6138,2.5626E-5
6139,1.02E-7
6140,1.21E-7
6141,1.0802E-5
6142,1.04E-7
6143,1.9497E-5
6144,3.2073E-5
6145,7.931E-6
6146,9.023E-6
6147,2.7423E-5
6148,1.1081E-5
6149,9.9E-8
6150,7.766E-6
6151,1.667E-5
6152,1.0528E-5
6153,1.11E-7
6154,1.01E-7
6155,1.6529E-5
6156,1.7576E-5
6157,2.4014E-5
6158,2.8534E-5
6159,1.04E-7
6160,9.7E-8
6161,1.2E-7
6162,1.05E-7
6163,9.6E-8
6164,2.2014E-5
6165,3.8624E-5
6166,1.4627E-5
6167,1.12E-7
6168,1.44E-7
6169,1.8288E-5
6170,1.04E-7
6171,1.8946E-5
6172,1.02E-7
6173,1.36E-7
6174,1.6179E-5
6175,1.02E-7
6176,9.236E-6
6177,1.16E-7
6178,1.2847E-5
6179,9.58E-6
6180,8.132E-6
6181,1.04E-7
6182,1.1293E-5
6183,1.5444E-5
6184,1.04E-7
6185,1.5239E-5
6186,1.1171E-5
6187,1.1E-7
6188,1.03E-7
6189,9.8E-8
6190,1.49E-7
6191,7.253E-6
6192,2.3116E-5
6193,2.7022E-5
6194,6.286E-6
6195,9.434E-6
6196,1.05E-7
6197,9.9E-8
6198,1.42E-7
6199,1.05E-7
6200,1.32E-7
6201,3.5225E-5
6202,1.2042E-5
6203,1.21E-7
6204,1.01E-7
6205,1.03E-7
6206,1.2912E-5
6207,1.8311E-5
6208,9.8E-8
6209,1.373E-5
6210,6.993E-6
6211,1.0009E-5
6212,2.2771E-5
6213,1.22E-7
6214,2.7482E-5
6215,1.13E-7
6216,3.9498E-5
6217,2.349E-5
6218,1.1117E-5
6219,1.0E-7
6220,1.2125E-5
6221,1.1912E-5
6222,1.018E-5
6223,1.05E-7
6224,1.03E-7
6225,2.2983E-5
6226,2.5075E-5
6227,0.002869745
6228,2.1052E-5
6229,1.03E-7
6230,1.05E-7
6231,2.7893E-5
6232,1.6434E-5
6233,1.06E-7
6234,3.1347E-5
6235,1.03E-7
6236,1.04E-7
6237,4.296E-5
6238,1.17E-7
6239,2.3573E-5
6240,1.0703E-5
6241,2.8581E-5
6242,3.4053E-5
6243,1.8495E-5
6244,4.0568E-5
6245,9.279E-6
6246,1.12E-7
6247,1.07E-7
6248,9.013E-6
6249,1.06E-7
6250,9.7E-8
6251,1.07E-7
6252,1.15E-7
6253,8.339E-6
6254,9.6E-8
6255,1.03E-7
6256,1.03E-7
6257,2.5625E-5
6258,1.03E-7
6259,1.2E-7
6260,1.11E-7
6261,1.15E-7
6262,2.6931E-5
6263,2.386E-5
6264,2.9425E-5
6265,2.9641E-5
6266,8.203E-6
6267,3.6938E-5
6268,1.06E-7
6269,9.5E-8
6270,7.545E-6
6271,1.17E-7
6272,1.16E-7
6273,2.1127E-5
6274,1.14E-7
6275,9.9E-8
6276,3.3187E-5
6277,1.5324E-5
6278,2.1821E-5
6279,1.14E-7
6280,1.05E-7
6281,1.66E-7
6282,1.808E-5
6283,3.0531E-5
6284,9.727E-6
6285,1.3656E-5
6286,9.9E-8
6287,1.2962E-5
6288,3.6481E-5
6289,9.7E-8
6290,2.8733E-5
6291,1.0388E-5
6292,2.2348E-5
6293,2.1531E-5
6294,4.44E-5
6295,1.06E-7
6296,1.1E-7
6297,1.4191E-5
6298,9.754E-6
6299,1.4392E-5
6300,1.0253E-5
6301,1.05E-7
6302,3.4891E-5
6303,1.15E-7
6304,4.7359E-5
6305,1.19E-7
6306,1.9389E-5
6307,9.354E-6
6308,1.8757E-5
6309,1.07E-7
6310,3.0982E-5
6311,7.479E-6
6312,1.3806E-5
6313,1.0582E-5
6314,7.292E-6
6315,9.463E-6
6316,9.561E-6
6317,1.317E-5
6318,1.7264E-5
6319,9.913E-6
6320,9.013E-6
6321,2.3492E-5
6322,1.7326E-5
6323,9.9E-8
6324,4.1959E-5
6325,2.0186E-5
6326,1.9104E-5
6327,2.0774E-5
6328,9.204E-6
6329,1.02E-7
6330,1.4336E-5
6331,2.5239E-5
6332,2.176E-5
6333,1.8345E-5
6334,2.7893E-5
6335,9.4E-8
6336,1.319E-5
6337,9.716E-6
6338,1.2774E-5
6339,1.163E-5
6340,1.13E-7
6341,1.04E-7
6342,2.1867E-5
6343,9.9E-8
6344,1.6304E-5
6345,5.1663E-5
6346,1.12E-7
6347,2.6744E-5
6348,1.02E-7
6349,3.1712E-5
6350,1.17E-7
6351,8.201E-6
6352,9.153E-6
6353,1.06E-7
6354,1.9217E-5
6355,7.923E-6
6356,1.12E-7
6357,1.09E-7
6358,2.073E-5
6359,2.1726E-5
6360,1.03E-7
6361,1.192E-5
6362,3.1996E-5
6363,1.2942E-5
6364,1.0E-7
6365,1.13E-7
6366,2.4486E-5
6367,1.01E-7
6368,2.8495E-5
6369,1.08E-7
6370,1.08E-7
6371,2.8975E-5
6372,1.04E-7
6373,1.1471E-5
6374,1.3497E-5
6375,2.6732E-5
6376,1.1868E-5
6377,1.9526E-5
6378,1.3537E-5
6379,9.9E-8
6380,4.3541E-5
6381,7.795E-6
6382,1.0E-7
6383,3.0003E-5
6384,1.2061E-5
6385,1.906E-5
6386,9.411E-6
6387,1.1329E-5
6388,1.12E-7
6389,1.4398E-5
6390,1.0E-7
6391,1.27E-7
6392,9.5E-8
6393,9.375E-6
6394,1.08E-7
6395,1.2756E-5
6396,8.26E-6
6397,1.16E-7
6398,1.0095E-5
6399,3.2267E-5
6400,1.3954E-5
6401,1.36E-7
6402,1.1399E-5
6403,1.1893E-5
6404,1.1E-7
6405,1.1622E-5
6406,1.03E-7
6407,1.02E-7
6408,8.966E-6
6409,1.0023E-5
6410,1.04E-7
6411,1.11E-7
6412,2.0376E-5
6413,1.0538E-5
6414,1.2052E-5
6415,1.6298E-5
6416,1.11E-7
6417,1.0E-7
6418,1.16E-7
6419,1.4473E-5
6420,1.14E-7
6421,1.1063E-5
6422,1.3793E-5
6423,1.37E-7
6424,1.28E-7
6425,9.7E-8
6426,6.828E-6
6427,1.04E-7
6428,1.931E-5
6429,1.4522E-5
6430,8.89E-6
6431,9.7E-8
6432,1.2643E-5
6433,1.1E-7
6434,1.01E-7
6435,1.3164E-5
6436,1.0E-7
6437,1.03E-7
6438,1.0E-7
6439,9.2E-8
6440,3.2535E-5
6441,1.02E-7
6442,1.06E-7
6443,0.007041467
6444,6.582E-6
6445,2.7244E-5
6446,1.14E-7
6447,1.4856E-5
6448,7.98E-6
6449,1.03E-7
6450,1.0E-7
6451,9.284E-6
6452,1.1008E-5
6453,1.11E-7
6454,1.07E-7
6455,1.1E-7
6456,2.8532E-5
6457,2.3562E-5
6458,6.3713E-5
6459,1.0E-7
6460,1.02E-7
6461,3.8238E-5
6462,3.2839E-5
6463,1.8579E-5
6464,1.05E-7
6465,9.721E-6
6466,1.8786E-5
6467,1.2771E-5
6468,1.06E-7
6469,1.23E-7
6470,2.2135E-5
6471,9.945E-6
6472,1.2143E-5
6473,1.0E-7
6474,9.0E-6
6475,1.252E-5
6476,1.02E-7
6477,7.531E-6
6478,1.5941E-5
6479,1.3858E-5
6480,1.6853E-5
6481,1.8402E-5
6482,2.5622E-5
6483,1.26E-7
6484,1.9554E-5
6485,1.8868E-5
6486,8.336E-6
6487,1.1146E-5
6488,2.1985E-5
6489,1.9722E-5
6490,1.7199E-5
6491,9.6E-8
6492,2.8001E-5
6493,1.0408E-5
6494,1.3409E-5
6495,2.0866E-5
6496,1.03E-7
6497,1.0058E-5
6498,1.2724E-5
6499,4.0223E-5
6500,1.14E-7
6501,1.6313E-5
6502,1.06E-7
6503,1.5538E-5
6504,2.2656E-5
6505,1.8738E-5
6506,1.06E-7
6507,2.1628E-5
6508,1.16E-7
6509,1.24E-7
6510,2.1543E-5
6511,8.368E-6
6512,1.0E-7
6513,1.19E-7
6514,8.767E-6
6515,2.1432E-5
6516,7.976E-6
6517,7.918E-6
6518,1.1E-7
6519,1.16E-7
6520,7.449E-6
6521,1.1988E-5
6522,2.018E-5
6523,1.1492E-5
6524,1.02E-7
6525,1.04E-7
6526,1.2846E-5
6527,1.3435E-5
6528,1.4272E-5
6529,1.6332E-5
6530,1.06E-7
6531,1.0E-7
6532,1.1E-7
6533,1.24E-7
6534,3.2756E-5
6535,1.8887E-5
6536,6.193E-6
6537,1.32E-7
6538,1.09E-7
6539,1.067E-5
6540,1.7412E-5
6541,1.7194E-5
6542,2.8412E-5
6543,9.5E-8
6544,5.8939E-5
6545,1.21E-7
6546,2.057E-5
6547,9.562E-6
6548,1.0E-7
6549,2.1857E-5
6550,1.1E-7
6551,8.88E-6
6552,8.31E-6
6553,9.683E-6
6554,2.6117E-5
6555,1.06E-7
6556,9.2E-8
6557,2.1157E-5
6558,1.09E-7
6559,3.5889E-5
6560,2.5923E-5
6561,1.6974E-5
6562,1.07E-7
6563,1.42E-5
6564,1.1535E-5
6565,9.7E-8
6566,1.43E-5
6567,9.24E-6
6568,9.371E-6
6569,1.02E-7
6570,1.04E-7
6571,1.38E-7
6572,1.06E-7
6573,1.23E-7
6574,2.6175E-5
6575,1.04E-7
6576,1.8789E-5
6577,1.34E-7
6578,2.4502E-5
6579,1.03E-7
6580,9.5E-8
6581,7.455E-6
6582,2.1965E-5
6583,1.1385E-5
6584,1.05E-7
6585,1.28E-7
6586,3.7503E-5
6587,9.6E-8
6588,1.8725E-5
6589,1.11E-7
6590,3.2466E-5
6591,1.26E-7
6592,2.6811E-5
6593,9.9E-8
6594,1.0E-7
6595,9.152E-6
6596,1.05E-7
6597,1.4344E-5
6598,1.1737E-5
6599,9.7E-8
6600,1.18E-5
6601,1.06E-7
6602,3.5549E-5
6603,3.9508E-5
6604,9.9E-8
6605,2.1622E-5
6606,2.3866E-5
6607,1.3281E-5
6608,1.214E-5
6609,1.6891E-5
6610,6.825E-6
6611,2.4931E-5
6612,2.0421E-5
6613,1.7322E-5
6614,1.7539E-5
6615,3.2914E-5
6616,1.07E-7
6617,1.16E-7
6618,1.0179E-5
6619,1.6085E-5
6620,1.211E-5
6621,0.003088417
6622,1.9215E-5
6623,1.8678E-5
6624,9.8E-8
6625,1.05E-7
6626,1.2223E-5
6627,1.22E-7
6628,2.6037E-5
6629,1.06E-7
6630,1.0539E-5
6631,9.8E-8
6632,2.6512E-5
6633,1.03E-7
6634,9.317E-6
6635,1.03E-7
6636,1.13E-7
6637,1.7621E-5
6638,1.1792E-5
6639,1.0E-7
6640,1.09E-7
6641,2.4205E-5
6642,1.13E-7
6643,2.1912E-5
6644,1.05E-7
6645,1.01E-7
6646,1.3989E-5
6647,6.334E-6
6648,1.2262E-5
6649,1.1042E-5
6650,1.6125E-5
6651,2.852E-5
6652,1.0774E-5
6653,1.6844E-5
6654,1.729E-5
6655,1.1575E-5
6656,1.01E-7
6657,1.5701E-5
6658,1.2919E-5
6659,1.1643E-5
6660,9.112E-6
6661,1.06E-7
6662,2.1339E-5
6663,8.068E-6
6664,1.615E-5
6665,1.1737E-5
6666,1.14E-7
6667,9.9E-8
6668,1.11E-7
6669,2.9292E-5
6670,1.273E-5
6671,2.3468E-5
6672,1.2494E-5
6673,1.4468E-5
6674,1.06E-7
6675,1.04E-7
6676,1.5239E-5
6677,1.152E-5
6678,1.6739E-5
6679,1.1427E-5
6680,1.06E-7
6681,9.5E-8
6682,3.4496E-5
6683,9.712E-6
6684,7.232E-6
6685,1.3651E-5
6686,1.8987E-5
6687,1.13E-7
6688,1.8475E-5
6689,1.13E-7
6690,1.0198E-5
6691,8.124E-6
6692,4.3101E-5
6693,1.7612E-5
6694,9.8E-8
6695,8.562E-6
6696,2.2049E-5
6697,1.0108E-5
6698,7.269E-6
6699,1.179E-5
6700,1.02E-7
6701,9.681E-6
6702,4.552E-5
6703,1.04E-7
6704,7.891E-6
6705,4.6414E-5
6706,1.01E-7
6707,1.7962E-5
6708,2.6629E-5
6709,9.8E-8
6710,2.9508E-5
6711,1.08E-7
6712,3.2315E-5
6713,7.661E-6
6714,9.9E-8
6715,1.12E-7
6716,9.271E-6
6717,4.18E-5
6718,1.06E-7
6719,1.13E-7
6720,1.4688E-5
6721,3.6703E-5
6722,1.09E-7
6723,2.9956E-5
6724,9.062E-6
6725,1.9332E-5
6726,2.2913E-5
6727,1.04E-7
6728,1.9469E-5
6729,2.4137E-5
6730,1.8123E-5
6731,1.892E-5
6732,1.2508E-5
6733,9.9E-8
6734,1.8633E-5
6735,1.5038E-5
6736,1.321E-5
6737,9.801E-6
6738,2.8901E-5
6739,6.3926E-5
6740,2.0689E-5
6741,1.1823E-5
6742,1.04E-7
6743,6.767E-6
6744,1.7502E-5
6745,9.8E-8
6746,1.06E-7
6747,1.0838E-5
6748,1.0E-7
6749,2.3654E-5
6750,1.0436E-5
6751,2.3483E-5
6752,1.9981E-5
6753,1.5542E-5
6754,3.0255E-5
6755,9.6E-8
6756,9.8E-8
6757,1.07E-7
6758,9.551E-6
6759,1.259E-5
6760,1.02E-7
6761,1.794E-5
6762,3.6054E-5
6763,2.144E-5
6764,1.5734E-5
6765,9.9E-8
6766,1.7364E-5
6767,1.1665E-5
6768,3.0588E-5
6769,1.0822E-5
6770,1.04E-7
6771,1.9027E-5
6772,2.4705E-5
6773,9.8E-8
6774,1.24E-7
6775,7.807E-6
6776,1.8874E-5
6777,1.4517E-5
6778,1.8639E-5
6779,9.6E-8
6780,1.07E-7
6781,1.0846E-5
6782,9.341E-6
6783,2.5662E-5
6784,1.09E-7
6785,1.07E-7
6786,1.19E-7
6787,3.2325E-5
6788,1.11E-7
6789,9.9E-8
6790,1.5965E-5
6791,9.9E-8
6792,2.1561E-5
6793,2.2401E-5
6794,1.2011E-5
6795,8.888E-6
6796,9.568E-6
6797,7.898E-6
6798,1.5779E-5
6799,1.06E-7
6800,1.12E-7
6801,1.1028E-5
6802,2.6118E-5
6803,9.93E-6
6804,8.659E-6
6805,1.1015E-5
6806,2.4027E-5
6807,1.958E-5
6808,1.27E-7
6809,1.0173E-5
6810,1.0E-7
6811,3.1252E-5
6812,1.9814E-5
6813,1.15E-7
6814,1.4725E-5
6815,1.12E-7
6816,2.6844E-5
6817,3.6069E-5
6818,2.1807E-5
6819,1.2416E-5
6820,1.0166E-5
6821,1.06E-7
6822,7.084E-6
6823,1.6408E-5
6824,2.1903E-5
6825,2.4088E-5
6826,1.0E-7
6827,2.6457E-5
6828,3.4611E-5
6829,1.6143E-5
6830,3.1862E-5
6831,1.11E-7
6832,1.7967E-5
6833,1.6134E-5
6834,1.01E-7
6835,2.0856E-5
6836,9.9E-8
6837,1.235E-5
6838,2.2242E-5
6839,1.3141E-5
6840,1.4627E-5
6841,8.625E-6
6842,2.1261E-5
6843,4.31741E-4
6844,9.528E-6
6845,2.2679E-5
6846,2.2116E-5
6847,1.446E-5
6848,8.807E-6
6849,9.7E-8
6850,1.0053E-5
6851,2.1864E-5
6852,1.06E-7
6853,1.03E-7
6854,1.04E-7
6855,1.03E-7
6856,4.4577E-5
6857,2.2728E-5
6858,1.21E-7
6859,3.7946E-5
6860,8.237E-6
6861,9.151E-6
6862,1.09E-7
6863,2.3866E-5
6864,1.1391E-5
6865,2.5999E-5
6866,2.1357E-5
6867,1.5488E-5
6868,1.7108E-5
6869,1.1487E-5
6870,8.771E-6
6871,2.8923E-5
6872,6.224E-6
6873,9.8E-8
6874,1.4576E-5
6875,2.7795E-5
6876,9.072E-6
6877,1.05E-7
6878,1.1814E-5
6879,5.691E-6
6880,1.5069E-5
6881,1.14E-7
6882,1.0E-7
6883,3.79E-5
6884,8.389E-6
6885,2.4024E-5
6886,9.9E-8
6887,1.07E-7
6888,1.2761E-5
6889,1.9485E-5
6890,1.1609E-5
6891,2.0709E-5
6892,2.0583E-5
6893,1.25E-7
6894,1.6132E-5
6895,1.5586E-5
6896,1.2002E-5
6897,2.0676E-5
6898,1.0391E-5
6899,1.15E-7
6900,2.1116E-5
6901,4.9038E-5
6902,3.6424E-5
6903,2.026E-5
6904,1.09E-7
6905,4.4666E-5
6906,1.01E-7
6907,7.078E-6
6908,1.0E-7
6909,1.05E-7
6910,1.1528E-5
6911,1.07E-7
6912,1.01E-7
6913,1.9339E-5
6914,1.2602E-5
6915,1.1E-7
6916,1.2253E-5
6917,1.3952E-5
6918,1.0E-7
6919,2.0303E-5
6920,1.01E-7
6921,1.3512E-5
6922,2.253E-5
6923,1.21E-7
6924,1.9307E-5
6925,1.0347E-5
6926,1.06E-7
6927,1.33E-7
6928,2.4888E-5
6929,2.5057E-5
6930,3.7164E-5
6931,9.657E-6
6932,1.9631E-5
6933,4.0678E-5
6934,2.794E-5
6935,2.3031E-5
6936,9.175E-6
6937,9.843E-6
6938,1.19E-7
6939,1.11E-7
6940,9.541E-6
6941,2.4096E-5
6942,1.4626E-5
6943,9.9E-8
6944,2.0572E-5
6945,1.13E-7
6946,2.808E-5
6947,1.3781E-5
6948,3.1906E-5
6949,1.05E-7
6950,8.095E-6
6951,6.981E-6
6952,1.21E-7
6953,2.4023E-5
6954,1.04E-7
6955,7.185E-6
6956,1.13E-7
6957,1.2766E-5
6958,4.3097E-5
6959,1.0189E-5
6960,9.251E-6
6961,3.3353E-5
6962,1.726E-5
6963,1.02E-7
6964,2.5675E-5
6965,4.8695E-5
6966,1.9168E-5
6967,1.8255E-5
6968,2.5958E-5
6969,1.0141E-5
6970,1.09E-7
6971,1.14E-7
6972,1.0E-7
6973,3.0997E-5
6974,1.1441E-5
6975,1.12E-7
6976,2.0774E-5
6977,1.2568E-5
6978,1.0017E-5
6979,1.9832E-5
6980,9.768E-6
6981,1.7079E-5
6982,2.4571E-5
6983,1.7773E-5
6984,2.4961E-5
6985,2.1768E-5
6986,1.14E-7
6987,3.1062E-5
6988,1.05E-7
6989,1.14E-7
6990,9.715E-6
6991,2.0029E-5
6992,8.754E-6
6993,1.1776E-5
6994,1.13E-7
6995,1.858E-5
6996,2.2219E-5
6997,2.3678E-5
6998,1.0085E-5
6999,3.529E-5
7000,1.7817E-5
7001,1.01E-7
7002,2.9966E-5
7003,1.2846E-5
7004,8.034E-6
7005,1.4092E-5
7006,4.8371E-5
7007,1.21E-7
7008,1.0E-7
7009,1.6248E-5
7010,2.6122E-5
7011,2.7114E-5
7012,2.5323E-5
7013,2.0881E-5
7014,3.2927E-5
7015,1.17E-7
7016,1.1551E-5
7017,1.6849E-5
7018,1.7395E-5
7019,1.11E-7
7020,1.29E-7
7021,1.06E-7
7022,1.04E-7
7023,1.231E-5
7024,1.4232E-5
7025,9.491E-6
7026,4.36E-5
7027,3.6832E-5
7028,2.2719E-5
7029,2.0516E-5
7030,1.6057E-5
7031,7.817E-6
7032,1.8301E-5
7033,1.15E-7
7034,9.197E-6
7035,1.3388E-5
7036,3.8739E-5
7037,5.48E-5
7038,1.6071E-5
7039,1.9831E-5
7040,1.01E-7
7041,3.7716E-5
7042,2.1443E-5
7043,1.07E-7
7044,1.3663E-5
7045,1.0E-7
7046,1.4633E-5
7047,1.08E-7
7048,1.4888E-5
7049,1.09E-7
7050,1.0697E-5
7051,2.6579E-5
7052,1.2E-7
7053,2.6567E-5
7054,2.6894E-5
7055,9.996E-6
7056,4.0009E-5
7057,3.4342E-5
7058,1.7309E-5
7059,1.3914E-5
7060,1.797E-5
7061,3.7126E-5
7062,2.12582E-4
7063,3.456E-5
7064,9.9E-8
7065,7.263E-6
7066,1.3953E-5
7067,1.1734E-5
7068,1.3543E-5
7069,3.4991E-5
7070,5.991E-6
7071,1.08E-7
7072,4.5809E-5
7073,1.2497E-5
7074,1.6715E-5
7075,1.2233E-5
7076,1.05E-7
7077,2.0153E-5
7078,1.4395E-5
7079,2.5112E-5
7080,1.0113E-5
7081,1.1363E-5
7082,1.165E-5
7083,1.01E-7
7084,2.6425E-5
7085,1.432E-5
7086,2.0352E-5
7087,1.09E-7
7088,3.093E-5
7089,9.746E-6
7090,1.11E-7
7091,1.01E-7
7092,1.08E-7
7093,1.24E-7
7094,1.07E-7
7095,7.496E-6
7096,1.9122E-5
7097,2.5438E-5
7098,1.04E-7
7099,7.602E-6
7100,1.07E-7
7101,9.9E-8
7102,1.1583E-5
7103,1.02E-7
7104,1.16E-7
7105,1.03E-7
7106,1.19E-7
7107,3.582E-5
7108,1.18E-7
7109,4.4384E-5
7110,1.9715E-5
7111,2.8217E-5
7112,1.14E-7
7113,3.1817E-5
7114,1.1108E-5
7115,1.6446E-5
7116,7.687E-6
7117,1.29E-7
7118,2.2063E-5
7119,1.5056E-5
7120,1.07E-7
7121,8.137E-6
7122,3.5898E-5
7123,2.0745E-5
7124,2.3946E-5
7125,7.442E-6
7126,1.093E-5
7127,2.9041E-5
7128,1.6175E-5
7129,0.014839807
7130,2.4794E-5
7131,2.8307E-5
7132,8.866E-6
7133,1.3022E-5
7134,1.9447E-5
7135,9.418E-6
7136,1.13E-7
7137,1.4823E-5
7138,1.6196E-5
7139,2.913E-5
7140,2.1023E-5
7141,1.0E-7
7142,1.15E-7
7143,1.2845E-5
7144,1.1484E-5
7145,1.4753E-5
7146,1.01E-7
7147,2.1495E-5
7148,1.01E-7
7149,1.24E-7
7150,3.7604E-5
7151,1.2148E-5
7152,1.7704E-5
7153,7.896E-6
7154,1.1832E-5
7155,1.01E-7
7156,1.13E-7
7157,3.1793E-5
7158,2.6971E-5
7159,2.2655E-5
7160,1.4247E-5
7161,2.3424E-5
7162,2.9753E-5
7163,1.705E-5
7164,9.124E-6
7165,1.225E-5
7166,1.0077E-5
7167,1.2E-7
7168,1.6063E-5
7169,2.191E-5
7170,1.03E-7
7171,3.5787E-5
7172,1.0636E-5
7173,1.811E-5
7174,2.008E-5
7175,2.3156E-5
7176,1.02E-7
7177,1.31E-7
7178,5.6963E-5
7179,2.6897E-5
7180,2.8484E-5
7181,1.02E-7
7182,2.5942E-5
7183,2.6379E-5
7184,1.16E-7
7185,1.8763E-5
7186,2.0888E-5
7187,8.22E-6
7188,1.4585E-5
7189,1.1281E-5
7190,9.637E-6
7191,1.07E-7
7192,1.0E-7
7193,1.6431E-5
7194,9.024E-6
7195,8.374E-6
7196,1.3E-7
7197,1.998E-5
7198,1.1E-7
7199,9.804E-6
7200,1.1409E-5
7201,1.4242E-5
7202,1.05E-7
7203,2.4039E-5
7204,1.1677E-5
7205,8.174E-6
7206,9.8E-8
7207,4.2004E-5
7208,2.2093E-5
7209,1.9891E-5
7210,1.9008E-5
7211,1.14E-7
7212,1.2778E-5
7213,9.057E-6
7214,1.07E-7
7215,2.7655E-5
7216,1.09E-7
7217,0.001222136
7218,9.8E-8
7219,3.2873E-5
7220,9.721E-6
7221,3.3093E-5
7222,9.8E-8
7223,1.1E-7
7224,8.946E-6
7225,1.02E-7
7226,1.7095E-5
7227,1.9649E-5
7228,2.2656E-5
7229,1.5198E-5
7230,9.9E-8
7231,1.01E-7
7232,1.7036E-5
7233,1.9657E-5
7234,1.0116E-5
7235,1.8948E-5
7236,2.8943E-5
7237,3.5174E-5
7238,1.11E-7
7239,7.747E-6
7240,5.2582E-5
7241,1.0905E-5
7242,2.2589E-5
7243,1.3752E-5
7244,1.22E-7
7245,5.0567E-5
7246,9.6E-8
7247,0.005972351
7248,3.2131E-5
7249,9.339E-6
7250,3.2293E-5
7251,9.406E-6
7252,1.06E-7
7253,1.09E-7
7254,1.07E-7
7255,1.8305E-5
7256,8.526E-6
7257,1.7887E-5
7258,9.9E-8
7259,1.02E-7
7260,1.1733E-5
7261,1.0329E-5
7262,1.3907E-5
7263,8.124E-6
7264,1.3951E-5
7265,3.0801E-5
7266,2.2645E-5
7267,1.3146E-5
7268,4.3662E-5
7269,1.113E-5
7270,1.9957E-5
7271,1.11E-7
7272,9.342E-6
7273,2.2003E-5
7274,1.09E-7
7275,4.0142E-5
7276,1.11E-7
7277,1.833E-5
7278,1.22E-7
7279,2.8844E-5
7280,2.322E-5
7281,9.793E-6
7282,1.7876E-5
7283,1.6828E-5
7284,9.983E-6
7285,1.08E-7
7286,1.09E-7
7287,1.16E-7
7288,1.6362E-5
7289,8.417E-6
7290,2.1393E-5
7291,8.044E-6
7292,2.9346E-5
7293,4.3755E-5
7294,2.7885E-5
7295,1.894E-6
7296,1.2679E-5
7297,2.4068E-5
7298,1.05E-7
7299,6.597E-6
7300,2.4359E-5
7301,1.33E-7
7302,6.197E-6
7303,1.2934E-5
7304,1.2013E-5
7305,2.1566E-5
7306,2.9579E-5
7307,1.6618E-5
7308,1.13E-7
7309,2.0102E-5
7310,1.3638E-5
7311,1.8474E-5
7312,1.2926E-5
7313,1.02E-7
7314,1.5746E-5
7315,2.4138E-5
7316,5.0247E-5
7317,2.3197E-5
7318,3.9174E-5
7319,2.5515E-5
7320,2.4082E-5
7321,9.782E-6
7322,4.6785E-5
7323,1.2925E-5
7324,1.07E-7
7325,1.01E-7
7326,1.1E-7
7327,1.14E-7
7328,1.07E-5
7329,2.0663E-5
7330,1.2061E-5
7331,2.4799E-5
7332,1.1035E-5
7333,2.6009E-5
7334,9.7E-8
7335,1.12E-7
7336,2.9729E-5
7337,1.03E-7
7338,1.2288E-5
7339,1.9299E-5
7340,1.05E-7
7341,3.8307E-5
7342,1.2036E-5
7343,2.7382E-5
7344,1.7648E-5
7345,1.5764E-5
7346,1.4616E-5
7347,1.0423E-5
7348,2.6986E-5
7349,1.7339E-5
7350,3.4492E-5
7351,1.07E-7
7352,8.977E-6
7353,1.07E-7
7354,2.1064E-5
7355,2.223E-5
7356,1.5315E-5
7357,1.4953E-5
7358,1.4741E-5
7359,9.659E-6
7360,3.2681E-5
7361,1.22E-7
7362,1.0866E-5
7363,1.1994E-5
7364,0.012954373
7365,1.9662E-5
7366,1.08E-7
7367,1.7985E-5
7368,1.0885E-5
7369,1.9609E-5
7370,1.21E-7
7371,9.634E-6
7372,2.781E-5
7373,4.4266E-5
7374,3.9537E-5
7375,2.5497E-5
7376,4.8633E-5
7377,8.153E-6
7378,1.839E-5
7379,1.07E-7
7380,1.4818E-5
7381,4.7036E-5
7382,8.478E-6
7383,9.077E-6
7384,2.6926E-5
7385,9.9E-8
7386,1.01E-7
7387,1.4357E-5
7388,9.326E-6
7389,2.7171E-5
7390,8.461E-6
7391,2.9299E-5
7392,3.4797E-5
7393,9.8E-8
7394,2.0788E-5
7395,1.02E-7
7396,2.8646E-5
7397,1.08E-7
7398,1.439E-5
7399,9.962E-6
7400,1.4904E-5
7401,1.18E-7
7402,1.25E-7
7403,1.0E-7
7404,1.354E-5
7405,1.03E-7
7406,1.09E-7
7407,1.08E-7
7408,3.9343E-5
7409,1.02E-7
7410,3.6183E-5
7411,1.2096E-5
7412,1.3712E-5
7413,1.7313E-5
7414,1.08E-7
7415,2.3292E-5
7416,1.02E-7
7417,1.04E-7
7418,1.39E-7
7419,1.048E-5
7420,8.283E-6
7421,2.5176E-5
7422,1.7627E-5
7423,1.09E-7
7424,1.729E-5
7425,8.153E-6
7426,1.11E-7
7427,1.14E-7
7428,1.08E-7
7429,9.509E-6
7430,1.4214E-5
7431,2.0617E-5
7432,3.4773E-5
7433,2.5197E-5
7434,3.3165E-5
7435,9.9E-8
7436,2.5902E-5
7437,7.946E-6
7438,8.387E-6
7439,1.13E-7
7440,1.01E-7
7441,8.206E-6
7442,2.1803E-5
7443,1.8904E-5
7444,1.6504E-5
7445,3.157E-5
7446,2.2734E-5
7447,1.6111E-5
7448,1.11E-7
7449,1.19E-7
7450,1.3944E-5
7451,1.05E-7
7452,1.8487E-5
7453,1.11E-7
7454,3.2242E-5
7455,1.08E-7
7456,1.08E-7
7457,1.04E-7
7458,4.0656E-5
7459,1.0626E-5
7460,7.77E-6
7461,4.007E-5
7462,1.05E-7
7463,1.2781E-5
7464,1.0E-7
7465,1.3341E-5
7466,2.6435E-5
7467,1.14E-7
7468,5.3357E-5
7469,1.25E-7
7470,1.01E-7
7471,3.4952E-5
7472,1.306E-5
7473,1.8797E-5
7474,1.6848E-5
7475,1.2382E-5
7476,1.0976E-5
7477,1.0945E-5
7478,1.1E-7
7479,1.0E-7
7480,1.08E-7
7481,2.9008E-5
7482,2.0938E-5
7483,1.1214E-5
7484,1.02E-7
7485,3.0893E-5
7486,7.356E-6
7487,9.307E-6
7488,1.01E-7
7489,1.6356E-5
7490,1.535E-5
7491,1.9101E-5
7492,1.14E-7
7493,3.2759E-5
7494,2.4906E-5
7495,1.8802E-5
7496,3.0756E-5
7497,1.7189E-5
7498,1.959E-5
7499,1.09E-7
7500,1.01E-7
7501,2.2299E-5
7502,1.9387E-5
7503,1.3383E-5
7504,2.2799E-5
7505,1.429E-5
7506,0.001189805
7507,3.8757E-5
7508,1.0362E-5
7509,6.594E-6
7510,1.462E-5
7511,2.0722E-5
7512,1.25E-7
7513,1.14E-7
7514,1.05E-7
7515,9.451E-6
7516,1.05E-7
7517,1.9664E-5
7518,2.4001E-5
7519,1.07E-7
7520,2.3565E-5
7521,9.5E-8
7522,2.1486E-5
7523,9.249E-6
7524,3.1494E-5
7525,1.9757E-5
7526,1.5102E-5
7527,1.0523E-5
7528,6.38E-6
7529,1.07E-7
7530,1.7759E-5
7531,1.023E-5
7532,1.04E-7
7533,9.8E-8
7534,2.0779E-5
7535,1.4274E-5
7536,1.6391E-5
7537,1.17E-7
7538,1.4605E-5
7539,5.0645E-5
7540,1.4321E-5
7541,1.3891E-5
7542,4.7394E-5
7543,1.8033E-5
7544,1.1365E-5
7545,3.0474E-5
7546,5.1507E-5
7547,1.3543E-5
7548,3.9235E-5
7549,5.5155E-5
7550,1.5569E-5
7551,1.12E-7
7552,1.05E-7
7553,1.15E-7
7554,1.1E-7
7555,2.3126E-5
7556,1.02E-7
7557,2.1449E-5
7558,3.0995E-5
7559,1.29E-7
7560,1.1384E-5
7561,1.05E-7
7562,3.3814E-5
7563,1.4279E-5
7564,1.9321E-5
7565,1.2957E-5
7566,7.83E-6
7567,1.09E-7
7568,1.1768E-5
7569,8.62E-6
7570,1.7443E-5
7571,3.2553E-5
7572,1.0973E-5
7573,1.38E-7
7574,2.8991E-5
7575,1.1159E-5
7576,9.392E-6
7577,9.156E-6
7578,2.2128E-5
7579,2.3884E-5
7580,1.177E-5
7581,1.4926E-5
7582,2.6296E-5
7583,1.5338E-5
7584,9.3E-8
7585,2.6345E-5
7586,4.2715E-5
7587,1.3714E-5
7588,1.7154E-5
7589,9.73E-6
7590,1.9223E-5
7591,1.1569E-5
7592,9.866E-6
7593,1.6162E-5
7594,1.08E-7
7595,5.049E-6
7596,3.586E-5
7597,1.4495E-5
7598,1.9639E-5
7599,2.2255E-5
7600,1.1056E-5
7601,9.9E-8
7602,2.1617E-5
7603,2.6925E-5
7604,1.7644E-5
7605,1.2239E-5
7606,8.449E-6
7607,3.1397E-5
7608,2.9928E-5
7609,1.1742E-5
7610,1.23E-7
7611,2.6055E-5
7612,9.922E-6
7613,1.4491E-5
7614,2.8259E-5
7615,1.4155E-5
7616,8.475E-6
7617,2.4259E-5
7618,1.01E-7
7619,1.0342E-5
7620,4.142E-5
7621,9.129E-6
7622,9.9E-8
7623,1.0E-7
7624,9.6E-8
7625,1.2468E-5
7626,1.16E-7
7627,1.4846E-5
7628,1.05E-7
7629,2.7286E-5
7630,3.5093E-5
7631,2.5831E-5
7632,2.6409E-5
7633,1.054E-5
7634,1.8529E-5
7635,1.6304E-5
7636,9.752E-6
7637,2.5942E-5
7638,8.477E-6
7639,2.7636E-5
7640,9.7E-8
7641,4.0396E-5
7642,1.09E-7
7643,2.5954E-5
7644,8.246E-6
7645,1.07E-7
7646,2.577E-5
7647,8.034E-6
7648,1.08E-7
7649,3.637E-5
7650,2.1935E-5
7651,1.07E-7
7652,1.8484E-5
7653,9.091E-6
7654,2.917E-5
7655,1.05E-7
7656,1.0544E-5
7657,1.04E-7
7658,3.8753E-5
7659,1.08E-7
7660,1.6767E-5
7661,1.103E-5
7662,1.12E-7
7663,1.13E-7
7664,2.5204E-5
7665,1.1635E-5
7666,1.8702E-5
7667,1.0604E-5
7668,1.6266E-5
7669,2.3175E-5
7670,1.1546E-5
7671,1.05E-7
7672,1.1059E-5
7673,2.3335E-5
7674,1.7564E-5
7675,1.57E-7
7676,2.8755E-5
7677,1.9512E-5
7678,1.02E-7
7679,1.05E-7
7680,9.7E-8
7681,1.4772E-5
7682,1.743E-5
7683,2.3629E-5
7684,4.0925E-5
7685,1.12E-7
7686,1.0E-7
7687,1.14E-7
7688,2.6674E-5
7689,2.0661E-5
7690,2.3834E-5
7691,1.565E-5
7692,1.681E-5
7693,3.9887E-5
7694,3.8882E-5
7695,1.6253E-5
7696,1.01E-7
7697,2.3309E-5
7698,1.09E-7
7699,1.0559E-5
7700,2.694E-5
7701,4.2014E-5
7702,3.4841E-5
7703,1.5033E-5
7704,9.345E-6
7705,1.0678E-5
7706,2.5765E-5
7707,1.484E-5
7708,1.8387E-5
7709,2.2106E-5
7710,1.07E-7
7711,1.44E-7
7712,1.14E-7
7713,2.0969E-5
7714,3.288E-5
7715,2.0148E-5
7716,1.1E-7
7717,1.2E-7
7718,1.783E-5
7719,4.4197E-5
7720,3.8976E-5
7721,4.2242E-5
7722,9.815E-6
7723,1.15E-7
7724,1.05E-7
7725,1.14E-7
7726,3.206E-5
7727,1.03E-7
7728,1.0353E-5
7729,9.9E-8
7730,1.26E-7
7731,9.996E-6
7732,1.4002E-5
7733,5.2254E-5
7734,8.996E-6
7735,1.3831E-5
7736,1.8813E-5
7737,1.07E-7
7738,2.6326E-5
7739,1.08E-7
7740,9.224E-6
7741,1.17E-7
7742,3.7687E-5
7743,1.2835E-5
7744,1.02E-7
7745,1.05E-7
7746,1.3323E-5
7747,2.2891E-5
7748,1.31E-7
7749,3.592E-5
7750,2.9222E-5
7751,2.2976E-5
7752,1.091E-5
7753,1.9469E-5
7754,2.1162E-5
7755,1.3937E-5
7756,1.3872E-5
7757,1.24E-7
7758,1.1626E-5
7759,1.16E-7
7760,9.045E-6
7761,9.9E-8
7762,1.8649E-5
7763,1.08E-7
7764,1.3679E-5
7765,1.04E-7
7766,1.06E-7
7767,3.5138E-5
7768,1.1824E-5
7769,1.0625E-5
7770,1.0402E-5
7771,1.03E-7
7772,1.15E-7
7773,2.6336E-5
7774,3.5628E-5
7775,1.7866E-5
7776,3.884E-5
7777,1.1E-7
7778,1.19E-7
7779,2.1802E-5
7780,8.316E-6
7781,3.1123E-5
7782,1.06E-7
7783,7.742E-6
7784,1.625E-5
7785,1.03E-7
7786,9.971E-6
7787,7.243E-6
7788,2.4112E-5
7789,1.489E-5
7790,1.09E-7
7791,1.0E-7
7792,2.1028E-5
7793,2.4573E-5
7794,1.08E-7
7795,2.0446E-5
7796,1.4322E-5
7797,1.2027E-5
7798,1.8771E-5
7799,1.0292E-5
7800,2.0428E-5
7801,1.0E-7
7802,9.8E-8
7803,1.8474E-5
7804,4.0607E-5
7805,2.7188E-5
7806,1.05E-7
7807,9.374E-6
7808,9.777E-6
7809,9.409E-6
7810,1.111E-5
7811,2.6895E-5
7812,1.2935E-5
7813,8.07E-6
7814,3.1323E-5
7815,3.2174E-5
7816,1.3477E-5
7817,1.22E-5
7818,2.3452E-5
7819,1.01E-7
7820,2.3798E-5
7821,1.9421E-5
7822,9.4E-8
7823,1.07E-7
7824,3.4673E-5
7825,2.5214E-5
7826,1.19E-7
7827,1.29E-7
7828,2.9477E-5
7829,1.06E-7
7830,1.1589E-5
7831,7.067E-6
7832,1.12E-7
7833,1.0206E-5
7834,4.2734E-5
7835,1.1486E-5
7836,1.05E-7
7837,1.6117E-5
7838,1.32E-7
7839,1.11E-7
7840,4.2455E-5
7841,1.16E-7
7842,1.7002E-5
7843,1.4664E-5
7844,3.5276E-5
7845,1.0538E-5
7846,1.11E-7
7847,7.335E-6
7848,1.6508E-5
7849,3.1739E-5
7850,1.5626E-5
7851,1.3E-7
7852,9.454E-6
7853,5.0625E-5
7854,9.7E-8
7855,1.7295E-5
7856,2.2211E-5
7857,3.7312E-5
7858,2.1823E-5
7859,1.09E-7
7860,1.1761E-5
7861,1.4584E-5
7862,1.7358E-5
7863,0.011963015
7864,1.05E-7
7865,1.14E-7
7866,1.2945E-5
7867,3.3429E-5
7868,1.18E-7
7869,1.32E-5
7870,1.825E-5
7871,1.4588E-5
7872,9.1E-8
7873,1.0E-7
7874,3.7244E-5
7875,1.1E-7
7876,2.1699E-5
7877,2.3993E-5
7878,2.3361E-5
7879,8.434E-6
7880,9.6E-8
7881,1.04E-7
7882,1.5212E-5
7883,1.2493E-5
7884,2.5954E-5
7885,1.6792E-5
7886,5.3313E-5
7887,3.5455E-5
7888,9.4E-8
7889,7.197E-6
7890,2.423E-5
7891,2.1321E-5
7892,1.2663E-5
7893,1.9187E-5
7894,1.5216E-5
7895,9.706E-6
7896,3.6171E-5
7897,2.6899E-5
7898,2.9376E-5
7899,1.16E-7
7900,4.3608E-5
7901,1.1671E-5
7902,1.6783E-5
7903,1.1636E-5
7904,1.04E-7
7905,9.289E-6
7906,1.21E-7
7907,1.02E-7
7908,1.19E-7
7909,7.868E-6
7910,1.4598E-5
7911,5.2006E-5
7912,2.7495E-5
7913,1.22E-7
7914,3.0824E-5
7915,1.02E-7
7916,1.47E-5
7917,7.992E-6
7918,1.4341E-5
7919,2.6914E-5
7920,1.02E-7
7921,1.2477E-5
7922,1.02E-7
7923,3.0341E-5
7924,1.1968E-5
7925,3.4316E-5
7926,1.02E-7
7927,1.3117E-5
7928,2.4461E-5
7929,1.6098E-5
7930,1.1431E-5
7931,6.6E-6
7932,1.5168E-5
7933,1.0034E-5
7934,2.6853E-5
7935,2.1515E-5
7936,3.4076E-5
7937,1.546E-5
7938,1.42E-5
7939,1.13E-7
7940,3.7365E-5
7941,1.1E-7
7942,2.8994E-5
7943,1.1533E-5
7944,2.1563E-5
7945,1.4929E-5
7946,1.2181E-5
7947,2.6855E-5
7948,9.386E-6
7949,2.2972E-5
7950,1.9215E-5
7951,1.13E-7
7952,9.189E-6
7953,2.6177E-5
7954,2.1691E-5
7955,1.3222E-5
7956,2.0295E-5
7957,1.1226E-5
7958,3.2597E-5
7959,4.7589E-5
7960,1.05E-7
7961,2.995E-5
7962,3.7233E-5
7963,1.2036E-5
7964,1.1259E-5
7965,7.614E-6
7966,2.7813E-5
7967,2.0328E-5
7968,1.3501E-5
7969,1.0646E-5
7970,9.953E-6
7971,1.05E-7
7972,1.6751E-5
7973,1.01E-7
7974,2.1291E-5
7975,1.33E-7
7976,3.6406E-5
7977,9.201E-6
7978,3.235E-5
7979,1.06E-7
7980,3.573E-5
7981,9.583E-6
7982,3.3997E-5
7983,2.9268E-5
7984,1.0052E-5
7985,1.3E-7
7986,3.5233E-5
7987,1.069562928
7988,1.377E-5
7989,1.0164E-5
7990,5.7213E-5
7991,3.0504E-5
7992,1.15E-7
7993,1.0975E-5
7994,1.041E-5
7995,3.5937E-5
7996,1.3353E-5
7997,2.6479E-5
7998,1.08E-7
7999,4.5485E-5
8000,9.8E-8
8001,9.5E-8
8002,1.8915E-5
8003,1.45E-7
8004,1.2811E-5
8005,1.4325E-5
8006,1.7488E-5
8007,6.593E-6
8008,2.4705E-5
8009,9.8E-8
8010,8.801E-6
8011,1.07E-7
8012,1.6804E-5
8013,1.04E-7
8014,1.02E-7
8015,2.7062E-5
8016,1.559E-5
8017,1.4142E-5
8018,1.13E-7
8019,1.7817E-5
8020,1.834E-5
8021,1.1968E-5
8022,1.1553E-5
8023,1.15E-7
8024,1.2665E-5
8025,1.5207E-5
8026,8.408E-6
8027,1.0926E-5
8028,1.6777E-5
8029,1.9736E-5
8030,8.967E-6
8031,1.11E-7
8032,2.3539E-5
8033,1.9461E-5
8034,1.9717E-5
8035,9.389E-6
8036,9.993E-6
8037,1.1106E-5
8038,8.806E-6
8039,1.0E-5
8040,1.6675E-5
8041,2.325E-5
8042,1.06E-7
8043,1.01E-7
8044,1.02E-7
8045,2.5279E-5
8046,5.729E-6
8047,1.15E-7
8048,1.3324E-5
8049,9.056E-6
8050,8.814E-6
8051,5.271E-6
8052,1.8586E-5
8053,1.4225E-5
8054,1.1437E-5
8055,2.8266E-5
8056,1.1E-7
8057,2.7956E-5
8058,1.13E-7
8059,1.25E-7
8060,1.2E-7
8061,2.4009E-5
8062,1.329E-5
8063,2.1679E-5
8064,3.284E-5
8065,1.07E-7
8066,8.448E-6
8067,1.28E-7
8068,2.7563E-5
8069,1.3035E-5
8070,1.367E-5
8071,1.7126E-5
8072,1.0962E-5
8073,1.13E-7
8074,2.5358E-5
8075,2.3153E-5
8076,2.1897E-5
8077,9.686E-6
8078,9.9E-8
8079,3.1592E-5
8080,1.1533E-5
8081,1.8902E-5
8082,1.2241E-5
8083,1.0914E-5
8084,2.4403E-5
8085,1.4457E-5
8086,2.7266E-5
8087,3.319E-5
8088,1.07E-7
8089,1.29E-7
8090,1.2554E-5
8091,1.03E-7
8092,1.7506E-5
8093,1.0159E-5
8094,1.5416E-5
8095,1.57E-5
8096,1.2723E-5
8097,1.3885E-5
8098,9.555E-6
8099,1.5825E-5
8100,2.2158E-5
8101,7.4006E-5
8102,1.16E-7
8103,3.3521E-5
8104,1.4205E-5
8105,2.5804E-5
8106,2.6363E-5
8107,2.5053E-5
8108,1.09E-7
8109,2.6745E-5
8110,2.6229E-5
8111,9.5E-8
8112,9.962E-6
8113,4.5968E-5
8114,1.4581E-5
8115,1.3209E-5
8116,9.5E-8
8117,1.7618E-5
8118,1.6444E-5
8119,1.2657E-5
8120,1.5776E-5
8121,8.814E-6
8122,1.369E-5
8123,1.1E-7
8124,1.8567E-5
8125,1.1643E-5
8126,6.599E-6
8127,6.6919E-5
8128,1.6707E-5
8129,1.4282E-5
8130,1.8681E-5
8131,4.7782E-5
8132,8.574E-6
8133,1.09E-7
8134,2.5708E-5
8135,1.1058E-5
8136,9.867E-6
8137,2.1832E-5
8138,1.9514E-5
8139,2.2775E-5
8140,1.6436E-5
8141,1.3386E-5
8142,8.627E-6
8143,3.499E-5
8144,3.9421E-5
8145,1.04E-7
8146,1.06E-7
8147,9.5E-8
8148,1.03E-7
8149,1.6324E-5
8150,1.2905E-5
8151,1.7165E-5
8152,3.336E-5
8153,1.1574E-5
8154,3.1806E-5
8155,1.9294E-5
8156,3.3446E-5
8157,2.6499E-5
8158,1.8314E-5
8159,1.5384E-5
8160,3.1129E-5
8161,1.1928E-5
8162,1.0945E-5
8163,1.59E-5
8164,2.3178E-5
8165,1.1067E-5
8166,3.9112E-5
8167,1.4765E-5
8168,1.09E-7
8169,1.7304E-5
8170,1.5331E-5
8171,2.59E-5
8172,1.4705E-5
8173,2.1158E-5
8174,1.1061E-5
8175,1.45E-7
8176,1.1619E-5
8177,1.0823E-5
8178,3.1065E-5
8179,2.3676E-5
8180,2.7548E-5
8181,7.635E-6
8182,2.5846E-5
8183,6.871E-6
8184,1.7958E-5
8185,2.2492E-5
8186,1.0484E-5
8187,1.3936E-5
8188,1.8305E-5
8189,2.6956E-5
8190,1.8489E-5
8191,2.9734E-5
8192,0.037177351
8193,3.6216E-5
8194,4.1123E-5
8195,1.606E-5
8196,9.031E-6
8197,2.4821E-5
8198,3.358E-5
8199,9.3E-8
8200,9.8E-8
8201,1.23E-7
8202,1.0732E-5
8203,9.496E-6
8204,9.9E-8
8205,1.06E-7
8206,1.608E-5
8207,2.3818E-5
8208,1.4922E-5
8209,3.7338E-5
8210,1.3205E-5
8211,8.905E-6
8212,2.7413E-5
8213,1.1076E-5
8214,1.4156E-5
8215,1.8023E-5
8216,7.395E-6
8217,2.8444E-5
8218,3.3905E-5
8219,2.4278E-5
8220,2.9594E-5
8221,1.4559E-5
8222,4.2501E-5
8223,1.706E-5
8224,1.5462E-5
8225,1.08E-7
8226,6.8482E-5
8227,9.39E-6
8228,7.83E-6
8229,1.3554E-5
8230,6.4731E-5
8231,1.5347E-5
8232,3.3239E-5
8233,6.7411E-5
8234,1.09E-7
8235,1.02E-7
8236,2.5545E-5
8237,3.1478E-5
8238,1.2202E-5
8239,1.3121E-5
8240,1.0794E-5
8241,3.9256E-5
8242,1.2489E-5
8243,2.3503E-5
8244,1.03E-7
8245,1.5228E-5
8246,1.7587E-5
8247,1.8692E-5
8248,2.3884E-5
8249,1.13E-7
8250,1.21E-7
8251,9.732E-6
8252,1.1461E-5
8253,8.28E-6
8254,3.9227E-5
8255,2.2551E-5
8256,3.3305E-5
8257,1.6172E-5
8258,4.3539E-5
8259,1.5188E-5
8260,3.9066E-5
8261,1.2879E-5
8262,1.07E-7
8263,2.039E-5
8264,1.8257E-5
8265,1.14E-7
8266,9.4E-8
8267,4.2384E-5
8268,2.3738E-5
8269,3.8853E-5
8270,1.0522E-5
8271,1.1E-7
8272,1.3005E-5
8273,1.1421E-5
8274,2.9167E-5
8275,1.6054E-5
8276,1.0E-7
8277,1.5747E-5
8278,8.048E-6
8279,1.27E-7
8280,5.7237E-5
8281,1.01E-7
8282,4.3532E-5
8283,1.8567E-5
8284,1.05E-7
8285,2.212E-5
8286,3.4562E-5
8287,1.2266E-5
8288,1.7464E-5
8289,1.2281E-5
8290,3.0029E-5
8291,5.9346E-5
8292,3.4473E-5
8293,1.11E-7
8294,1.8067E-5
8295,1.08E-7
8296,2.3498E-5
8297,1.0E-7
8298,1.04E-7
8299,1.32E-7
8300,2.1545E-5
8301,3.0364E-5
8302,9.9E-8
8303,1.6969E-5
8304,1.8158E-5
8305,4.7209E-5
8306,2.3687E-5
8307,2.3269E-5
8308,1.7489E-5
8309,1.9441E-5
8310,9.8E-8
8311,1.09E-7
8312,1.1222E-5
8313,9.4E-8
8314,9.8E-8
8315,1.08E-7
8316,1.9476E-5
8317,2.6628E-5
8318,9.032E-6
8319,2.2892E-5
8320,8.382E-6
8321,1.7797E-5
8322,3.1553E-5
8323,3.4692E-5
8324,2.2033E-5
8325,1.11E-7
8326,1.3893E-5
8327,1.06E-7
8328,2.1605E-5
8329,1.0882E-5
8330,1.08E-7
8331,2.207E-5
8332,1.3201E-5
8333,3.9747E-5
8334,2.1068E-5
8335,2.08E-5
8336,1.23E-7
8337,4.0676E-5
8338,1.05E-7
8339,1.0384E-5
8340,1.6089E-5
8341,2.1672E-5
8342,1.09E-7
8343,2.3461E-5
8344,2.9519E-5
8345,2.8083E-5
8346,1.2264E-5
8347,3.9494E-5
8348,9.182E-6
8349,1.2752E-5
8350,1.2737E-5
8351,1.1259E-5
8352,1.0151E-5
8353,1.9528E-5
8354,1.8956E-5
8355,2.4564E-5
8356,1.3582E-5
8357,8.914E-6
8358,4.3679E-5
8359,1.8305E-5
8360,3.2785E-5
8361,4.0967E-5
8362,1.13E-7
8363,1.9646E-5
8364,1.4355E-5
8365,1.26E-7
8366,2.2092E-5
8367,2.7091E-5
8368,4.6807E-5
8369,1.4068E-5
8370,9.298E-6
8371,1.0695E-5
8372,9.5E-8
8373,1.19E-7
8374,2.7128E-5
8375,1.1E-7
8376,1.0663E-5
8377,1.1178E-5
8378,3.5775E-5
8379,1.04E-7
8380,1.01E-7
8381,1.5538E-5
8382,1.17E-7
8383,9.9E-8
8384,9.5E-8
8385,2.2689E-5
8386,9.678E-6
8387,2.8453E-5
8388,3.2914E-5
8389,1.1323E-5
8390,4.7178E-5
8391,2.0705E-5
8392,1.0952E-5
8393,1.0E-7
8394,1.8636E-5
8395,1.1179E-5
8396,3.99E-5
8397,1.4874E-5
8398,1.13E-7
8399,2.6626E-5
8400,2.6779E-5
8401,8.633E-6
8402,1.04E-7
8403,1.01E-7
8404,1.287E-5
8405,9.109E-6
8406,6.4145E-5
8407,2.2015E-5
8408,1.07E-7
8409,1.8822E-5
8410,1.02E-7
8411,2.0362E-5
8412,1.9415E-5
8413,2.1399E-5
8414,2.5649E-5
8415,1.03E-7
8416,3.6334E-5
8417,1.7992E-5
8418,2.5939E-5
8419,1.6676E-5
8420,9.974E-6
8421,1.12E-7
8422,1.05E-7
8423,1.76E-7
8424,1.02E-7
8425,9.581E-6
8426,2.4013E-5
8427,2.9481E-5
8428,1.9971E-5
8429,8.069E-6
8430,2.9937E-5
8431,1.04E-7
8432,1.05E-7
8433,1.0305E-5
8434,2.1264E-5
8435,4.6901E-5
8436,1.03E-7
8437,3.1064E-5
8438,8.141E-6
8439,4.4824E-5
8440,2.712E-5
8441,1.9908E-5
8442,2.0393E-5
8443,1.9857E-5
8444,6.978E-6
8445,3.9874E-5
8446,1.0E-7
8447,2.2995E-5
8448,2.367E-5
8449,9.095E-6
8450,1.0565E-5
8451,1.3464E-5
8452,1.3381E-5
8453,2.7701E-5
8454,1.09E-7
8455,1.352E-5
8456,1.25E-7
8457,1.0E-7
8458,1.3346E-5
8459,1.04E-7
8460,2.1712E-5
8461,1.8973E-5
8462,9.302E-6
8463,7.35E-6
8464,2.5716E-5
8465,1.1845E-5
8466,1.01E-7
8467,1.3535E-5
8468,3.315E-5
8469,2.724E-5
8470,2.0308E-5
8471,8.73E-6
8472,5.6885E-5
8473,4.1408E-5
8474,1.0435E-5
8475,4.1085E-5
8476,1.3844E-5
8477,2.7817E-5
8478,1.661E-5
8479,3.8977E-5
8480,1.8885E-5
8481,3.2674E-5
8482,1.5126E-5
8483,1.14E-7
8484,1.3216E-5
8485,2.1774E-5
8486,1.02E-7
8487,3.5397E-5
8488,9.9E-8
8489,3.8215E-5
8490,1.2256E-5
8491,2.6029E-5
8492,2.5233E-5
8493,1.4155E-5
8494,1.9353E-5
8495,1.4621E-5
8496,1.0179E-5
8497,6.54E-5
8498,4.418E-5
8499,3.5364E-5
8500,2.5266E-5
8501,2.1963E-5
8502,2.5382E-5
8503,1.0302E-5
8504,1.6384E-5
8505,3.4562E-5
8506,1.11E-7
8507,1.794E-5
8508,1.05E-7
8509,1.09E-7
8510,1.7108E-5
8511,1.8674E-5
8512,2.4276E-5
8513,1.08E-7
8514,1.2557E-5
8515,9.6E-8
8516,4.2439E-5
8517,1.207E-5
8518,1.3076E-5
8519,1.22E-7
8520,3.7187E-5
8521,1.4234E-5
8522,3.3616E-5
8523,1.09E-7
8524,1.21E-7
8525,1.8947E-5
8526,1.7802E-5
8527,1.7018E-5
8528,1.8237E-5
8529,9.333E-6
8530,2.0347E-5
8531,2.4456E-5
8532,1.9415E-5
8533,1.0131E-5
8534,3.1084E-5
8535,1.4429E-5
8536,1.13E-7
8537,1.1398E-5
8538,8.769E-6
8539,1.5944E-5
8540,9.037E-6
8541,1.2927E-5
8542,1.2757E-5
8543,3.0583E-5
8544,1.25E-7
8545,2.2442E-5
8546,4.3328E-5
8547,2.3784E-5
8548,1.4446E-5
8549,1.02E-7
8550,2.4136E-5
8551,1.09E-7
8552,1.11E-7
8553,1.057E-5
8554,9.446E-6
8555,6.22E-6
8556,1.4131E-5
8557,1.2068E-5
8558,2.3452E-5
8559,8.298E-6
8560,2.4065E-5
8561,1.8719E-5
8562,1.0E-7
8563,9.7E-8
8564,1.8106E-5
8565,0.037367696
8566,7.429E-6
8567,1.2E-7
8568,1.004E-5
8569,4.9875E-5
8570,7.42E-6
8571,1.12E-7
8572,2.2495E-5
8573,3.506E-5
8574,1.19E-7
8575,1.2E-7
8576,1.0309E-5
8577,1.7612E-5
8578,1.09E-7
8579,1.879E-5
8580,2.2162E-5
8581,4.0049E-5
8582,2.2408E-5
8583,5.455E-5
8584,1.9401E-5
8585,4.3898E-5
8586,1.3391E-5
8587,1.0E-7
8588,1.8289E-5
8589,1.0714E-5
8590,3.4183E-5
8591,9.739E-6
8592,8.476E-6
8593,1.2481E-5
8594,1.8825E-5
8595,9.8E-8
8596,1.2924E-5
8597,3.8816E-5
8598,3.5687E-5
8599,2.7163E-5
8600,2.1785E-5
8601,2.6525E-5
8602,3.2085E-5
8603,2.1609E-5
8604,1.1E-7
8605,1.1E-7
8606,1.7816E-5
8607,1.13E-7
8608,3.2325E-5
8609,1.1E-7
8610,1.1E-7
8611,1.524E-5
8612,1.8713E-5
8613,4.0141E-5
8614,1.3589E-5
8615,1.16E-7
8616,1.01E-7
8617,9.8E-8
8618,1.04E-7
8619,2.3225E-5
8620,7.408E-6
8621,9.748E-6
8622,2.6147E-5
8623,1.0E-7
8624,9.815E-6
8625,1.4214E-5
8626,3.0794E-5
8627,9.5E-8
8628,1.0151E-5
8629,5.1051E-5
8630,1.09E-7
8631,4.3046E-5
8632,1.01E-7
8633,2.2443E-5
8634,3.4639E-5
8635,1.2278E-5
8636,6.511E-6
8637,1.3982E-5
8638,1.9404E-5
8639,9.7E-8
8640,1.4E-7
8641,3.0535E-5
8642,1.03E-7
8643,3.277E-5
8644,3.2213E-5
8645,2.8257E-5
8646,1.9374E-5
8647,2.276E-5
8648,1.4955E-5
8649,7.266E-6
8650,1.7317E-5
8651,3.5843E-5
8652,2.4518E-5
8653,2.8229E-5
8654,1.3772E-5
8655,2.2059E-5
8656,9.025E-6
8657,9.4E-8
8658,1.6634E-5
8659,2.7814E-5
8660,1.2022E-5
8661,8.772E-6
8662,9.534E-6
8663,1.6877E-5
8664,1.2013E-5
8665,3.2055E-5
8666,3.9019E-5
8667,1.08E-7
8668,1.226E-5
8669,1.1855E-5
8670,1.68956E-4
8671,2.8759E-5
8672,1.5998E-5
8673,2.8906E-5
8674,3.6356E-5
8675,1.4788E-5
8676,2.4045E-5
8677,1.06E-7
8678,2.2577E-5
8679,1.8933E-5
8680,1.0139E-5
8681,8.136E-6
8682,1.6244E-5
8683,1.6207E-5
8684,1.323E-5
8685,1.9606E-5
8686,1.2162E-5
8687,1.7082E-5
8688,2.1093E-5
8689,2.1548E-5
8690,1.12E-7
8691,9.7E-8
8692,1.29191E-4
8693,2.3782E-5
8694,1.01E-7
8695,3.114E-5
8696,2.869E-5
8697,4.8179E-5
8698,1.03E-7
8699,1.0824E-5
8700,9.8E-8
8701,1.05E-7
8702,9.528E-6
8703,2.8484E-5
8704,2.7831E-5
8705,1.03E-7
8706,8.762E-6
8707,4.687E-5
8708,1.4637E-5
8709,1.8958E-5
8710,1.03E-7
8711,1.07E-7
8712,2.592E-5
8713,3.936E-5
8714,2.9366E-5
8715,1.04E-7
8716,1.05E-7
8717,2.0622E-5
8718,1.0848E-5
8719,1.2064E-5
8720,1.6792E-5
8721,2.3149E-5
8722,1.4061E-5
8723,5.5484E-5
8724,1.0481E-5
8725,1.296E-5
8726,1.8071E-5
8727,9.629E-6
8728,3.232E-5
8729,1.6816E-5
8730,3.1565E-5
8731,3.3391E-5
8732,2.8614E-5
8733,2.9339E-5
8734,2.3563E-5
8735,2.614E-5
8736,1.1E-7
8737,1.0E-7
8738,1.3705E-5
8739,2.1147E-5
8740,4.8272E-5
8741,2.4391E-5
8742,1.4647E-5
8743,1.2E-7
8744,3.959E-5
8745,3.5963E-5
8746,4.2869E-5
8747,1.013E-5
8748,9.797E-6
8749,2.0763E-5
8750,2.2345E-5
8751,6.3058E-5
8752,9.31E-6
8753,3.4387E-5
8754,1.508E-5
8755,2.3893E-5
8756,8.992E-6
8757,1.4353E-5
8758,2.8239E-5
8759,1.722E-5
8760,1.6419E-5
8761,2.1827E-5
8762,1.2045E-5
8763,1.2358E-5
8764,3.372E-5
8765,7.473E-6
8766,6.646E-6
8767,2.9134E-5
8768,8.098E-6
8769,1.6643E-5
8770,1.5366E-5
8771,2.1922E-5
8772,9.007E-6
8773,3.4773E-5
8774,1.6574E-5
8775,1.8499E-5
8776,1.6053E-5
8777,2.316E-5
8778,1.9525E-5
8779,2.0388E-5
8780,1.1155E-5
8781,3.2403E-5
8782,1.04E-7
8783,1.5869E-5
8784,1.5562E-5
8785,2.0899E-5
8786,1.0461E-5
8787,2.1108E-5
8788,1.14E-7
8789,1.3234E-5
8790,1.01E-7
8791,9.969E-6
8792,7.374E-6
8793,1.7132E-5
8794,1.06E-7
8795,1.7623E-5
8796,4.896E-5
8797,7.439E-6
8798,1.9957E-5
8799,2.5772E-5
8800,1.2562E-5
8801,1.5311E-5
8802,9.906E-6
8803,1.5403E-5
8804,9.496E-6
8805,2.8662E-5
8806,9.9E-8
8807,9.608E-6
8808,1.06E-7
8809,4.6688E-5
8810,1.7842E-5
8811,3.5197E-5
8812,1.13E-7
8813,5.4874E-5
8814,2.7906E-5
8815,1.02E-7
8816,9.935E-6
8817,1.2242E-5
8818,2.5632E-5
8819,1.24E-7
8820,2.7067E-5
8821,1.4755E-5
8822,1.01E-7
8823,1.0925E-5
8824,3.2354E-5
8825,2.0356E-5
8826,1.7128E-5
8827,2.9845E-5
8828,8.898E-6
8829,1.4477E-5
8830,2.9006E-5
8831,2.6533E-5
8832,2.9088E-5
8833,2.5702E-5
8834,8.5E-6
8835,1.1008E-5
8836,2.1003E-5
8837,1.7081E-5
8838,5.8306E-5
8839,9.8E-8
8840,1.17E-7
8841,1.13E-7
8842,9.705E-6
8843,1.6718E-5
8844,3.3839E-5
8845,0.002021146
8846,1.12E-7
8847,2.7513E-5
8848,2.6414E-5
8849,2.6227E-5
8850,1.8614E-5
8851,1.09E-7
8852,1.02E-7
8853,0.006424005
8854,1.09E-7
8855,1.4349E-5
8856,1.939E-5
8857,1.65E-7
8858,1.0292E-5
8859,1.09E-7
8860,2.0216E-5
8861,1.3362E-5
8862,7.959E-6
8863,1.23E-7
8864,3.6634E-5
8865,1.0835E-5
8866,3.3443E-5
8867,3.6171E-5
8868,4.6792E-5
8869,1.8137E-5
8870,1.8136E-5
8871,2.9145E-5
8872,7.031E-6
8873,1.03E-7
8874,1.34E-7
8875,6.4699E-5
8876,1.5237E-5
8877,1.7828E-5
8878,9.9E-8
8879,4.8713E-5
8880,1.09E-6
8881,1.6654E-5
8882,2.6097E-5
8883,1.07E-7
8884,1.2258E-5
8885,1.8713E-5
8886,2.2061E-5
8887,9.7E-8
8888,1.03E-7
8889,3.7633E-5
8890,9.452E-6
8891,2.0789E-5
8892,1.24E-7
8893,3.0817E-5
8894,1.5202E-5
8895,2.403E-5
8896,2.9995E-5
8897,9.389E-6
8898,5.1977E-5
8899,1.07E-7
8900,1.01E-7
8901,7.05E-6
8902,9.6E-8
8903,1.02E-7
8904,1.2191E-5
8905,2.0962E-5
8906,2.7645E-5
8907,1.5073E-5
8908,4.0696E-5
8909,1.3514E-5
8910,2.6362E-5
8911,3.3637E-5
8912,5.0812E-5
8913,1.5757E-5
8914,7.977E-6
8915,2.1991E-5
8916,1.08E-7
8917,1.0E-7
8918,3.5703E-5
8919,3.9032E-5
8920,1.7574E-5
8921,1.19E-7
8922,1.12E-7
8923,1.2296E-5
8924,1.12E-7
8925,1.8968E-5
8926,1.4601E-5
8927,1.0518E-5
8928,1.09E-7
8929,2.0291E-5
8930,1.23E-7
8931,3.2442E-5
8932,1.6752E-5
8933,1.7331E-5
8934,1.4962E-5
8935,5.227E-5
8936,6.0393E-5
8937,2.3234E-5
8938,3.2441E-5
8939,2.0444E-5
8940,1.31E-7
8941,1.535E-5
8942,6.293E-6
8943,1.4068E-5
8944,1.9155E-5
8945,2.2981E-5
8946,3.7241E-5
8947,1.25E-7
8948,1.3655E-5
8949,1.5227E-5
8950,1.3936E-5
8951,1.775E-5
8952,4.2677E-5
8953,1.6683E-5
8954,3.2353E-5
8955,1.7115E-5
8956,1.03E-7
8957,0.004070963
8958,3.7948E-5
8959,1.3245E-5
8960,1.6464E-5
8961,1.05E-7
8962,0.007718272
8963,3.078E-5
8964,1.4787E-5
8965,4.1305E-5
8966,1.12E-7
8967,1.03E-7
8968,8.976E-6
8969,1.1155E-5
8970,3.1992E-5
8971,1.5585E-5
8972,1.9168E-5
8973,1.0697E-5
8974,1.1E-7
8975,2.1966E-5
8976,0.020936825
8977,2.5914E-5
8978,1.0965E-5
8979,2.1677E-5
8980,1.5848E-5
8981,1.1772E-5
8982,1.1E-7
8983,1.508E-5
8984,1.01E-7
8985,1.4319E-5
8986,1.0437E-5
8987,3.227E-5
8988,4.1769E-5
8989,1.01E-7
8990,3.24E-5
8991,1.0481E-5
8992,3.1442E-5
8993,1.7665E-5
8994,1.04E-7
8995,2.8879E-5
8996,1.5685E-5
8997,6.918E-6
8998,2.2883E-5
8999,1.9884E-5
9000,2.288E-5
9001,6.275E-6
9002,8.988E-6
9003,1.11E-7
9004,9.143E-6
9005,1.6733E-5
9006,2.7086E-5
9007,1.276E-5
9008,1.04E-7
9009,3.0519E-5
9010,1.7531E-5
9011,1.04E-7
9012,1.5668E-5
9013,9.825E-6
9014,3.1922E-5
9015,1.12E-7
9016,3.6144E-5
9017,1.17E-7
9018,2.9002E-5
9019,9.522E-6
9020,1.22E-7
9021,1.827E-5
9022,2.6266E-5
9023,6.1918E-5
9024,2.2732E-5
9025,1.6476E-5
9026,4.8586E-5
9027,1.8823E-5
9028,9.9E-8
9029,2.1114E-5
9030,1.14E-7
9031,2.831E-5
9032,1.7805E-5
9033,1.514E-5
9034,2.5153E-5
9035,3.2575E-5
9036,1.03E-7
9037,2.7702E-5
9038,2.7344E-5
9039,1.5055E-5
9040,1.3921E-5
9041,6.6113E-5
9042,2.3229E-5
9043,3.5785E-5
9044,4.2472E-5
9045,3.5427E-5
9046,2.3736E-5
9047,2.466E-5
9048,1.1718E-5
9049,1.33E-7
9050,2.6473E-5
9051,9.8E-8
9052,1.0758E-5
9053,1.5662E-5
9054,2.2881E-5
9055,3.7424E-5
9056,1.0393E-5
9057,2.072E-5
9058,2.9732E-5
9059,4.5118E-5
9060,2.9537E-5
9061,1.9169E-5
9062,6.7068E-5
9063,1.732E-5
9064,1.9174E-5
9065,8.277E-6
9066,3.5469E-5
9067,1.2791E-5
9068,1.7277E-5
9069,2.2773E-5
9070,2.2196E-5
9071,7.323E-6
9072,1.6197E-5
9073,2.2722E-5
9074,3.1264E-5
9075,4.5021E-5
9076,3.8743E-5
9077,3.261E-5
9078,9.692E-6
9079,5.7139E-5
9080,4.0377E-5
9081,1.0315E-5
9082,2.4007E-5
9083,3.2561E-5
9084,1.3295E-5
9085,4.8498E-5
9086,2.6995E-5
9087,7.325E-6
9088,1.09E-7
9089,2.5366E-5
9090,2.3732E-5
9091,1.0262E-5
9092,5.9042E-5
9093,9.8E-8
9094,2.6459E-5
9095,9.8E-8
9096,9.537E-6
9097,2.4006E-5
9098,1.4561E-5
9099,3.8098E-5
9100,9.9E-8
9101,1.8538E-5
9102,1.7847E-5
9103,1.2791E-5
9104,2.3607E-5
9105,1.16E-7
9106,3.8306E-5
9107,2.8509E-5
9108,1.08E-7
9109,3.9699E-5
9110,2.9498E-5
9111,3.0531E-5
9112,4.1458E-5
9113,1.4259E-5
9114,1.0451E-5
9115,1.0427E-5
9116,1.0E-7
9117,4.8909E-5
9118,1.23E-7
9119,1.09E-7
9120,3.9742E-5
9121,1.5525E-5
9122,1.02E-7
9123,3.6451E-5
9124,3.742E-5
9125,2.6726E-5
9126,1.7416E-5
9127,3.5947E-5
9128,1.2006E-5
9129,1.04E-7
9130,3.3427E-5
9131,4.2889E-5
9132,5.8349E-5
9133,3.0758E-5
9134,1.09E-7
9135,1.7415E-5
9136,2.1233E-5
9137,1.1746E-5
9138,1.06E-7
9139,9.001E-6
9140,1.8016E-5
9141,1.9802E-5
9142,2.0162E-5
9143,9.8E-8
9144,1.3381E-5
9145,1.5614E-5
9146,4.4938E-5
9147,3.7286E-5
9148,7.398E-6
9149,1.6066E-5
9150,2.297E-5
9151,1.0462E-5
9152,1.6758E-5
9153,3.437E-5
9154,3.3266E-5
9155,2.8803E-5
9156,4.0354E-5
9157,4.1261E-5
9158,8.482E-6
9159,2.6259E-5
9160,2.65E-5
9161,1.4561E-5
9162,7.345E-6
9163,1.2546E-5
9164,2.1288E-5
9165,1.6363E-5
9166,1.1836E-5
9167,4.9737E-5
9168,1.22E-7
9169,0.002748778
9170,1.2061E-5
9171,4.0476E-5
9172,2.1567E-5
9173,3.901E-5
9174,8.228E-6
9175,1.6E-5
9176,9.275E-6
9177,2.9102E-5
9178,3.7981E-5
9179,7.748E-6
9180,2.7878E-5
9181,2.2002E-5
9182,9.9E-8
9183,4.2189E-5
9184,3.1895E-5
9185,4.5305E-5
9186,2.5988E-5
9187,1.6636E-5
9188,1.5854E-5
9189,2.4016E-5
9190,1.13E-7
9191,2.1816E-5
9192,1.03E-7
9193,1.04E-7
9194,1.7399E-5
9195,1.22E-7
9196,1.5071E-5
9197,1.159E-5
9198,3.2573E-5
9199,1.0405E-5
9200,6.358E-6
9201,1.8446E-5
9202,2.8019E-5
9203,1.5439E-5
9204,2.3783E-5
9205,8.13E-6
9206,3.582E-5
9207,1.0E-7
9208,2.1102E-5
9209,5.2353E-5
9210,3.011E-5
9211,5.5716E-5
9212,1.6293E-5
9213,2.5951E-5
9214,3.1307E-5
9215,1.3654E-5
9216,2.5113E-5
9217,2.6396E-5
9218,3.2371E-5
9219,4.5624E-5
9220,1.7034E-5
9221,1.9969E-5
9222,3.288E-5
9223,1.09E-7
9224,1.7071E-5
9225,2.1536E-5
9226,1.17E-7
9227,1.8703E-5
9228,1.7615E-5
9229,1.2636E-5
9230,1.021E-5
9231,2.5515E-5
9232,1.2013E-5
9233,1.7941E-5
9234,1.2849E-5
9235,1.02E-7
9236,1.157E-5
9237,5.8709E-5
9238,1.2695E-5
9239,1.6431E-5
9240,1.8579E-5
9241,1.12E-7
9242,3.6904E-5
9243,2.595E-5
9244,1.0261E-5
9245,1.0997E-5
9246,1.04E-7
9247,1.23E-7
9248,1.5278E-5
9249,1.11E-7
9250,7.163E-6
9251,2.1819E-5
9252,1.0721E-5
9253,2.3224E-5
9254,9.808E-6
9255,1.3489E-5
9256,2.336E-5
9257,2.1189E-5
9258,1.8444E-5
9259,2.7198E-5
9260,1.303E-5
9261,2.8005E-5
9262,9.292E-6
9263,3.1458E-5
9264,1.1839E-5
9265,2.2208E-5
9266,2.6461E-5
9267,1.2734E-5
9268,2.9211E-5
9269,2.0225E-5
9270,4.1016E-5
9271,1.4952E-5
9272,4.1132E-5
9273,1.4177E-5
9274,1.6936E-5
9275,1.8805E-5
9276,1.0141E-5
9277,3.3044E-5
9278,5.166E-5
9279,2.8703E-5
9280,4.8485E-5
9281,7.31E-6
9282,4.992E-5
9283,1.21E-7
9284,1.8452E-5
9285,1.4536E-5
9286,0.002315615
9287,3.5968E-5
9288,2.0632E-5
9289,1.1382E-5
9290,1.04E-7
9291,8.862E-6
9292,0.012721398
9293,2.096E-5
9294,1.08E-7
9295,1.0756E-5
9296,1.1903E-5
9297,1.06E-7
9298,4.5965E-5
9299,0.01847868
9300,1.246E-5
9301,1.179E-5
9302,2.9909E-5
9303,1.8301E-5
9304,1.19E-7
9305,1.8432E-5
9306,3.8225E-5
9307,2.4046E-5
9308,1.3105E-5
9309,1.1373E-5
9310,2.5934E-5
9311,2.2105E-5
9312,9.8E-8
9313,1.8229E-5
9314,2.1848E-5
9315,9.335E-6
9316,5.5347E-5
9317,1.16E-7
9318,3.241E-5
9319,1.0936E-5
9320,2.1916E-5
9321,1.8079E-5
9322,2.1154E-5
9323,2.6301E-5
9324,1.7057E-5
9325,2.1012E-5
9326,2.0583E-5
9327,2.2297E-5
9328,9.8E-8
9329,1.14E-7
9330,4.0372E-5
9331,1.5616E-5
9332,1.3279E-5
9333,4.2173E-5
9334,4.3611E-5
9335,2.1932E-5
9336,3.2104E-5
9337,2.0161E-5
9338,2.8578E-5
9339,1.6013E-5
9340,0.007283063
9341,2.2651E-5
9342,2.2583E-5
9343,2.0529E-5
9344,1.0772E-5
9345,1.6457E-5
9346,1.6379E-5
9347,1.3831E-5
9348,1.8605E-5
9349,1.806E-5
9350,1.5319E-5
9351,4.2222E-5
9352,1.06E-7
9353,3.3503E-5
9354,7.945E-6
9355,8.838E-6
9356,2.0372E-5
9357,9.8E-8
9358,9.975E-6
9359,1.1829E-5
9360,2.4077E-5
9361,2.6292E-5
9362,4.581E-5
9363,2.2344E-5
9364,8.413E-6
9365,4.1345E-5
9366,1.0474E-5
9367,1.04E-7
9368,2.2138E-5
9369,1.02E-7
9370,1.542E-5
9371,1.9251E-5
9372,8.344E-6
9373,1.8384E-5
9374,1.0138E-5
9375,3.0915E-5
9376,1.08E-7
9377,2.4334E-5
9378,1.1628E-5
9379,1.5276E-5
9380,1.04E-7
9381,4.1591E-5
9382,9.8E-8
9383,1.9899E-5
9384,1.1047E-5
9385,2.0531E-5
9386,9.973E-6
9387,5.8988E-5
9388,1.3644E-5
9389,2.0237E-5
9390,1.8455E-5
9391,1.7142E-5
9392,3.0397E-5
9393,2.6119E-5
9394,3.0409E-5
9395,1.04E-7
9396,7.361E-6
9397,3.7303E-5
9398,2.6288E-5
9399,7.718E-6
9400,1.0342E-5
9401,1.03E-7
9402,1.0152E-5
9403,1.05E-7
9404,2.4706E-5
9405,3.1034E-5
9406,4.279E-5
9407,2.2194E-5
9408,2.9405E-5
9409,4.8977E-5
9410,1.6388E-5
9411,1.08E-7
9412,1.11E-7
9413,4.593E-5
9414,9.582E-6
9415,3.1161E-5
9416,3.2763E-5
9417,2.7088E-5
9418,8.879E-6
9419,1.16E-7
9420,1.6474E-5
9421,8.328E-6
9422,3.9103E-5
9423,6.2663E-5
9424,1.0839E-5
9425,3.6139E-5
9426,1.6021E-5
9427,3.6014E-5
9428,1.219E-5
9429,1.1114E-5
9430,2.9665E-5
9431,2.3633E-5
9432,6.963E-6
9433,2.9761E-5
9434,2.8022E-5
9435,1.3626E-5
9436,1.8993E-5
9437,2.2051E-5
9438,1.0E-7
9439,1.1E-7
9440,8.638E-6
9441,1.9761E-5
9442,1.5869E-5
9443,4.3976E-5
9444,1.5065E-5
9445,1.06E-7
9446,1.24E-7
9447,4.5987E-5
9448,1.07E-7
9449,8.888E-6
9450,2.17E-5
9451,1.2E-7
9452,1.1196E-5
9453,2.4663E-5
9454,1.5016E-5
9455,1.11E-7
9456,1.01E-7
9457,1.0225E-5
9458,9.9E-8
9459,1.11E-7
9460,1.6002E-5
9461,2.6051E-5
9462,3.27E-5
9463,9.951E-6
9464,1.0353E-5
9465,1.7451E-5
9466,3.2887E-5
9467,1.3636E-5
9468,9.233E-6
9469,9.964E-6
9470,8.511E-6
9471,1.7442E-5
9472,1.01E-7
9473,2.6974E-5
9474,1.781E-5
9475,2.2396E-5
9476,4.2443E-5
9477,1.0802E-5
9478,2.7787E-5
9479,2.0893E-5
9480,2.2056E-5
9481,1.2221E-5
9482,4.9188E-5
9483,3.678E-5
9484,1.15E-5
9485,1.1E-7
9486,1.06E-7
9487,2.096E-5
9488,1.7292E-5
9489,1.02E-7
9490,1.4579E-5
9491,1.7051E-5
9492,2.46E-5
9493,1.7549E-5
9494,2.7973E-5
9495,2.2558E-5
9496,8.093E-6
9497,1.06E-7
9498,2.0561E-5
9499,1.3272E-5
9500,1.31E-7
9501,9.929E-6
9502,2.8446E-5
9503,3.2263E-5
9504,1.2406E-5
9505,1.15E-7
9506,3.0415E-5
9507,1.0156E-5
9508,3.3836E-5
9509,2.9512E-5
9510,1.4852E-5
9511,1.2445E-5
9512,2.5008E-5
9513,5.9244E-5
9514,2.2276E-5
9515,9.525E-6
9516,2.6497E-5
9517,9.17E-6
9518,1.23E-7
9519,3.1131E-5
9520,1.7116E-5
9521,7.816E-6
9522,2.2032E-5
9523,1.139E-5
9524,2.0437E-5
9525,2.2936E-5
9526,2.3512E-5
9527,1.9386E-5
9528,1.02E-7
9529,1.02E-7
9530,1.7451E-5
9531,3.1839E-5
9532,2.8341E-5
9533,8.134E-6
9534,2.1197E-5
9535,1.34E-7
9536,1.11E-7
9537,2.0209E-5
9538,2.1969E-5
9539,3.3708E-5
9540,6.316E-6
9541,2.7493E-5
9542,9.288E-6
9543,2.0656E-5
9544,3.08E-5
9545,2.8028E-5
9546,9.542E-6
9547,1.3927E-5
9548,2.4942E-5
9549,7.765E-6
9550,1.03E-7
9551,2.0584E-5
9552,1.4307E-5
9553,1.9776E-5
9554,2.2565E-5
9555,3.4268E-5
9556,1.2805E-5
9557,1.0911E-5
9558,1.8006E-5
9559,2.3815E-5
9560,1.4419E-5
9561,1.8147E-5
9562,4.3366E-5
9563,1.4914E-5
9564,8.418E-6
9565,2.2547E-5
9566,3.8093E-5
9567,2.6719E-5
9568,3.4327E-5
9569,2.8099E-5
9570,1.2526E-5
9571,1.3992E-5
9572,8.859E-6
9573,8.608E-6
9574,1.4219E-5
9575,1.1928E-5
9576,3.0894E-5
9577,3.0125E-5
9578,1.8793E-5
9579,2.394E-5
9580,1.7484E-5
9581,9.471E-6
9582,2.832E-5
9583,1.1936E-5
9584,1.6538E-5
9585,1.2401E-5
9586,2.1687E-5
9587,5.9102E-5
9588,9.438E-6
9589,3.353E-5
9590,9.8E-8
9591,1.997E-5
9592,1.3935E-5
9593,2.7122E-5
9594,1.21E-7
9595,2.9338E-5
9596,1.06E-7
9597,1.7205E-5
9598,3.4332E-5
9599,3.5798E-5
9600,1.7373E-5
9601,1.4158E-5
9602,4.8357E-5
9603,1.6868E-5
9604,4.8044E-5
9605,1.0123E-5
9606,4.232E-5
9607,1.9726E-5
9608,9.9E-8
9609,4.2398E-5
9610,1.5334E-5
9611,2.8803E-5
9612,3.0323E-5
9613,1.07E-7
9614,2.2132E-5
9615,3.3466E-5
9616,1.3104E-5
9617,1.02E-7
9618,1.2718E-5
9619,2.691E-5
9620,2.0659E-5
9621,1.08E-7
9622,1.04E-7
9623,1.0302E-5
9624,2.0405E-5
9625,9.237E-6
9626,1.0E-7
9627,3.4917E-5
9628,1.5902E-5
9629,1.1727E-5
9630,2.6372E-5
9631,2.6142E-5
9632,9.8E-8
9633,1.6121E-5
9634,2.2141E-5
9635,1.1E-7
9636,1.9854E-5
9637,1.05E-7
9638,1.3338E-5
9639,1.2204E-5
9640,1.3505E-5
9641,1.8869E-5
9642,5.3042E-5
9643,1.02E-7
9644,2.1018E-5
9645,1.5241E-5
9646,2.8054E-5
9647,6.4289E-5
9648,2.1067E-5
9649,1.8392E-5
9650,2.0967E-5
9651,8.247E-6
9652,3.8765E-5
9653,9.8E-8
9654,5.7156E-5
9655,9.9E-8
9656,9.684E-6
9657,7.911E-6
9658,1.01E-7
9659,1.3828E-5
9660,7.402E-6
9661,1.5688E-5
9662,1.6606E-5
9663,9.201E-6
9664,1.06E-7
9665,2.1319E-5
9666,1.01E-7
9667,2.0712E-5
9668,1.02E-7
9669,1.176E-5
9670,1.4049E-5
9671,5.7267E-5
9672,9.761E-6
9673,1.363E-5
9674,9.9E-8
9675,3.0716E-5
9676,3.0843E-5
9677,2.4543E-5
9678,3.1024E-5
9679,8.277E-6
9680,1.0777E-5
9681,1.6789E-5
9682,1.5521E-5
9683,1.6939E-5
9684,9.643E-6
9685,9.588E-6
9686,3.4139E-5
9687,1.4363E-5
9688,1.7503E-5
9689,5.195E-5
9690,2.2094E-5
9691,3.3896E-5
9692,1.4625E-5
9693,1.2E-7
9694,1.446E-5
9695,2.2477E-5
9696,1.654E-5
9697,9.4E-8
9698,3.5816E-5
9699,2.5223E-5
9700,1.8652E-5
9701,3.2851E-5
9702,9.297E-6
9703,4.213E-5
9704,2.9116E-5
9705,1.2183E-5
9706,2.5882E-5
9707,2.4609E-5
9708,1.0696E-5
9709,2.9254E-5
9710,1.3982E-5
9711,1.04E-7
9712,3.4556E-5
9713,1.3155E-5
9714,3.3621E-5
9715,3.2583E-5
9716,1.6046E-5
9717,9.633E-6
9718,2.8267E-5
9719,1.7793E-5
9720,1.4609E-5
9721,4.1973E-5
9722,1.4284E-5
9723,1.15E-7
9724,1.444E-5
9725,2.0891E-5
9726,2.4286E-5
9727,1.03E-7
9728,1.6214E-5
9729,1.3695E-5
9730,2.602E-5
9731,1.09E-7
9732,2.4481E-5
9733,2.4153E-5
9734,2.0851E-5
9735,1.0638E-5
9736,3.0627E-5
9737,2.7562E-5
9738,9.619E-6
9739,1.2196E-5
9740,2.1195E-5
9741,1.6704E-5
9742,3.5482E-5
9743,1.04E-7
9744,3.516E-5
9745,9.377E-6
9746,1.04E-7
9747,8.058E-6
9748,2.4764E-5
9749,3.2407E-5
9750,1.0261E-5
9751,2.4767E-5
9752,1.6474E-5
9753,1.08E-7
9754,2.3015E-5
9755,1.1199E-5
9756,9.616E-6
9757,9.709E-6
9758,1.2532E-5
9759,1.04E-7
9760,3.5438E-5
9761,2.3931E-5
9762,1.06E-7
9763,1.9158E-5
9764,1.4334E-5
9765,1.9028E-5
9766,3.2289E-5
9767,2.2151E-5
9768,9.65E-6
9769,9.041E-6
9770,1.27E-7
9771,5.3921E-5
9772,3.4311E-5
9773,2.9432E-5
9774,9.191E-6
9775,1.6963E-5
9776,1.7569E-5
9777,1.8816E-5
9778,2.9404E-5
9779,1.6077E-5
9780,1.6223E-5
9781,9.784E-6
9782,8.425E-6
9783,5.791E-6
9784,2.1679E-5
9785,1.6608E-5
9786,2.6734E-5
9787,2.7441E-5
9788,2.287E-5
9789,1.7705E-5
9790,1.09E-7
9791,1.1467E-5
9792,1.14E-7
9793,1.7434E-5
9794,9.343E-6
9795,2.91E-5
9796,4.6787E-5
9797,6.6734E-5
9798,2.1551E-5
9799,3.616E-5
9800,1.1762E-5
9801,1.8578E-5
9802,7.022E-6
9803,2.2463E-5
9804,1.08E-7
9805,8.337E-6
9806,1.9743E-5
9807,2.8296E-5
9808,2.4246E-5
9809,1.7848E-5
9810,2.3568E-5
9811,3.3656E-5
9812,1.06E-7
9813,1.9658E-5
9814,1.6943E-5
9815,1.05E-7
9816,1.15E-7
9817,1.07E-7
9818,2.019E-5
9819,3.57E-5
9820,4.9055E-5
9821,5.0091E-5
9822,1.4256E-5
9823,2.28E-5
9824,2.3469E-5
9825,1.6004E-5
9826,3.7774E-5
9827,1.1751E-5
9828,3.1129E-5
9829,2.6013E-5
9830,7.319E-6
9831,1.24E-7
9832,1.7905E-5
9833,1.9459E-5
9834,1.23E-7
9835,4.7416E-5
9836,1.17E-7
9837,2.2364E-5
9838,1.03E-7
9839,2.8214E-5
9840,1.5971E-5
9841,2.2114E-5
9842,1.6348E-5
9843,3.1205E-5
9844,1.015E-5
9845,2.8839E-5
9846,7.6891E-5
9847,3.8125E-5
9848,1.1281E-5
9849,1.4198E-5
9850,9.904E-6
9851,7.921E-6
9852,2.0874E-5
9853,2.5713E-5
9854,1.1902E-5
9855,0.003836516
9856,1.13E-7
9857,2.7309E-5
9858,2.0362E-5
9859,1.3632E-5
9860,3.8917E-5
9861,1.0136E-5
9862,1.3184E-5
9863,0.027177706
9864,3.7612E-5
9865,4.016E-5
9866,1.14E-7
9867,1.01E-7
9868,4.0261E-5
9869,3.2424E-5
9870,2.335E-5
9871,2.2318E-5
9872,3.2834E-5
9873,2.7014E-5
9874,2.508E-5
9875,2.3335E-5
9876,1.01E-7
9877,1.5868E-5
9878,9.9E-8
9879,1.25E-7
9880,8.859E-6
9881,1.0677E-5
9882,1.9121E-5
9883,2.8307E-5
9884,8.241E-6
9885,4.5333E-5
9886,1.9227E-5
9887,1.6358E-5
9888,5.741E-6
9889,3.0843E-5
9890,3.2769E-5
9891,1.0631E-5
9892,1.3023E-5
9893,3.1616E-5
9894,5.1522E-5
9895,2.3937E-5
9896,4.6578E-5
9897,2.1147E-5
9898,2.5248E-5
9899,2.5766E-5
9900,2.0522E-5
9901,3.616E-5
9902,9.17E-6
9903,9.268E-6
9904,1.7049E-5
9905,2.1056E-5
9906,1.23E-7
9907,2.2026E-5
9908,2.6463E-5
9909,2.2145E-5
9910,1.8478E-5
9911,1.08E-7
9912,9.151E-6
9913,1.3579E-5
9914,5.1264E-5
9915,4.9061E-5
9916,2.1592E-5
9917,1.261E-5
9918,2.2941E-5
9919,1.8053E-5
9920,3.8493E-5
9921,1.5613E-5
9922,1.8877E-5
9923,1.09E-7
9924,4.3313E-5
9925,1.2828E-5
9926,2.3729E-5
9927,1.03E-7
9928,6.986E-6
9929,1.2124E-5
9930,2.1781E-5
9931,6.3316E-5
9932,3.5204E-5
9933,2.6783E-5
9934,1.0912E-5
9935,2.3841E-5
9936,1.01E-7
9937,1.6104E-5
9938,4.3366E-5
9939,1.3059E-5
9940,9.5E-8
9941,1.4972E-5
9942,1.0662E-5
9943,1.2626E-5
9944,1.1E-7
9945,3.2965E-5
9946,1.7201E-5
9947,1.09E-7
9948,8.841E-6
9949,2.0811E-5
9950,2.0686E-5
9951,1.4716E-5
9952,1.3449E-5
9953,3.5256E-5
9954,2.7695E-5
9955,3.1851E-5
9956,1.0719E-5
9957,1.9795E-5
9958,3.2615E-5
9959,4.3093E-5
9960,9.663E-6
9961,2.8924E-5
9962,2.1616E-5
9963,2.4609E-5
9964,1.0E-7
9965,2.5059E-5
9966,7.803E-6
9967,1.2428E-5
9968,2.0391E-5
9969,2.6476E-5
9970,2.0126E-5
9971,2.6317E-5
9972,1.4057E-5
9973,1.06E-7
9974,1.0E-7
9975,2.1735E-5
9976,3.245E-5
9977,3.3053E-5
9978,2.195E-5
9979,1.15E-7
9980,5.2965E-5
9981,4.1954E-5
9982,7.687E-6
9983,1.26E-7
9984,9.27E-6
9985,1.2917E-5
9986,2.5632E-5
9987,8.801E-6
9988,3.0857E-5
9989,9.588E-6
9990,3.7548E-5
9991,2.889E-5
9992,1.11E-7
9993,4.2821E-5
9994,2.0446E-5
9995,3.5419E-5
9996,1.04E-7
9997,1.6103E-5
9998,1.7509E-5
9999,2.6439E-5
10000,1.9929E-5
10001,9.743E-6
10002,1.5051E-5
10003,1.3297E-5
10004,3.179E-5
10005,1.4704E-5
10006,1.3251E-5
10007,2.2596E-5
10008,6.898E-6
10009,8.781E-6
10010,1.5535E-5
10011,1.14E-7
10012,2.5876E-5
10013,1.7658E-5
10014,1.04E-7
10015,4.3772E-5
10016,2.2231E-5
10017,5.1466E-5
10018,3.6631E-5
10019,3.5161E-5
10020,3.5426E-5
10021,1.4183E-5
10022,1.6206E-5
10023,1.5377E-5
10024,2.902E-5
10025,1.5474E-5
10026,1.9887E-5
10027,3.5358E-5
10028,1.9845E-5
10029,2.7112E-5
10030,2.3444E-5
10031,1.19E-5
10032,2.8613E-5
10033,1.02E-7
10034,7.087E-6
10035,2.6606E-5
10036,1.0E-7
10037,1.18E-7
10038,1.1E-7
10039,0.004604613
10040,2.9777E-5
10041,1.1936E-5
10042,2.5272E-5
10043,1.6844E-5
10044,2.9515E-5
10045,3.2226E-5
10046,1.6064E-5
10047,1.0456E-5
10048,2.9583E-5
10049,8.917E-6
10050,2.7311E-5
10051,3.749E-5
10052,1.2649E-5
10053,5.3485E-5
10054,1.07E-7
10055,1.185E-5
10056,2.4152E-5
10057,1.4269E-5
10058,1.0244E-5
10059,3.798E-5
10060,1.7863E-5
10061,1.24E-7
10062,2.2208E-5
10063,1.7822E-5
10064,9.127E-6
10065,3.0748E-5
10066,1.25E-7
10067,5.6867E-5
10068,2.7586E-5
10069,1.7283E-5
10070,5.2255E-5
10071,1.34E-7
10072,9.9E-8
10073,1.013E-5
10074,2.3559E-5
10075,8.743E-6
10076,8.535E-6
10077,3.3225E-5
10078,1.8513E-5
10079,4.7982E-5
10080,1.4171E-5
10081,3.382E-5
10082,1.2E-7
10083,1.045E-5
10084,1.07E-7
10085,1.1263E-5
10086,1.01E-7
10087,1.15E-7
10088,2.3253E-5
10089,1.0232E-5
10090,2.193E-5
10091,9.9E-8
10092,1.6094E-5
10093,1.1787E-5
10094,1.08E-7
10095,1.2569E-5
10096,1.2727E-5
10097,1.0E-7
10098,2.005E-5
10099,1.17E-7
10100,1.34E-7
10101,1.298E-5
10102,2.1737E-5
10103,1.3E-7
10104,2.0967E-5
10105,6.88E-6
10106,4.3256E-5
10107,6.4886E-5
10108,1.7973E-5
10109,1.1468E-5
10110,8.733E-6
10111,1.9928E-5
10112,1.8665E-5
10113,2.8194E-5
10114,1.8317E-5
10115,3.0573E-5
10116,5.0002E-5
10117,1.3669E-5
10118,3.5519E-5
10119,1.8643E-5
10120,1.5096E-5
10121,2.8003E-5
10122,1.4594E-5
10123,9.983E-6
10124,1.16E-7
10125,1.25E-7
10126,5.5479E-5
10127,1.3216E-5
10128,1.02E-7
10129,1.36E-7
10130,3.9851E-5
10131,4.0276E-5
10132,1.7235E-5
10133,2.2299E-5
10134,1.9196E-5
10135,8.138E-6
10136,2.013E-5
10137,2.9498E-5
10138,1.4685E-5
10139,1.3502E-5
10140,4.0363E-5
10141,0.018976506
10142,2.168E-5
10143,1.06E-7
10144,2.5297E-5
10145,1.8415E-5
10146,4.8571E-5
10147,1.1858E-5
10148,1.25E-7
10149,3.3466E-5
10150,1.2618E-5
10151,6.2496E-5
10152,1.6316E-5
10153,1.1481E-5
10154,3.6878E-5
10155,1.7693E-5
10156,2.9929E-5
10157,1.17E-7
10158,2.1886E-5
10159,2.5681E-5
10160,1.9083E-5
10161,9.4E-8
10162,1.12E-7
10163,1.6097E-5
10164,9.7E-8
10165,2.185E-5
10166,2.8121E-5
10167,1.1989E-5
10168,3.3306E-5
10169,1.6224E-5
10170,2.3692E-5
10171,3.6329E-5
10172,9.6E-8
10173,3.4366E-5
10174,2.199E-5
10175,2.4183E-5
10176,5.6786E-5
10177,1.07E-7
10178,6.012E-6
10179,2.8798E-5
10180,0.015997722
10181,2.5507E-5
10182,1.2295E-5
10183,1.1193E-5
10184,9.9E-8
10185,2.7581E-5
10186,1.8868E-5
10187,1.17E-7
10188,3.993E-5
10189,3.0252E-5
10190,2.0083E-5
10191,1.56E-7
10192,1.7986E-5
10193,1.2353E-5
10194,3.8159E-5
10195,3.392E-5
10196,4.2547E-5
10197,1.8758E-5
10198,3.087E-5
10199,1.5842E-5
10200,1.6164E-5
10201,2.384E-5
10202,1.3822E-5
10203,1.798E-5
10204,2.1262E-5
10205,1.9757E-5
10206,7.2051E-5
10207,1.02E-7
10208,1.8522E-5
10209,9.7E-8
10210,1.454E-5
10211,2.3646E-5
10212,1.3798E-5
10213,2.2116E-5
10214,1.2476E-5
10215,1.7445E-5
10216,8.425E-6
10217,1.0856E-5
10218,4.9152E-5
10219,2.7731E-5
10220,9.927E-6
10221,8.002E-6
10222,4.3725E-5
10223,1.4816E-5
10224,3.5448E-5
10225,1.7146E-5
10226,1.038E-5
10227,2.8434E-5
10228,1.8611E-5
10229,1.7513E-5
10230,1.2463E-5
10231,3.1206E-5
10232,2.6898E-5
10233,9.143E-6
10234,7.56E-6
10235,1.974E-5
10236,1.0095E-5
10237,1.4962E-5
10238,6.419E-5
10239,2.3457E-5
10240,3.3608E-5
10241,1.4848E-5
10242,2.3724E-5
10243,9.547E-6
10244,1.11E-7
10245,8.669E-6
10246,2.1497E-5
10247,1.18E-7
10248,1.05E-7
10249,1.2481E-5
10250,1.089E-5
10251,1.6733E-5
10252,1.7521E-5
10253,3.062E-5
10254,1.858E-5
10255,9.352E-6
10256,5.1945E-5
10257,3.1697E-5
10258,9.849E-6
10259,2.7628E-5
10260,1.11E-7
10261,2.9667E-5
10262,1.8554E-5
10263,2.2161E-5
10264,3.2962E-5
10265,8.138E-6
10266,4.9575E-5
10267,3.6896E-5
10268,2.7887E-5
10269,2.0265E-5
10270,1.9319E-5
10271,1.9606E-5
10272,1.0E-7
10273,1.5203E-5
10274,5.9342E-5
10275,2.2248E-5
10276,4.7579E-5
10277,1.3529E-5
10278,3.2505E-5
10279,2.1689E-5
10280,1.12E-7
10281,1.28E-7
10282,2.143E-5
10283,1.7249E-5
10284,2.3301E-5
10285,1.09E-7
10286,1.4273E-5
10287,3.7969E-5
10288,1.2111E-5
10289,1.9573E-5
10290,2.5166E-5
10291,1.0228E-5
10292,2.1531E-5
10293,1.9981E-5
10294,1.1411E-5
10295,6.89E-5
10296,3.4955E-5
10297,4.4522E-5
10298,1.4542E-5
10299,2.1996E-5
10300,2.9086E-5
10301,1.0E-7
10302,1.7493E-5
10303,1.8628E-5
10304,1.315E-5
10305,2.9384E-5
10306,2.6504E-5
10307,4.1859E-5
10308,2.3936E-5
10309,3.3606E-5
10310,1.7319E-5
10311,1.9183E-5
10312,2.0182E-5
10313,2.0011E-5
10314,1.5977E-5
10315,2.011E-5
10316,1.9528E-5
10317,5.3626E-5
10318,3.704E-5
10319,3.641E-5
10320,1.8606E-5
10321,3.7639E-5
10322,9.599E-6
10323,3.0069E-5
10324,1.4945E-5
10325,1.2238E-5
10326,2.5399E-5
10327,1.3884E-5
10328,2.2326E-5
10329,3.0353E-5
10330,1.05E-7
10331,1.6373E-5
10332,3.5196E-5
10333,2.1174E-5
10334,1.05E-7
10335,4.5011E-5
10336,5.2045E-5
10337,2.8106E-5
10338,1.1935E-5
10339,1.1639E-5
10340,1.27E-7
10341,2.0754E-5
10342,2.7391E-5
10343,5.3205E-5
10344,2.2895E-5
10345,2.8067E-5
10346,3.0183E-5
10347,1.1917E-5
10348,1.01E-7
10349,5.6639E-5
10350,2.6248E-5
10351,1.1339E-5
10352,1.8095E-5
10353,1.2376E-5
10354,1.6735E-5
10355,2.6796E-5
10356,4.6805E-5
10357,1.6032E-5
10358,1.2532E-5
10359,3.8502E-5
10360,5.4033E-5
10361,1.9475E-5
10362,6.677E-6
10363,3.774E-5
10364,2.9973E-5
10365,1.2755E-5
10366,1.8485E-5
10367,8.89E-6
10368,3.3166E-5
10369,1.9166E-5
10370,2.3037E-5
10371,2.4513E-5
10372,1.1038E-5
10373,2.2663E-5
10374,3.6926E-5
10375,9.9E-8
10376,9.5E-8
10377,3.9159E-5
10378,3.2267E-5
10379,1.2058E-5
10380,2.0776E-5
10381,2.7797E-5
10382,4.3892E-5
10383,1.03E-7
10384,1.08E-7
10385,2.3786E-5
10386,3.2258E-5
10387,5.1673E-5
10388,4.2E-5
10389,9.9E-8
10390,1.01E-7
10391,2.7678E-5
10392,1.7817E-5
10393,3.8347E-5
10394,8.84E-6
10395,2.8519E-5
10396,3.164E-5
10397,3.8868E-5
10398,1.02E-7
10399,8.856E-6
10400,1.0153E-5
10401,4.4149E-5
10402,1.8818E-5
10403,2.9811E-5
10404,1.8282E-5
10405,1.0852E-5
10406,1.2568E-5
10407,1.15E-7
10408,5.1794E-5
10409,1.03E-7
10410,2.3928E-5
10411,2.1258E-5
10412,7.303E-6
10413,1.0E-7
10414,1.0188E-5
10415,2.431E-5
10416,2.8958E-5
10417,1.17E-7
10418,6.0939E-5
10419,2.3298E-5
10420,6.1047E-5
10421,1.2945E-5
10422,2.666E-5
10423,4.0259E-5
10424,3.2009E-5
10425,1.9867E-5
10426,1.4486E-5
10427,1.2579E-5
10428,1.5272E-5
10429,4.4053E-5
10430,3.1893E-5
10431,3.9533E-5
10432,1.6182E-5
10433,1.9754E-5
10434,1.2534E-5
10435,1.0951E-5
10436,1.1446E-5
10437,4.0653E-5
10438,8.117E-6
10439,1.9367E-5
10440,1.7676E-5
10441,4.1601E-5
10442,3.2014E-5
10443,1.3104E-5
10444,9.6E-8
10445,1.13E-7
10446,1.1438E-5
10447,1.4564E-5
10448,1.5316E-5
10449,3.9165E-5
10450,9.8E-8
10451,1.18E-7
10452,1.6812E-5
10453,2.327E-5
10454,2.8365E-5
10455,2.3753E-5
10456,1.7707E-5
10457,1.6695E-5
10458,1.5348E-5
10459,9.9E-8
10460,5.601E-6
10461,1.7754E-5
10462,1.8809E-5
10463,1.0609E-5
10464,1.9535E-5
10465,2.0521E-5
10466,1.1548E-5
10467,3.5759E-5
10468,2.715E-5
10469,1.02E-7
10470,8.918E-6
10471,1.985E-5
10472,3.3722E-5
10473,2.2538E-5
10474,1.05E-7
10475,4.6988E-5
10476,1.33E-7
10477,1.9522E-5
10478,1.02E-7
10479,1.303E-5
10480,8.66E-6
10481,8.585E-6
10482,1.8536E-5
10483,1.2E-7
10484,1.9969E-5
10485,1.19E-7
10486,1.9242E-5
10487,2.4654E-5
10488,1.03E-7
10489,2.6423E-5
10490,2.5972E-5
10491,2.6744E-5
10492,2.7267E-5
10493,3.4559E-5
10494,5.4659E-5
10495,3.3648E-5
10496,8.845E-6
10497,1.5761E-5
10498,9.209E-6
10499,9.422E-6
10500,1.6428E-5
10501,4.9527E-5
10502,3.3739E-5
10503,3.5171E-5
10504,2.2309E-5
10505,2.5948E-5
10506,1.7356E-5
10507,1.32E-7
10508,2.4202E-5
10509,4.4585E-5
10510,1.1913E-5
10511,2.381E-5
10512,2.3562E-5
10513,9.984E-6
10514,1.3349E-5
10515,1.0753E-5
10516,9.9E-8
10517,4.8106E-5
10518,1.17E-7
10519,3.1415E-5
10520,2.4195E-5
10521,3.0256E-5
10522,1.17E-7
10523,1.22E-7
10524,1.6325E-5
10525,1.4838E-5
10526,9.446E-6
10527,2.6959E-5
10528,1.1017E-5
10529,1.903E-5
10530,2.9196E-5
10531,1.9852E-5
10532,1.0E-7
10533,2.8978E-5
10534,1.12E-7
10535,4.6698E-5
10536,1.0773E-5
10537,9.8E-8
10538,2.2566E-5
10539,1.7328E-5
10540,2.364E-5
10541,7.426E-6
10542,9.219E-6
10543,1.12E-7
10544,6.414E-6
10545,2.4598E-5
10546,2.2456E-5
10547,3.3079E-5
10548,1.358E-5
10549,1.9213E-5
10550,2.9395E-5
10551,2.412E-5
10552,1.02E-7
10553,1.11E-7
10554,2.2618E-5
10555,1.7534E-5
10556,4.1536E-5
10557,4.5187E-5
10558,3.5871E-5
10559,1.1992E-5
10560,1.9422E-5
10561,3.2172E-5
10562,3.7805E-5
10563,2.2785E-5
10564,1.2321E-5
10565,1.8069E-5
10566,2.8786E-5
10567,2.5771E-5
10568,9.7E-8
10569,1.3725E-5
10570,2.9948E-5
10571,2.4197E-5
10572,2.7987E-5
10573,2.1989E-5
10574,1.06E-7
10575,1.4257E-5
10576,9.75E-6
10577,1.0E-7
10578,8.092E-6
10579,1.3232E-5
10580,2.5363E-5
10581,2.709E-5
10582,1.1143E-5
10583,1.11E-7
10584,2.7059E-5
10585,2.0122E-5
10586,1.0385E-5
10587,1.08E-7
10588,1.4372E-5
10589,2.1424E-5
10590,1.3104E-5
10591,3.6209E-5
10592,2.0345E-5
10593,2.1481E-5
10594,6.852E-6
10595,1.0165E-5
10596,3.9579E-5
10597,3.3693E-5
10598,2.6273E-5
10599,4.3696E-5
10600,1.05E-7
10601,2.5886E-5
10602,2.4003E-5
10603,1.7736E-5
10604,1.04E-7
10605,2.5558E-5
10606,2.9994E-5
10607,1.4638E-5
10608,5.4214E-5
10609,1.01E-7
10610,3.0823E-5
10611,9.801E-6
10612,9.419E-6
10613,1.2069E-5
10614,1.6287E-5
10615,2.248E-5
10616,1.6922E-5
10617,1.04E-7
10618,1.03E-7
10619,3.1757E-5
10620,2.8143E-5
10621,4.8714E-5
10622,3.2562E-5
10623,1.6591E-5
10624,7.513E-6
10625,3.5603E-5
10626,4.12E-5
10627,4.0379E-5
10628,1.613E-5
10629,1.0984E-5
10630,1.09E-7
10631,1.22E-7
10632,3.3091E-5
10633,3.3417E-5
10634,1.1262E-5
10635,1.7762E-5
10636,5.8013E-5
10637,1.9462E-5
10638,2.3684E-5
10639,2.0675E-5
10640,3.2639E-5
10641,1.6149E-5
10642,8.502E-6
10643,3.0736E-5
10644,1.12E-7
10645,3.4953E-5
10646,1.4339E-5
10647,3.1004E-5
10648,2.2658E-5
10649,1.06E-7
10650,1.6273E-5
10651,2.8398E-5
10652,2.8235E-5
10653,1.9301E-5
10654,1.0845E-5
10655,1.061E-5
10656,3.1683E-5
10657,3.0205E-5
10658,1.0544E-5
10659,2.2503E-5
10660,1.1097E-5
10661,2.3794E-5
10662,2.9399E-5
10663,1.845E-5
10664,1.46E-7
10665,1.2694E-5
10666,4.6065E-5
10667,1.2911E-5
10668,1.94E-5
10669,1.12E-7
10670,9.727E-6
10671,2.7003E-5
10672,1.9113E-5
10673,3.7885E-5
10674,1.22E-7
10675,9.8E-8
10676,1.3356E-5
10677,1.9189E-5
10678,3.371E-5
10679,2.6584E-5
10680,9.6E-8
10681,2.6196E-5
10682,2.9351E-5
10683,1.134E-5
10684,5.4243E-5
10685,1.9433E-5
10686,1.0138E-5
10687,1.3254E-5
10688,9.7E-8
10689,1.6034E-5
10690,7.234E-5
10691,3.0187E-5
10692,4.7767E-5
10693,8.328E-6
10694,2.6205E-5
10695,1.13E-7
10696,1.4208E-5
10697,7.6715E-5
10698,4.5037E-5
10699,1.0745E-5
10700,2.1163E-5
10701,5.0243E-5
10702,2.2591E-5
10703,3.6799E-5
10704,9.342E-6
10705,9.885E-6
10706,1.3231E-5
10707,2.5315E-5
10708,9.888E-6
10709,2.7571E-5
10710,3.6078E-5
10711,3.1197E-5
10712,2.3659E-5
10713,4.271E-5
10714,1.1772E-5
10715,2.6093E-5
10716,2.198E-5
10717,7.386E-6
10718,1.285E-5
10719,2.3712E-5
10720,2.9979E-5
10721,3.5979E-5
10722,3.338E-5
10723,9.8E-8
10724,1.1446E-5
10725,2.6438E-5
10726,2.0762E-5
10727,4.3146E-5
10728,2.3885E-5
10729,3.265E-5
10730,2.1671E-5
10731,9.8E-8
10732,3.0452E-5
10733,3.0426E-5
10734,9.8E-8
10735,3.8487E-5
10736,6.705E-6
10737,9.766E-6
10738,1.1806E-5
10739,3.0842E-5
10740,2.4867E-5
10741,1.39E-7
10742,1.043E-5
10743,3.9531E-5
10744,2.3795E-5
10745,1.2518E-5
10746,1.718E-5
10747,1.0216E-5
10748,8.886E-6
10749,9.4E-8
10750,1.04E-7
10751,1.16E-7
10752,1.115E-5
10753,4.1121E-5
10754,2.7547E-5
10755,2.3396E-5
10756,3.5148E-5
10757,1.1532E-5
10758,1.2942E-5
10759,2.16E-5
10760,1.8532E-5
10761,2.1352E-5
10762,1.19E-7
10763,2.9606E-5
10764,7.703E-6
10765,3.0944E-5
10766,2.5548E-5
10767,7.1114E-5
10768,1.2137E-5
10769,4.1155E-5
10770,4.0431E-5
10771,1.4268E-5
10772,5.7427E-5
10773,2.9715E-5
10774,1.5941E-5
10775,1.05E-7
10776,2.6372E-5
10777,1.04E-7
10778,1.5572E-5
10779,1.06E-7
10780,2.4482E-5
10781,1.8705E-5
10782,3.1238E-5
10783,1.4922E-5
10784,2.4596E-5
10785,4.2807E-5
10786,1.5355E-5
10787,1.01E-7
10788,1.24E-7
10789,1.3173E-5
10790,1.3845E-5
10791,3.0696E-5
10792,3.1126E-5
10793,5.5242E-5
10794,7.2383E-5
10795,7.823E-6
10796,2.3874E-5
10797,3.0036E-5
10798,3.7399E-5
10799,4.0211E-5
10800,1.04E-7
10801,6.5084E-5
10802,1.01E-7
10803,1.3949E-5
10804,3.1025E-5
10805,1.1371E-5
10806,3.3051E-5
10807,1.9804E-5
10808,1.6245E-5
10809,5.0613E-5
10810,9.891E-6
10811,5.3081E-5
10812,5.5984E-5
10813,7.963E-6
10814,3.6462E-5
10815,1.21E-7
10816,1.39E-7
10817,3.0061E-5
10818,2.0316E-5
10819,1.09E-7
10820,2.4231E-5
10821,4.6338E-5
10822,4.5469E-5
10823,1.3076E-5
10824,4.995E-5
10825,1.2665E-5
10826,2.2811E-5
10827,3.5015E-5
10828,1.7842E-5
10829,1.7578E-5
10830,1.5445E-5
10831,2.1124E-5
10832,1.6355E-5
10833,3.9178E-5
10834,3.549E-5
10835,1.05E-7
10836,1.44E-7
10837,3.1919E-5
10838,1.4238E-5
10839,9.879E-6
10840,2.6052E-5
10841,9.034E-6
10842,5.1543E-5
10843,2.8607E-5
10844,3.2554E-5
10845,3.7114E-5
10846,2.3064E-5
10847,9.9E-8
10848,2.3546E-5
10849,2.4359E-5
10850,2.8865E-5
10851,2.8443E-5
10852,2.4818E-5
10853,2.3614E-5
10854,2.7101E-5
10855,1.8423E-5
10856,2.8799E-5
10857,3.2361E-5
10858,2.4243E-5
10859,1.14E-7
10860,4.683E-5
10861,1.0174E-5
10862,2.4924E-5
10863,2.7859E-5
10864,7.185E-6
10865,1.1329E-5
10866,4.4179E-5
10867,2.1487E-5
10868,2.3729E-5
10869,1.0616E-5
10870,8.158E-6
10871,3.6332E-5
10872,2.7611E-5
10873,1.1207E-5
10874,1.6048E-5
10875,3.191E-5
10876,1.0057E-5
10877,1.4629E-5
10878,5.2037E-5
10879,2.9897E-5
10880,1.6823E-5
10881,2.0355E-5
10882,1.01E-7
10883,9.5E-8
10884,1.08E-7
10885,4.0437E-5
10886,2.7928E-5
10887,2.4021E-5
10888,1.4251E-5
10889,1.7775E-5
10890,1.8944E-5
10891,1.7941E-5
10892,1.6301E-5
10893,2.8142E-5
10894,9.5E-8
10895,4.4212E-5
10896,1.5335E-5
10897,1.4626E-5
10898,2.2097E-5
10899,1.5619E-5
10900,2.1723E-5
10901,1.2625E-5
10902,1.5063E-5
10903,3.1749E-5
10904,1.5204E-5
10905,1.2598E-5
10906,1.1E-7
10907,1.37E-7
10908,1.01E-7
10909,2.3931E-5
10910,1.6434E-5
10911,9.121E-6
10912,9.572E-6
10913,1.07E-7
10914,1.1E-7
10915,1.04E-7
10916,1.03E-7
10917,4.3371E-5
10918,5.096E-5
10919,1.1905E-5
10920,1.8074E-5
10921,2.6127E-5
10922,1.2054E-5
10923,9.22E-6
10924,2.382E-5
10925,4.7156E-5
10926,1.5645E-5
10927,1.00845E-4
10928,2.436E-5
10929,1.194E-5
10930,1.0117E-5
10931,1.06E-7
10932,4.787E-5
10933,3.8371E-5
10934,2.9961E-5
10935,1.11E-7
10936,2.7637E-5
10937,1.442E-5
10938,3.6629E-5
10939,2.545E-5
10940,1.0524E-5
10941,3.831E-5
10942,7.2931E-5
10943,1.11E-7
10944,3.4092E-5
10945,2.4028E-5
10946,2.5288E-5
10947,1.5257E-5
10948,8.852E-6
10949,1.4486E-5
10950,1.9219E-5
10951,2.94352E-4
10952,1.6068E-5
10953,1.5347E-5
10954,2.6788E-5
10955,1.657E-5
10956,7.255E-6
10957,1.0765E-5
10958,2.0636E-5
10959,1.0558E-5
10960,5.048E-5
10961,5.3581E-5
10962,1.3416E-5
10963,3.0151E-5
10964,3.4014E-5
10965,2.8929E-5
10966,1.2663E-5
10967,4.8646E-5
10968,1.7886E-5
10969,2.2676E-5
10970,1.23E-7
10971,1.0E-7
10972,3.2491E-5
10973,1.581E-5
10974,1.06E-7
10975,1.6581E-5
10976,4.0414E-5
10977,5.1194E-5
10978,1.4946E-5
10979,1.119E-5
10980,8.941E-6
10981,5.347E-5
10982,3.9191E-5
10983,6.0671E-5
10984,1.07E-7
10985,3.322E-5
10986,3.7116E-5
10987,1.2891E-5
10988,2.7984E-5
10989,6.225E-6
10990,1.7663E-5
10991,2.324E-5
10992,1.478E-5
10993,1.13E-7
10994,2.8399E-5
10995,1.29E-7
10996,1.2467E-5
10997,1.068E-5
10998,1.09E-7
10999,4.6795E-5
11000,5.756E-5
11001,1.4666E-5
11002,1.1559E-5
11003,1.09E-7
11004,8.424E-6
11005,2.3355E-5
11006,3.1295E-5
11007,3.1967E-5
11008,4.321E-5
11009,1.0355E-5
11010,1.9069E-5
11011,4.9985E-5
11012,2.1629E-5
11013,3.8206E-5
11014,1.01E-7
11015,8.378E-6
11016,3.6059E-5
11017,2.537E-5
11018,1.6295E-5
11019,3.5769E-5
11020,2.4707E-5
11021,5.8747E-5
11022,1.4269E-5
11023,8.0795E-5
11024,2.7901E-5
11025,4.6003E-5
11026,9.585E-6
11027,2.8459E-5
11028,2.3861E-5
11029,1.7707E-5
11030,2.0944E-5
11031,2.5125E-5
11032,1.4612E-5
11033,2.2928E-5
11034,1.6369E-5
11035,1.9601E-5
11036,2.5354E-5
11037,2.5819E-5
11038,2.8539E-5
11039,2.9917E-5
11040,1.25E-7
11041,3.7061E-5
11042,1.6921E-5
11043,1.2001E-5
11044,3.6956E-5
11045,3.2562E-5
11046,2.9545E-5
11047,1.4187E-5
11048,1.0586E-5
11049,2.4773E-5
11050,1.0068E-5
11051,3.9136E-5
11052,3.7426E-5
11053,1.1178E-5
11054,3.303E-5
11055,3.1733E-5
11056,4.3273E-5
11057,9.7E-8
11058,1.19E-7
11059,8.3457E-5
11060,1.8212E-5
11061,2.5022E-5
11062,9.5E-8
11063,1.27E-7
11064,2.4494E-5
11065,2.2511E-5
11066,7.709E-6
11067,2.4634E-5
11068,2.4485E-5
11069,3.4039E-5
11070,1.4886E-5
11071,2.2446E-5
11072,1.03E-7
11073,1.2618E-5
11074,1.29E-7
11075,2.1097E-5
11076,1.6935E-5
11077,3.5899E-5
11078,4.424E-5
11079,5.156E-5
11080,2.7366E-5
11081,1.11E-7
11082,1.1649E-5
11083,1.11E-7
11084,1.08E-7
11085,3.7884E-5
11086,1.6793E-5
11087,1.0565E-5
11088,3.8185E-5
11089,2.818E-5
11090,2.2118E-5
11091,4.5717E-5
11092,3.3212E-5
11093,1.0659E-5
11094,2.775E-5
11095,3.0171E-5
11096,8.708E-6
11097,1.08E-7
11098,2.2729E-5
11099,1.1268E-5
11100,1.0E-7
11101,3.437E-5
11102,1.596595089
11103,1.02E-7
11104,2.0958E-5
11105,3.3916E-5
11106,3.8622E-5
11107,2.1472E-5
11108,2.1574E-5
11109,1.5295E-5
11110,2.9211E-5
11111,1.14E-7
11112,1.8859E-5
11113,1.23E-7
11114,1.442E-5
11115,2.8069E-5
11116,2.4368E-5
11117,1.2117E-5
11118,1.4798E-5
11119,1.1354E-5
11120,2.5901E-5
11121,2.2891E-5
11122,4.1809E-5
11123,2.4341E-5
11124,1.1076E-5
11125,1.17E-7
11126,2.5395E-5
11127,3.0862E-5
11128,9.495E-6
11129,1.17E-7
11130,4.0206E-5
11131,1.682E-5
11132,8.5072E-5
11133,2.4712E-5
11134,2.8416E-5
11135,1.02E-7
11136,1.2901E-5
11137,1.8216E-5
11138,2.2053E-5
11139,3.5996E-5
11140,1.33E-7
11141,2.918E-5
11142,3.3965E-5
11143,3.4909E-5
11144,4.221E-5
11145,2.4652E-5
11146,2.2704E-5
11147,1.2326E-5
11148,2.5847E-5
11149,2.1993E-5
11150,3.6172E-5
11151,3.4683E-5
11152,2.2977E-5
11153,2.0979E-5
11154,1.29E-7
11155,1.07E-7
11156,2.1137E-5
11157,1.4709E-5
11158,1.6967E-5
11159,1.5634E-5
11160,1.21E-7
11161,2.9191E-5
11162,2.2895E-5
11163,9.9E-8
11164,1.41E-7
11165,1.4858E-5
11166,2.0138E-5
11167,1.0317E-5
11168,2.3034E-5
11169,1.05E-7
11170,2.3392E-5
11171,4.6503E-5
11172,8.9816E-5
11173,5.1006E-5
11174,3.0023E-5
11175,1.2091E-5
11176,1.03E-7
11177,5.4287E-5
11178,1.6156E-5
11179,1.6782E-5
11180,5.9589E-5
11181,3.3332E-5
11182,3.453E-5
11183,1.7521E-5
11184,1.3457E-5
11185,1.09E-7
11186,3.7996E-5
11187,1.6302E-5
11188,5.2191E-5
11189,9.114E-6
11190,4.5255E-5
11191,7.205E-6
11192,3.1776E-5
11193,7.856E-6
11194,8.732E-6
11195,1.05E-7
11196,2.341E-5
11197,2.5055E-5
11198,5.0012E-5
11199,4.1314E-5
11200,1.6775E-5
11201,4.1785E-5
11202,3.0945E-5
11203,1.2024E-5
11204,2.1264E-5
11205,8.872E-6
11206,9.994E-6
11207,1.6133E-5
11208,2.5248E-5
11209,1.0651E-5
11210,1.14E-7
11211,1.7957E-5
11212,1.9552E-5
11213,0.008004949
11214,6.0491E-5
11215,2.6566E-5
11216,3.8063E-5
11217,9.592E-6
11218,2.2902E-5
11219,9.7E-8
11220,1.0477E-5
11221,4.3632E-5
11222,3.2013E-5
11223,8.259E-6
11224,2.6769E-5
11225,1.05E-7
11226,1.02E-7
11227,3.8947E-5
11228,1.1283E-5
11229,6.866E-6
11230,1.3529E-5
11231,2.25E-5
11232,3.6309E-5
11233,1.2167E-5
11234,2.2922E-5
11235,3.4256E-5
11236,1.791E-5
11237,1.5535E-5
11238,3.8209E-5
11239,1.0938E-5
11240,1.9822E-5
11241,2.9872E-5
11242,1.4657E-5
11243,1.2142E-5
11244,1.22E-7
11245,1.19E-7
11246,1.5999E-5
11247,3.3353E-5
11248,3.1976E-5
11249,3.489E-5
11250,1.9221E-5
11251,3.241E-5
11252,1.08E-7
11253,2.3587E-5
11254,1.503E-5
11255,1.9655E-5
11256,1.207E-5
11257,2.9925E-5
11258,1.38E-7
11259,2.4215E-5
11260,2.8725E-5
11261,1.2627E-5
11262,3.2363E-5
11263,1.07E-7
11264,2.8953E-5
11265,3.5679E-5
11266,1.7118E-5
11267,3.0463E-5
11268,2.752E-5
11269,3.83E-5
11270,1.09E-7
11271,3.2973E-5
11272,2.2343E-5
11273,2.854E-5
11274,1.8721E-5
11275,3.4849E-5
11276,3.2377E-5
11277,1.04E-7
11278,3.6063E-5
11279,2.4191E-5
11280,8.395E-6
11281,1.06E-7
11282,2.4587E-5
11283,3.9189E-5
11284,3.2648E-5
11285,2.9183E-5
11286,2.0383E-5
11287,1.2797E-5
11288,2.7791E-5
11289,2.3758E-5
11290,5.2219E-5
11291,1.0128E-5
11292,1.03E-7
11293,3.1348E-5
11294,2.0447E-5
11295,1.8548E-5
11296,2.6079E-5
11297,1.07E-7
11298,9.539E-6
11299,1.6343E-5
11300,1.9353E-5
11301,4.2787E-5
11302,3.071E-5
11303,2.633E-5
11304,1.01E-7
11305,1.9476E-5
11306,1.01E-7
11307,4.2668E-5
11308,2.1783E-5
11309,2.6688E-5
11310,3.4698E-5
11311,9.4E-8
11312,3.9056E-5
11313,2.9423E-5
11314,1.6837E-5
11315,1.09E-7
11316,2.0857E-5
11317,1.31E-7
11318,4.1514E-5
11319,1.3279E-5
11320,5.8794E-5
11321,1.7006E-5
11322,1.0703E-5
11323,7.8379E-5
11324,1.914E-5
11325,1.9709E-5
11326,1.337E-5
11327,2.1392E-5
11328,3.4498E-5
11329,9.871E-6
11330,1.13E-7
11331,9.678E-6
11332,8.373E-6
11333,8.961E-6
11334,1.276E-5
11335,2.7854E-5
11336,1.0026E-5
11337,1.4607E-5
11338,1.7988E-5
11339,0.387462198
11340,3.4469E-5
11341,1.4564E-5
11342,1.1033E-5
11343,2.7446E-5
11344,4.3028E-5
11345,1.7635E-5
11346,1.18E-7
11347,1.0098E-5
11348,2.306E-5
11349,1.8185E-5
11350,4.0052E-5
11351,9.5E-8
11352,3.2188E-5
11353,4.3265E-5
11354,1.2349E-5
11355,1.6471E-5
11356,1.24E-7
11357,2.6354E-5
11358,5.4645E-5
11359,2.9751E-5
11360,1.8119E-5
11361,1.7933E-5
11362,1.5481E-5
11363,3.8183E-5
11364,2.9152E-5
11365,2.0763E-5
11366,2.3884E-5
11367,3.758E-5
11368,4.9766E-5
11369,1.2391E-5
11370,1.3046E-5
11371,1.1775E-5
11372,1.16E-7
11373,1.7241E-5
11374,1.9978E-5
11375,1.2005E-5
11376,9.179E-6
11377,3.927E-5
11378,3.9567E-5
11379,1.9004E-5
11380,4.6236E-5
11381,4.3121E-5
11382,1.2428E-5
11383,1.01E-7
11384,2.116E-5
11385,2.5707E-5
11386,1.0831E-5
11387,1.7813E-5
11388,3.1321E-5
11389,1.18E-7
11390,7.274E-5
11391,1.21E-7
11392,1.9787E-5
11393,1.1616E-5
11394,1.5644E-5
11395,1.02E-7
11396,8.09E-6
11397,1.26E-7
11398,1.7112E-5
11399,1.9279E-5
11400,1.9311E-5
11401,1.4518E-5
11402,4.351E-5
11403,2.3422E-5
11404,3.0371E-5
11405,4.2641E-5
11406,1.721E-5
11407,4.0002E-5
11408,2.1952E-5
11409,2.7276E-5
11410,1.1359E-5
11411,4.3736E-5
11412,3.1504E-5
11413,2.3386E-5
11414,2.6488E-5
11415,3.366E-5
11416,0.02915316
11417,5.6541E-5
11418,1.7014E-5
11419,1.07E-7
11420,2.1016E-5
11421,3.2264E-5
11422,5.5196E-5
11423,4.8329E-5
11424,0.007524731
11425,2.4216E-5
11426,2.0726E-5
11427,9.692E-6
11428,5.2553E-5
11429,1.1637E-5
11430,2.373E-5
11431,2.5332E-5
11432,5.6559E-5
11433,2.1087E-5
11434,2.4456E-5
11435,1.5745E-5
11436,2.1455E-5
11437,3.1227E-5
11438,1.5096E-5
11439,1.8211E-5
11440,7.266E-6
11441,1.1893E-5
11442,3.8723E-5
11443,1.4835E-5
11444,1.5136E-5
11445,1.5407E-5
11446,3.0005E-5
11447,2.159E-5
11448,4.7162E-5
11449,2.9014E-5
11450,3.2585E-5
11451,1.6161E-5
11452,6.4376E-5
11453,9.814E-6
11454,1.03E-7
11455,3.4225E-5
11456,1.933E-5
11457,9.7E-7
11458,2.8137E-5
11459,1.09E-7
11460,3.8593E-5
11461,2.0632E-5
11462,2.8671E-5
11463,1.7963E-5
11464,4.1749E-5
11465,1.0717E-5
11466,2.8861E-5
11467,5.3652E-5
11468,3.2938E-5
11469,3.9061E-5
11470,9.66E-6
11471,1.04E-7
11472,4.3125E-5
11473,9.707E-6
11474,5.6793E-5
11475,9.187E-6
11476,1.3141E-5
11477,3.3279E-5
11478,2.8062E-5
11479,1.2909E-5
11480,8.471E-6
11481,2.742E-5
11482,4.8316E-5
11483,2.3546E-5
11484,1.6784E-5
11485,2.0733E-5
11486,1.0767E-5
11487,1.6147E-5
11488,2.4608E-5
11489,1.8975E-5
11490,1.2159E-5
11491,1.4572E-5
11492,1.3409E-5
11493,2.3869E-5
11494,2.0201E-5
11495,1.6683E-5
11496,1.814E-5
11497,1.8661E-5
11498,5.4875E-5
11499,1.7166E-5
11500,2.1915E-5
11501,2.9073E-5
11502,8.28332E-4
11503,1.6676E-5
11504,5.5397E-5
11505,3.4816E-5
11506,2.0999E-5
11507,3.1076E-5
11508,1.8811E-5
11509,2.877E-5
11510,2.2848E-5
11511,1.02E-7
11512,4.9647E-5
11513,3.3754E-5
11514,1.5906E-5
11515,2.6268E-5
11516,1.1036E-5
11517,5.6438E-5
11518,4.0284E-5
11519,3.6604E-5
11520,1.0E-7
11521,6.501E-5
11522,1.1266E-5
11523,1.2486E-5
11524,1.8159E-5
11525,1.07E-7
11526,3.2975E-5
11527,9.567E-6
11528,1.0E-7
11529,1.667E-5
11530,1.7501E-5
11531,1.3003E-5
11532,3.0379E-5
11533,2.4662E-5
11534,1.8691E-5
11535,2.2152E-5
11536,1.6514E-5
11537,2.6598E-5
11538,7.114E-6
11539,2.8439E-5
11540,3.8747E-5
11541,2.8203E-5
11542,9.846E-6
11543,9.4E-8
11544,1.7719E-5
11545,9.516E-6
11546,1.0E-7
11547,1.8971E-5
11548,1.0435E-5
11549,9.526E-6
11550,1.1E-7
11551,3.38E-5
11552,1.3E-7
11553,1.61E-5
11554,4.157E-5
11555,4.3031E-5
11556,1.332E-5
11557,9.4E-8
11558,4.2829E-5
11559,1.9121E-5
11560,1.0917E-5
11561,1.663E-5
11562,3.2177E-5
11563,1.06E-7
11564,1.9078E-5
11565,3.9975E-5
11566,2.0984E-5
11567,1.7416E-5
11568,1.8847E-5
11569,1.8422E-5
11570,1.07E-7
11571,7.41E-6
11572,2.1545E-5
11573,6.5119E-5
11574,1.03E-7
11575,1.4224E-5
11576,1.8613E-5
11577,2.8545E-5
11578,4.2734E-5
11579,1.0703E-5
11580,2.1581E-5
11581,3.7217E-5
11582,3.2356E-5
11583,1.8444E-5
11584,0.006458956
11585,5.1708E-5
11586,3.1047E-5
11587,4.466E-5
11588,2.1806E-5
11589,2.9168E-5
11590,6.4102E-5
11591,2.4573E-5
11592,2.4793E-5
11593,4.3492E-5
11594,8.464E-6
11595,2.611E-5
11596,3.2757E-5
11597,9.107E-6
11598,1.09E-7
11599,3.4068E-5
11600,1.5603E-5
11601,1.11E-7
11602,1.2181E-5
11603,3.2485E-5
11604,2.8294E-5
11605,2.415E-5
11606,2.8632E-5
11607,2.3949E-5
11608,9.478E-6
11609,2.5979E-5
11610,1.06E-7
11611,2.8956E-5
11612,2.154E-5
11613,1.9291E-5
11614,3.448E-5
11615,3.1651E-5
11616,2.9676E-5
11617,2.2597E-5
11618,4.7304E-5
11619,3.9932E-5
11620,3.4277E-5
11621,1.12E-5
11622,4.1088E-5
11623,1.39E-7
11624,5.3401E-5
11625,3.6594E-5
11626,2.551E-5
11627,2.6267E-5
11628,1.5165E-5
11629,4.3084E-5
11630,9.8E-8
11631,3.3212E-5
11632,3.5536E-5
11633,2.5496E-5
11634,1.05E-7
11635,2.1943E-5
11636,9.477E-6
11637,8.087E-6
11638,1.6055E-5
11639,1.11E-7
11640,1.6964E-5
11641,3.1672E-5
11642,2.2209E-5
11643,0.080183412
11644,4.3368E-5
11645,6.7099E-5
11646,1.2933E-5
11647,1.1336E-5
11648,1.17E-7
11649,2.1729E-5
11650,7.923E-6
11651,1.32E-7
11652,8.648E-6
11653,2.2499E-5
11654,3.8926E-5
11655,3.3665E-5
11656,5.5821E-5
11657,3.0036E-5
11658,9.742E-6
11659,1.8535E-5
11660,8.175E-6
11661,3.4352E-5
11662,1.1075E-5
11663,3.5724E-5
11664,1.8614E-5
11665,2.9506E-5
11666,5.8013E-5
11667,1.1606E-5
11668,2.4609E-5
11669,1.8879E-5
11670,3.2391E-5
11671,5.5723E-5
11672,9.156E-6
11673,5.216E-5
11674,9.8E-8
11675,4.9692E-5
11676,4.3299E-5
11677,6.4765E-5
11678,1.4627E-5
11679,1.2226E-5
11680,1.08E-7
11681,2.8463E-5
11682,2.0295E-5
11683,2.3653E-5
11684,4.6952E-5
11685,1.17E-7
11686,1.1719E-5
11687,2.8348E-5
11688,2.0571E-5
11689,3.2597E-5
11690,1.9392E-5
11691,1.8397E-5
11692,1.09E-7
11693,2.4122E-5
11694,9.355E-6
11695,1.2335E-5
11696,1.08E-7
11697,1.5237E-5
11698,2.0033E-5
11699,5.2674E-5
11700,1.9699E-5
11701,2.6588E-5
11702,7.439E-6
11703,9.259E-6
11704,4.2921E-5
11705,2.3367E-5
11706,1.02E-7
11707,2.1658E-5
11708,2.8522E-5
11709,1.06E-7
11710,4.9607E-5
11711,1.39E-7
11712,1.8222E-5
11713,9.725E-6
11714,1.07E-7
11715,1.4805E-5
11716,1.09E-7
11717,3.2306E-5
11718,2.9865E-5
11719,3.1273E-5
11720,2.6971E-5
11721,1.0E-7
11722,2.148E-5
11723,2.0835E-5
11724,4.3424E-5
11725,1.15E-7
11726,2.1143E-5
11727,1.01E-7
11728,1.1053E-5
11729,1.4451E-5
11730,3.778E-5
11731,5.3698E-5
11732,2.2055E-5
11733,1.1992E-5
11734,2.6232E-5
11735,2.6254E-5
11736,2.0071E-5
11737,1.06E-7
11738,4.6056E-5
11739,1.23E-7
11740,1.06E-7
11741,2.0704E-5
11742,2.064E-5
11743,2.7909E-5
11744,1.2E-7
11745,1.05E-7
11746,9.878E-6
11747,3.2604E-5
11748,9.098E-6
11749,2.0302E-5
11750,3.5458E-5
11751,2.3787E-5
11752,9.524E-6
11753,4.5744E-5
11754,1.1403E-5
11755,1.1E-7
11756,2.1609E-5
11757,1.8785E-5
11758,2.9425E-5
11759,4.3698E-5
11760,1.6817E-5
11761,1.6255E-5
11762,4.171E-5
11763,1.06E-7
11764,3.3285E-5
11765,1.19E-7
11766,4.7398E-5
11767,1.08E-7
11768,1.994E-5
11769,1.11E-7
11770,3.2409E-5
11771,1.26E-7
11772,1.07E-7
11773,1.12E-7
11774,7.832E-6
11775,2.2998E-5
11776,1.2673E-5
11777,3.5651E-5
11778,3.1704E-5
11779,1.03E-7
11780,3.6129E-5
11781,3.3815E-5
11782,1.9563E-5
11783,1.1981E-5
11784,4.6928E-5
11785,1.0323E-5
11786,1.25E-7
11787,5.4932E-5
11788,1.11E-7
11789,1.6565E-5
11790,2.0669E-5
11791,3.1525E-5
11792,2.4057E-5
11793,1.08E-7
11794,3.2859E-5
11795,1.2216E-5
11796,3.5286E-5
11797,7.89E-6
11798,8.546E-6
11799,1.2975E-5
11800,1.4429E-5
11801,4.0037E-5
11802,2.5936E-5
11803,1.6538E-5
11804,2.0917E-5
11805,2.1027E-5
11806,3.8649E-5
11807,2.8437E-5
11808,1.3492E-5
11809,1.2456E-5
11810,1.3694E-5
11811,1.5181E-5
11812,9.9E-8
11813,2.3885E-5
11814,2.2018E-5
11815,2.9532E-5
11816,1.02E-7
11817,3.9644E-5
11818,8.463E-6
11819,3.2259E-5
11820,2.9832E-5
11821,2.7648E-5
11822,3.826E-5
11823,9.985E-6
11824,2.804E-5
11825,2.9043E-5
11826,7.021E-6
11827,2.075E-5
11828,2.4332E-5
11829,1.9808E-5
11830,3.2744E-5
11831,2.5212E-5
11832,1.937E-5
11833,3.6449E-5
11834,1.9551E-5
11835,2.9459E-5
11836,3.7133E-5
11837,1.04E-7
11838,1.9949E-5
11839,9.9E-8
11840,1.16E-7
11841,3.7231E-5
11842,1.1854E-5
11843,2.5978E-5
11844,4.5442E-5
11845,3.9697E-5
11846,3.236E-5
11847,2.9858E-5
11848,2.4544E-5
11849,1.8389E-5
11850,5.875E-5
11851,1.7807E-5
11852,2.1181E-5
11853,1.5572E-5
11854,1.1386E-5
11855,2.5153E-5
11856,4.5924E-5
11857,2.599E-5
11858,1.0645E-5
11859,2.6439E-5
11860,2.9976E-5
11861,2.0663E-5
11862,1.1E-7
11863,1.6757E-5
11864,2.3175E-5
11865,1.0864E-5
11866,9.1E-8
11867,1.8352E-5
11868,2.314E-5
11869,2.1967E-5
11870,6.4469E-5
11871,1.14E-7
11872,2.8364E-5
11873,1.6842E-5
11874,2.1712E-5
11875,3.4499E-5
11876,6.5878E-5
11877,1.8156E-5
11878,1.23E-7
11879,1.26E-7
11880,8.561E-6
11881,5.2112E-5
11882,1.3302E-5
11883,2.6152E-5
11884,7.635E-6
11885,8.894E-6
11886,4.9486E-5
11887,1.3423E-5
11888,8.556E-6
11889,1.42E-7
11890,5.894E-5
11891,4.1257E-5
11892,3.7193E-5
11893,4.1034E-5
11894,3.2356E-5
11895,7.997E-6
11896,1.4009E-5
11897,2.2456E-5
11898,2.3909E-5
11899,8.507E-6
11900,4.3836E-5
11901,1.0098E-5
11902,1.657E-5
11903,1.1825E-5
11904,1.4566E-5
11905,1.4762E-5
11906,1.9045E-5
11907,1.07E-7
11908,2.9869E-5
11909,3.4226E-5
11910,1.06E-7
11911,1.6967E-5
11912,2.8554E-5
11913,2.5688E-5
11914,9.188E-6
11915,7.93E-6
11916,2.3794E-5
11917,5.2495E-5
11918,4.2831E-5
11919,3.3497E-5
11920,1.6716E-5
11921,4.3496E-5
11922,1.7699E-5
11923,1.3509E-5
11924,2.002E-5
11925,2.2136E-5
11926,2.939E-5
11927,3.8804E-5
11928,3.2015E-5
11929,1.1385E-5
11930,1.2136E-5
11931,2.2259E-5
11932,2.3687E-5
11933,2.6017E-5
11934,4.3075E-5
11935,3.0679E-5
11936,3.0405E-5
11937,1.0756E-5
11938,2.933E-5
11939,2.7805E-5
11940,1.3469E-5
11941,2.0958E-5
11942,1.11E-5
11943,5.2043E-5
11944,9.6E-8
11945,3.3429E-5
11946,2.6251E-5
11947,4.19E-5
11948,6.691E-6
11949,8.438E-6
11950,2.2214E-5
11951,1.4657E-5
11952,1.5465E-5
11953,3.4333E-5
11954,1.23E-7
11955,1.7682E-5
11956,3.6212E-5
11957,1.6825E-5
11958,2.2585E-5
11959,4.9078E-5
11960,1.01E-7
11961,2.397E-5
11962,1.8845E-5
11963,2.1235E-5
11964,2.977E-5
11965,2.9912E-5
11966,1.6056E-5
11967,1.74E-5
11968,9.716E-6
11969,4.2478E-5
11970,7.069E-6
11971,3.4609E-5
11972,3.1784E-5
11973,1.06E-7
11974,3.7528E-5
11975,3.0146E-5
11976,5.8772E-5
11977,9.8E-8
11978,1.11E-7
11979,4.4497E-5
11980,1.5895E-5
11981,4.0767E-5
11982,1.3151E-5
11983,3.2687E-5
11984,7.938E-6
11985,3.1072E-5
11986,1.2951E-5
11987,7.5234E-5
11988,1.18E-7
11989,3.2482E-5
11990,2.2982E-5
11991,1.736E-5
11992,3.109E-5
11993,1.574E-5
11994,1.6104E-5
11995,3.2977E-5
11996,3.3368E-5
11997,3.7575E-5
11998,2.9983E-5
11999,3.1768E-5
12000,3.7935E-5
12001,1.1E-7
12002,1.6149E-5
12003,3.3458E-5
12004,2.8693E-5
12005,4.3257E-5
12006,2.3842E-5
12007,5.0266E-5
12008,1.4435E-5
12009,2.5242E-5
12010,3.4416E-5
12011,2.9037E-5
12012,2.2302E-5
12013,2.6797E-5
12014,1.03E-7
12015,2.6924E-5
12016,4.4955E-5
12017,4.3997E-5
12018,1.2624E-5
12019,8.125E-6
12020,2.3771E-5
12021,1.4795E-5
12022,0.004610535
12023,2.2768E-5
12024,3.4801E-5
12025,1.3253E-5
12026,3.8643E-5
12027,1.2447E-5
12028,1.04E-7
12029,3.7998E-5
12030,3.1496E-5
12031,7.2828E-5
12032,8.322E-6
12033,2.6104E-5
12034,5.4931E-5
12035,9.655E-6
12036,2.1588E-5
12037,2.1337E-5
12038,2.8183E-5
12039,3.0327E-5
12040,1.8906E-5
12041,6.4E-5
12042,8.829E-6
12043,2.1956E-5
12044,9.9E-8
12045,3.8249E-5
12046,5.9417E-5
12047,9.8E-8
12048,2.2154E-5
12049,2.8314E-5
12050,1.906E-5
12051,3.6185E-5
12052,1.8647E-5
12053,1.7586E-5
12054,4.8658E-5
12055,1.0809E-5
12056,1.5205E-5
12057,2.0582E-5
12058,9.9E-8
12059,3.4177E-5
12060,3.0746E-5
12061,1.21E-7
12062,1.3244E-5
12063,1.21E-7
12064,3.157E-5
12065,3.7232E-5
12066,2.6933E-5
12067,1.18E-7
12068,3.6066E-5
12069,1.07E-7
12070,7.287E-6
12071,9.934E-6
12072,3.1733E-5
12073,1.9083E-5
12074,3.2546E-5
12075,2.74E-5
12076,3.5656E-5
12077,3.9845E-5
12078,4.3293E-5
12079,9.012E-6
12080,3.5921E-5
12081,4.4552E-5
12082,1.8926E-5
12083,2.027E-5
12084,3.8078E-5
12085,2.2459E-5
12086,1.4627E-5
12087,2.1817E-5
12088,3.877E-5
12089,1.7649E-5
12090,1.05E-7
12091,2.3452E-5
12092,3.8176E-5
12093,1.03E-7
12094,4.7328E-5
12095,2.8077E-5
12096,1.2E-7
12097,2.7244E-5
12098,3.3793E-5
12099,9.8E-8
12100,2.3041E-5
12101,2.9461E-5
12102,1.0798E-5
12103,2.0467E-5
12104,4.8921E-5
12105,4.1291E-5
12106,5.5003E-5
12107,2.106E-5
12108,1.05E-7
12109,1.0456E-5
12110,2.5196E-5
12111,1.21E-7
12112,2.0077E-5
12113,1.5039E-5
12114,4.796E-5
12115,1.05E-7
12116,1.8527E-5
12117,2.1374E-5
12118,4.7501E-5
12119,4.7793E-5
12120,1.6801E-5
12121,3.9621E-5
12122,1.1E-7
12123,3.3342E-5
12124,1.1193E-5
12125,1.4185E-5
12126,1.6519E-5
12127,5.4947E-5
12128,6.076E-5
12129,5.5435E-5
12130,3.5372E-5
12131,1.03E-7
12132,3.9114E-5
12133,8.594E-6
12134,2.3684E-5
12135,3.1925E-5
12136,3.81E-5
12137,1.9711E-5
12138,1.02E-7
12139,9.6E-8
12140,3.6624E-5
12141,2.2208E-5
12142,2.2168E-5
12143,1.741E-5
12144,7.62E-6
12145,4.4135E-5
12146,3.2587E-5
12147,9.723E-6
12148,9.6E-8
12149,1.148E-5
12150,1.2347E-5
12151,1.21E-7
12152,3.0422E-5
12153,3.7501E-5
12154,3.4941E-5
12155,7.847E-6
12156,1.197E-5
12157,1.9009E-5
12158,1.15E-7
12159,3.6091E-5
12160,8.143E-6
12161,1.6928E-5
12162,4.8615E-5
12163,3.3549E-5
12164,2.6164E-5
12165,1.7766E-5
12166,1.01E-7
12167,1.1452E-5
12168,3.9832E-5
12169,1.8237E-5
12170,3.3889E-5
12171,1.881E-5
12172,9.848E-6
12173,3.6805E-5
12174,1.8496E-5
12175,1.1602E-5
12176,3.348E-5
12177,4.5096E-5
12178,3.0212E-5
12179,3.6885E-5
12180,6.3381E-5
12181,2.3644E-5
12182,2.3705E-5
12183,3.897E-5
12184,1.6296E-5
12185,4.3547E-5
12186,5.3916E-5
12187,3.8264E-5
12188,1.8597E-5
12189,2.5536E-5
12190,1.13E-7
12191,4.7119E-5
12192,1.3429E-5
12193,3.7334E-5
12194,1.0228E-5
12195,4.7068E-5
12196,2.217E-5
12197,1.1494E-5
12198,3.2178E-5
12199,1.8802E-5
12200,2.2011E-5
12201,1.4163E-5
12202,3.197E-5
12203,4.3619E-5
12204,4.6408E-5
12205,2.6756E-5
12206,2.7252E-5
12207,3.9971E-5
12208,2.4746E-5
12209,5.6979E-5
12210,1.06E-7
12211,4.4306E-5
12212,2.6582E-5
12213,2.4874E-5
12214,1.209E-5
12215,1.06E-7
12216,2.6507E-5
12217,5.0773E-5
12218,3.0119E-5
12219,3.0154E-5
12220,2.4103E-5
12221,5.1152E-5
12222,3.0796E-5
12223,2.746E-5
12224,5.3806E-5
12225,7.802E-6
12226,9.358E-6
12227,1.0E-7
12228,2.4875E-5
12229,1.5911E-5
12230,1.2856E-5
12231,2.8464E-5
12232,5.6995E-5
12233,1.02E-7
12234,9.6E-8
12235,2.8952E-5
12236,1.0769E-5
12237,3.0273E-5
12238,2.714E-5
12239,1.03E-7
12240,4.1571E-5
12241,3.5634E-5
12242,2.088E-5
12243,2.2956E-5
12244,1.5544E-5
12245,3.1935E-5
12246,8.744E-6
12247,3.6091E-5
12248,9.094E-6
12249,3.7628E-5
12250,3.6537E-5
12251,7.6393E-5
12252,4.0743E-5
12253,2.1293E-5
12254,4.2865E-5
12255,1.4857E-5
12256,1.6097E-5
12257,1.8759E-5
12258,3.102E-5
12259,2.9562E-5
12260,1.13E-7
12261,1.2042E-5
12262,9.296E-6
12263,4.6906E-5
12264,1.2612E-5
12265,2.2062E-5
12266,1.6726E-5
12267,2.5377E-5
12268,2.0596E-5
12269,2.6223E-5
12270,2.7893E-5
12271,1.8185E-5
12272,9.825E-6
12273,1.12E-7
12274,3.8575E-5
12275,7.868E-6
12276,1.07E-7
12277,3.3364E-5
12278,2.4197E-5
12279,3.9214E-5
12280,2.1386E-5
12281,2.1733E-5
12282,1.06E-7
12283,1.4148E-5
12284,2.9225E-5
12285,1.6553E-5
12286,4.5341E-5
12287,9.5716E-5
12288,8.868E-6
12289,1.673E-5
12290,2.1285E-5
12291,4.3334E-5
12292,2.2683E-5
12293,4.3472E-5
12294,4.0139E-5
12295,2.7118E-5
12296,2.496E-5
12297,4.8199E-5
12298,3.9141E-5
12299,3.8456E-5
12300,2.8349E-5
12301,1.0455E-5
12302,1.951E-5
12303,2.5307E-5
12304,3.993E-5
12305,1.15E-7
12306,4.9248E-5
12307,1.1795E-5
12308,1.9772E-5
12309,1.99214E-4
12310,1.4177E-5
12311,1.12E-7
12312,1.01E-7
12313,3.5196E-5
12314,2.0397E-5
12315,1.3192E-5
12316,3.0364E-5
12317,3.7806E-5
12318,1.0618E-5
12319,3.1337E-5
12320,4.6403E-5
12321,5.5083E-5
12322,2.5447E-5
12323,2.4215E-5
12324,2.5409E-5
12325,4.6527E-5
12326,4.0815E-5
12327,1.2907E-5
12328,3.1685E-5
12329,3.2167E-5
12330,2.9531E-5
12331,2.5662E-5
12332,1.04E-7
12333,8.869E-6
12334,1.31E-7
12335,8.104E-6
12336,1.5482E-5
12337,9.931E-6
12338,1.09E-7
12339,3.627E-5
12340,2.794E-5
12341,2.3709E-5
12342,6.5218E-5
12343,3.0867E-5
12344,1.6435E-5
12345,2.8808E-5
12346,1.3277E-5
12347,3.4911E-5
12348,3.4981E-5
12349,8.154E-6
12350,1.5775E-5
12351,1.6059E-5
12352,2.3916E-5
12353,1.05E-7
12354,3.5488E-5
12355,9.814E-6
12356,3.8445E-5
12357,2.3006E-5
12358,1.2789E-5
12359,3.8791E-5
12360,4.7481E-5
12361,1.06E-7
12362,8.858E-6
12363,1.5832E-5
12364,3.5125E-5
12365,9.8E-8
12366,4.8802E-5
12367,1.6628E-5
12368,9.5E-8
12369,3.7559E-5
12370,3.4983E-5
12371,3.7827E-5
12372,2.4648E-5
12373,3.0316E-5
12374,1.6271E-5
12375,2.4737E-5
12376,6.5883E-5
12377,3.3852E-5
12378,9.706E-6
12379,5.6126E-5
12380,2.4697E-5
12381,4.0033E-5
12382,4.5608E-5
12383,1.528E-5
12384,1.3965E-5
12385,3.705E-5
12386,1.0923E-5
12387,9.636E-6
12388,2.4929E-5
12389,1.882E-5
12390,1.03E-7
12391,9.8E-8
12392,1.39E-7
12393,1.1147E-5
12394,1.08E-7
12395,5.5712E-5
12396,1.11E-7
12397,2.2046E-5
12398,1.2469E-5
12399,5.1735E-5
12400,1.2101E-5
12401,7.61E-6
12402,1.8969E-5
12403,3.8204E-5
12404,9.088E-6
12405,1.0959E-5
12406,2.7655E-5
12407,3.3333E-5
12408,4.1559E-5
12409,3.8412E-5
12410,1.3041E-5
12411,2.8176E-5
12412,1.42E-7
12413,2.2042E-5
12414,1.3027E-5
12415,1.3581E-5
12416,4.0005E-5
12417,2.741E-5
12418,1.17E-7
12419,2.4203E-5
12420,3.5365E-5
12421,1.04E-7
12422,2.27E-5
12423,3.9843E-5
12424,5.3584E-5
12425,1.0803E-5
12426,2.6783E-5
12427,2.5073E-5
12428,1.062E-5
12429,6.0077E-5
12430,4.0123E-5
12431,1.04E-7
12432,9.9E-8
12433,2.1155E-5
12434,4.1591E-5
12435,3.0818E-5
12436,2.4562E-5
12437,1.353E-5
12438,4.9898E-5
12439,1.7446E-5
12440,3.7225E-5
12441,2.1057E-5
12442,3.2114E-5
12443,2.2579E-5
12444,2.4523E-5
12445,7.8798E-5
12446,2.2861E-5
12447,1.9496E-5
12448,1.4477E-5
12449,8.658E-6
12450,5.0306E-5
12451,2.8519E-5
12452,6.3609E-5
12453,1.0055E-5
12454,1.1005E-5
12455,5.2195E-5
12456,1.8315E-5
12457,4.1274E-5
12458,2.8191E-5
12459,3.182E-5
12460,1.63E-7
12461,3.2888E-5
12462,2.5255E-5
12463,1.19E-7
12464,3.9979E-5
12465,2.0069E-5
12466,2.116E-5
12467,7.052E-6
12468,1.05E-7
12469,1.02E-7
12470,2.1969E-5
12471,1.21E-7
12472,2.4244E-5
12473,2.7025E-5
12474,1.518E-5
12475,1.6502E-5
12476,5.8755E-5
12477,3.9962E-5
12478,3.2605E-5
12479,1.3213E-5
12480,2.1524E-5
12481,4.2786E-5
12482,1.9194E-5
12483,1.5597E-5
12484,3.256E-5
12485,1.1E-7
12486,3.554E-5
12487,1.4904E-5
12488,1.6229E-5
12489,1.0394E-5
12490,2.1429E-5
12491,5.5149E-5
12492,3.5855E-5
12493,3.588E-5
12494,1.05E-7
12495,1.2456E-5
12496,1.01E-7
12497,4.0228E-5
12498,1.2541E-5
12499,1.3927E-5
12500,3.8624E-5
12501,2.9596E-5
12502,2.9623E-5
12503,1.03E-7
12504,1.04E-7
12505,4.2786E-5
12506,2.8812E-5
12507,4.4219E-5
12508,1.06E-7
12509,1.1384E-5
12510,1.4074E-5
12511,1.0676E-5
12512,1.05E-7
12513,3.3677E-5
12514,9.565E-6
12515,2.5054E-5
12516,8.478E-6
12517,4.9745E-5
12518,2.9534E-5
12519,1.1174E-5
12520,1.8807E-5
12521,2.361E-5
12522,4.4832E-5
12523,5.7858E-5
12524,8.554E-6
12525,1.18E-7
12526,6.6204E-5
12527,3.2866E-5
12528,2.2589E-5
12529,2.8007E-5
12530,1.3985E-5
12531,1.04E-7
12532,1.901E-5
12533,1.1867E-5
12534,3.1666E-5
12535,2.0525E-5
12536,2.2164E-5
12537,2.9931E-5
12538,7.8608E-5
12539,1.2531E-5
12540,3.9485E-5
12541,1.5031E-5
12542,3.4846E-5
12543,2.1346E-5
12544,2.5632E-5
12545,3.2179E-5
12546,4.052E-5
12547,1.03E-7
12548,1.2E-7
12549,4.4365E-5
12550,1.226E-5
12551,2.3435E-5
12552,4.8604E-5
12553,1.7241E-5
12554,5.3136E-5
12555,1.2726E-5
12556,1.9891E-5
12557,1.9315E-5
12558,5.2502E-5
12559,3.609E-5
12560,3.9179E-5
12561,2.2834E-5
12562,2.3952E-5
12563,1.0194E-5
12564,2.794E-5
12565,3.3078E-5
12566,1.955E-5
12567,2.2514E-5
12568,1.2176E-5
12569,2.3956E-5
12570,1.1086E-5
12571,4.4391E-5
12572,3.9385E-5
12573,1.0821E-5
12574,4.1893E-5
12575,1.6049E-5
12576,2.1838E-5
12577,2.5907E-5
12578,3.2157E-5
12579,1.4594E-5
12580,1.08E-7
12581,1.8145E-5
12582,2.6972E-5
12583,2.5163E-5
12584,4.0738E-5
12585,1.3435E-5
12586,3.7281E-5
12587,2.1324E-5
12588,1.6038E-5
12589,1.8743E-5
12590,1.8091E-5
12591,2.9224E-5
12592,3.1836E-5
12593,3.5902E-5
12594,2.7086E-5
12595,1.04E-7
12596,1.02E-7
12597,3.5321E-5
12598,2.5656E-5
12599,1.0679E-5
12600,4.0022E-5
12601,7.911E-6
12602,8.238E-6
12603,1.9679E-5
12604,4.3706E-5
12605,3.9989E-5
12606,2.9656E-5
12607,0.3846996
12608,2.6865E-5
12609,7.867E-6
12610,1.29E-7
12611,3.914E-5
12612,3.0963E-5
12613,0.009801834
12614,3.8741E-5
12615,3.2359E-5
12616,2.0064E-5
12617,3.1885E-5
12618,1.3938E-5
12619,2.9514E-5
12620,5.3117E-5
12621,1.6309E-5
12622,1.7948E-5
12623,4.5031E-5
12624,1.3392E-5
12625,2.6517E-5
12626,2.5E-5
12627,3.128E-5
12628,1.6254E-5
12629,1.2728E-5
12630,3.7752E-5
12631,1.9863E-5
12632,3.2973E-5
12633,1.5289E-5
12634,4.7726E-5
12635,2.6836E-5
12636,1.03E-7
12637,2.4886E-5
12638,2.2673E-5
12639,3.4815E-5
12640,2.7268E-5
12641,9.8E-8
12642,1.13E-7
12643,3.03E-5
12644,2.82E-5
12645,3.4719E-5
12646,2.7273E-5
12647,2.6209E-5
12648,1.9061E-5
12649,2.5167E-5
12650,3.7586E-5
12651,1.14E-7
12652,1.1338E-5
12653,9.537E-6
12654,4.7982E-5
12655,4.9505E-5
12656,2.1736E-5
12657,2.8296E-5
12658,1.2366E-5
12659,3.3937E-5
12660,2.7835E-5
12661,7.765E-5
12662,1.8348E-5
12663,1.873E-5
12664,2.2247E-5
12665,1.7497E-5
12666,3.6105E-5
12667,3.194E-5
12668,2.3361E-5
12669,1.3076E-5
12670,3.5162E-5
12671,2.1616E-5
12672,1.6316E-5
12673,1.18E-7
12674,2.895E-5
12675,1.8043E-5
12676,3.3573E-5
12677,1.0684E-5
12678,1.06E-7
12679,6.3916E-5
12680,1.4163E-5
12681,2.1483E-5
12682,3.8779E-5
12683,2.9061E-5
12684,1.3723E-5
12685,1.3843E-5
12686,4.1155E-5
12687,2.4949E-5
12688,8.843E-6
12689,3.6515E-5
12690,5.1623E-5
12691,2.1338E-5
12692,4.4478E-5
12693,8.1958E-5
12694,3.6615E-5
12695,2.0942E-5
12696,3.4057E-5
12697,1.08E-7
12698,6.2789E-5
12699,2.4121E-5
12700,1.0188E-5
12701,9.7E-8
12702,8.0902E-5
12703,2.543E-5
12704,3.6988E-5
12705,3.9822E-5
12706,1.13E-7
12707,2.3972E-5
12708,9.477E-6
12709,2.5557E-5
12710,1.051E-5
12711,2.5688E-5
12712,4.7425E-5
12713,3.3679E-5
12714,2.714E-5
12715,3.0615E-5
12716,2.675E-5
12717,9.24E-6
12718,8.401E-6
12719,9.498E-6
12720,1.08E-7
12721,2.871E-5
12722,2.3438E-5
12723,3.0048E-5
12724,1.02E-7
12725,1.03E-7
12726,1.6192E-5
12727,7.2227E-5
12728,2.8296E-5
12729,1.0684E-5
12730,4.231E-5
12731,2.5668E-5
12732,5.8418E-5
12733,8.587E-6
12734,9.17842E-4
12735,1.9008E-5
12736,3.3714E-5
12737,3.7206E-5
12738,3.0105E-5
12739,1.9219E-5
12740,1.3982E-5
12741,8.878E-6
12742,1.05E-7
12743,3.6914E-5
12744,1.8546E-5
12745,1.5473E-5
12746,2.7881E-5
12747,1.812E-5
12748,4.1531E-5
12749,4.4377E-5
12750,2.6181E-5
12751,1.5973E-5
12752,4.7545E-5
12753,1.5776E-5
12754,3.4464E-5
12755,2.8678E-5
12756,2.2136E-5
12757,3.8952E-5
12758,1.386E-5
12759,5.635E-5
12760,4.9497E-5
12761,1.7191E-5
12762,3.254E-5
12763,5.588E-5
12764,1.14E-7
12765,2.9488E-5
12766,3.8335E-5
12767,4.8252E-5
12768,2.03E-5
12769,4.5942E-5
12770,4.5367E-5
12771,5.9288E-5
12772,2.6445E-5
12773,1.08E-7
12774,2.9922E-5
12775,4.9386E-5
12776,1.1291E-5
12777,1.2828E-5
12778,8.625E-6
12779,2.5112E-5
12780,1.05E-7
12781,1.3098E-5
12782,1.1767E-5
12783,1.06E-7
12784,6.274E-6
12785,1.2347E-5
12786,1.0243E-5
12787,3.6404E-5
12788,2.1255E-5
12789,2.1091E-5
12790,3.5735E-5
12791,1.7073E-5
12792,1.13E-7
12793,2.2467E-5
12794,2.3887E-5
12795,2.1482E-5
12796,6.925E-5
12797,1.7496E-5
12798,1.4078E-5
12799,2.6388E-5
12800,1.5557E-5
12801,2.8947E-5
12802,2.5584E-5
12803,2.2753E-5
12804,2.694E-5
12805,2.6004E-5
12806,2.5786E-5
12807,5.5126E-5
12808,6.5937E-5
12809,1.07E-7
12810,2.2089E-5
12811,2.0626E-5
12812,2.5955E-5
12813,3.2899E-5
12814,3.3833E-5
12815,1.0407E-5
12816,6.5033E-5
12817,2.8265E-5
12818,2.5881E-5
12819,4.9571E-5
12820,2.6994E-5
12821,1.4057E-5
12822,2.3927E-5
12823,1.3795E-5
12824,1.05E-7
12825,1.7063E-5
12826,1.09E-7
12827,5.8312E-5
12828,1.09E-7
12829,9.374E-6
12830,1.4787E-5
12831,2.3995E-5
12832,1.5354E-5
12833,1.8496E-5
12834,1.1258E-5
12835,8.8295E-5
12836,2.9064E-5
12837,4.8844E-5
12838,2.399E-5
12839,2.7187E-5
12840,4.3119E-5
12841,4.4165E-5
12842,4.247E-5
12843,1.1224E-5
12844,1.4055E-5
12845,6.496E-6
12846,2.5162E-5
12847,1.562E-5
12848,3.8956E-5
12849,3.7117E-5
12850,1.3969E-5
12851,3.2668E-5
12852,6.3489E-5
12853,3.4057E-5
12854,1.5251E-5
12855,2.0967E-5
12856,9.8E-8
12857,1.0304E-5
12858,3.7045E-5
12859,1.8887E-5
12860,1.03E-7
12861,2.995E-5
12862,2.6191E-5
12863,5.4858E-5
12864,3.5995E-5
12865,1.7615E-5
12866,4.2991E-5
12867,1.5272E-5
12868,3.7149E-5
12869,4.0098E-5
12870,2.9532E-5
12871,2.0486E-5
12872,2.2858E-5
12873,1.1732E-5
12874,3.8542E-5
12875,9.999E-6
12876,1.7461E-5
12877,3.8214E-5
12878,2.3832E-5
12879,1.09E-7
12880,7.0753E-5
12881,1.02E-7
12882,4.3279E-5
12883,3.3525E-5
12884,3.5349E-5
12885,3.9012E-5
12886,9.9E-8
12887,2.7581E-5
12888,4.0447E-5
12889,2.8439E-5
12890,1.3189E-5
12891,4.8956E-5
12892,9.7E-8
12893,1.1453E-5
12894,5.6106E-5
12895,2.2234E-5
12896,1.1724E-5
12897,1.0495E-5
12898,1.1307E-5
12899,1.3502E-5
12900,8.462E-6
12901,2.4684E-5
12902,1.9285E-5
12903,3.7142E-5
12904,3.8632E-5
12905,9.8E-8
12906,1.2182E-5
12907,3.3014E-5
12908,0.007606267
12909,2.6703E-5
12910,1.27E-7
12911,9.151E-6
12912,4.0864E-5
12913,1.16E-7
12914,2.0134E-5
12915,2.8073E-5
12916,1.7997E-5
12917,4.2204E-5
12918,1.06E-7
12919,2.712E-5
12920,1.5081E-5
12921,3.392E-5
12922,5.5386E-5
12923,1.4656E-5
12924,7.5149E-5
12925,8.956E-6
12926,2.7068E-5
12927,3.0994E-5
12928,4.8196E-5
12929,4.4841E-5
12930,3.5502E-5
12931,3.2007E-5
12932,4.3737E-5
12933,2.9696E-5
12934,2.636E-5
12935,2.816E-5
12936,6.5785E-5
12937,5.6425E-5
12938,1.1848E-5
12939,1.03E-7
12940,2.7094E-5
12941,3.5993E-5
12942,1.8694E-5
12943,1.02E-7
12944,2.2517E-5
12945,3.3471E-5
12946,2.7433E-5
12947,1.18E-7
12948,2.6953E-5
12949,0.001052989
12950,1.4918E-5
12951,3.796E-5
12952,1.4249E-5
12953,2.5513E-5
12954,1.8934E-5
12955,4.2043E-5
12956,2.1406E-5
12957,5.846E-5
12958,3.7124E-5
12959,1.8567E-5
12960,1.1674E-5
12961,1.7263E-5
12962,3.9249E-5
12963,2.6542E-5
12964,2.3169E-5
12965,3.1207E-5
12966,3.9027E-5
12967,2.9859E-5
12968,4.3263E-5
12969,4.8341E-5
12970,2.1E-5
12971,1.08E-7
12972,3.1057E-5
12973,3.1704E-5
12974,5.3675E-5
12975,3.1221E-5
12976,1.9305E-5
12977,4.0175E-5
12978,2.8728E-5
12979,2.9784E-5
12980,2.3736E-5
12981,4.9664E-5
12982,1.1E-7
12983,2.9005E-5
12984,9.6E-6
12985,3.1121E-5
12986,5.7098E-5
12987,4.3315E-5
12988,1.3388E-5
12989,9.978E-6
12990,4.9313E-5
12991,2.0784E-5
12992,1.432E-5
12993,2.7602E-5
12994,2.0718E-5
12995,3.8852E-5
12996,3.4612E-5
12997,6.499E-5
12998,2.1852E-5
12999,3.1122E-5
13000,9.7E-8
13001,2.9604E-5
13002,1.02E-7
13003,4.8394E-5
13004,2.8832E-5
13005,9.7E-8
13006,1.1E-7
13007,7.0811E-5
13008,1.7739E-5
13009,5.5677E-5
13010,2.6685E-5
13011,3.8973E-5
13012,2.3626E-5
13013,2.9585E-5
13014,1.3639E-5
13015,1.4669E-5
13016,4.4021E-5
13017,2.975E-5
13018,1.7454E-5
13019,1.26E-7
13020,4.4045E-5
13021,1.8758E-5
13022,1.482E-5
13023,1.6169E-5
13024,5.7823E-5
13025,9.717E-6
13026,1.3345E-5
13027,4.6577E-5
13028,1.5743E-5
13029,9.999E-6
13030,5.6617E-5
13031,3.3729E-5
13032,1.3927E-5
13033,5.5007E-5
13034,1.03E-7
13035,1.5341E-5
13036,3.9341E-5
13037,2.8243E-5
13038,1.2431E-5
13039,3.6584E-5
13040,1.18E-7
13041,9.685E-6
13042,1.01E-7
13043,2.5215E-5
13044,2.4314E-5
13045,4.7961E-5
13046,2.9376E-5
13047,1.2265E-5
13048,5.4527E-5
13049,3.5228E-5
13050,3.4837E-5
13051,2.0532E-5
13052,2.4056E-5
13053,6.2215E-5
13054,2.8879E-5
13055,2.0295E-5
13056,3.5095E-5
13057,1.6372E-5
13058,9.8E-8
13059,1.02E-7
13060,3.1463E-5
13061,6.4626E-5
13062,1.5761E-5
13063,9.094E-6
13064,2.1779E-5
13065,1.1612E-5
13066,5.125E-5
13067,2.6344E-5
13068,2.0631E-5
13069,2.1349E-5
13070,2.2403E-5
13071,1.01E-7
13072,3.4272E-5
13073,2.4274E-5
13074,3.6181E-5
13075,9.6E-8
13076,1.0317E-5
13077,2.1279E-5
13078,4.4654E-5
13079,1.03E-7
13080,1.029E-5
13081,3.5316E-5
13082,1.8658E-5
13083,9.213E-6
13084,9.3E-8
13085,6.997E-6
13086,2.5344E-5
13087,1.4579E-5
13088,4.9061E-5
13089,2.9563E-5
13090,1.8999E-5
13091,4.1447E-5
13092,1.3586E-5
13093,3.6144E-5
13094,2.4177E-5
13095,1.6954E-5
13096,1.3896E-5
13097,2.0739E-5
13098,9.7E-8
13099,4.5788E-5
13100,8.2518E-5
13101,5.9493E-5
13102,1.23E-7
13103,3.8127E-5
13104,3.8853E-5
13105,1.9236E-5
13106,1.1616E-5
13107,4.3194E-5
13108,1.2726E-5
13109,3.3149E-5
13110,2.867E-5
13111,1.4283E-5
13112,2.9827E-5
13113,2.9969E-5
13114,2.5246E-5
13115,3.966E-5
13116,2.3906E-5
13117,3.4331E-5
13118,1.7015E-5
13119,1.0431E-5
13120,1.03E-7
13121,3.1684E-5
13122,1.0597E-5
13123,9.9E-8
13124,1.1479E-5
13125,1.114E-5
13126,2.5E-5
13127,3.7084E-5
13128,7.422E-6
13129,5.9679E-5
13130,1.0602E-5
13131,2.6923E-5
13132,1.5125E-5
13133,1.197E-5
13134,1.0853E-5
13135,3.2663E-5
13136,3.0559E-5
13137,2.7846E-5
13138,9.909E-6
13139,3.0438E-5
13140,4.6824E-5
13141,1.0013E-5
13142,1.7576E-5
13143,2.236E-5
13144,2.0481E-5
13145,1.3938E-5
13146,3.1684E-5
13147,1.2519E-5
13148,2.3089E-5
13149,3.3124E-5
13150,2.1788E-5
13151,3.9657E-5
13152,2.7063E-5
13153,3.4376E-5
13154,2.675E-5
13155,1.11E-7
13156,4.8605E-5
13157,2.7137E-5
13158,0.008650161
13159,1.5706E-5
13160,3.9829E-5
13161,1.14E-7
13162,2.5764E-5
13163,3.8516E-5
13164,1.3276E-5
13165,4.4801E-5
13166,2.403E-5
13167,3.9579E-5
13168,2.0202E-5
13169,1.8065E-5
13170,1.1134E-5
13171,3.0813E-5
13172,1.1172E-5
13173,1.0433E-5
13174,2.5011E-5
13175,3.4775E-5
13176,8.503E-6
13177,3.9118E-5
13178,4.5157E-5
13179,1.0E-7
13180,1.3475E-5
13181,9.8E-8
13182,1.7045E-5
13183,5.0004E-5
13184,2.7539E-5
13185,9.852E-6
13186,3.0018E-5
13187,2.0156E-5
13188,3.7368E-5
13189,3.5609E-5
13190,2.9962E-5
13191,3.1952E-5
13192,4.6315E-5
13193,2.6079E-5
13194,2.124E-5
13195,5.7427E-5
13196,1.18E-7
13197,1.8765E-5
13198,7.767E-6
13199,2.6431E-5
13200,1.0311E-5
13201,2.0175E-5
13202,3.641E-5
13203,5.3468E-5
13204,2.2087E-5
13205,1.0955E-5
13206,4.3217E-5
13207,1.9316E-5
13208,1.0E-7
13209,2.7807E-5
13210,1.6003E-5
13211,4.2163E-5
13212,1.05E-7
13213,9.5E-8
13214,1.13E-7
13215,3.2391E-5
13216,1.0E-7
13217,1.5711E-5
13218,1.5784E-5
13219,1.0139E-5
13220,4.44E-5
13221,2.9139E-5
13222,2.3767E-5
13223,1.8222E-5
13224,1.3771E-5
13225,3.1842E-5
13226,1.2081E-5
13227,7.3961E-5
13228,2.9109E-5
13229,1.08E-7
13230,1.1952E-5
13231,1.659E-5
13232,1.7254E-5
13233,3.2135E-5
13234,1.4585E-5
13235,2.87E-5
13236,1.919E-5
13237,4.3461E-5
13238,1.6626E-5
13239,4.8103E-5
13240,1.191E-5
13241,3.0069E-5
13242,5.7646E-5
13243,1.2424E-5
13244,3.1425E-5
13245,2.771E-5
13246,5.1634E-5
13247,3.6817E-5
13248,3.7676E-5
13249,2.9573E-5
13250,4.3602E-5
13251,8.36E-6
13252,2.7394E-5
13253,4.603E-5
13254,4.2519E-5
13255,2.6129E-5
13256,1.2872E-5
13257,2.3352E-5
13258,2.0657E-5
13259,4.2888E-5
13260,1.1565E-5
13261,1.6095E-5
13262,4.7041E-5
13263,1.4105E-5
13264,2.9607E-5
13265,7.4541E-5
13266,3.3585E-5
13267,1.5897E-5
13268,1.05E-7
13269,5.6948E-5
13270,1.6465E-5
13271,4.5328E-5
13272,8.306E-6
13273,1.4552E-5
13274,1.3312E-5
13275,8.471E-6
13276,3.0705E-5
13277,1.1873E-5
13278,2.0213E-5
13279,1.6561E-5
13280,7.8416E-5
13281,2.4146E-5
13282,3.0428E-5
13283,3.0968E-5
13284,1.2E-7
13285,1.2076E-5
13286,1.06E-7
13287,2.832E-5
13288,1.0803E-5
13289,1.7899E-5
13290,1.9475E-5
13291,2.0028E-5
13292,1.2425E-5
13293,2.3155E-5
13294,9.718E-6
13295,3.2699E-5
13296,4.2756E-5
13297,1.5149E-5
13298,3.952E-5
13299,1.1E-7
13300,3.3415E-5
13301,2.7434E-5
13302,3.133E-5
13303,2.1642E-5
13304,1.9264E-5
13305,3.3831E-5
13306,2.8083E-5
13307,3.0824E-5
13308,3.1883E-5
13309,1.09E-7
13310,1.7586E-5
13311,2.4974E-5
13312,1.1354E-5
13313,9.565E-6
13314,2.0775E-5
13315,1.0082E-5
13316,2.7097E-5
13317,4.0003E-5
13318,2.4266E-5
13319,2.04E-5
13320,2.6351E-5
13321,1.4059E-5
13322,9.6E-8
13323,1.24E-7
13324,1.5E-5
13325,1.041E-5
13326,3.7854E-5
13327,1.4346E-5
13328,1.4968E-5
13329,0.005971506
13330,7.3187E-5
13331,4.9913E-5
13332,4.1329E-5
13333,4.5101E-5
13334,1.7031E-5
13335,2.003E-5
13336,1.1E-7
13337,2.8136E-5
13338,1.8992E-5
13339,3.9374E-5
13340,6.7758E-5
13341,4.6635E-5
13342,7.142E-6
13343,3.7415E-5
13344,5.6575E-5
13345,4.7411E-5
13346,6.8979E-5
13347,3.2085E-5
13348,1.5859E-5
13349,1.1199E-5
13350,1.9314E-5
13351,2.6199E-5
13352,0.002902406
13353,2.6004E-5
13354,3.2038E-5
13355,1.0689E-5
13356,3.6551E-5
13357,2.5918E-5
13358,1.4265E-5
13359,1.01E-7
13360,1.2526E-5
13361,4.1595E-5
13362,2.7287E-5
13363,2.7279E-5
13364,3.5002E-5
13365,2.7205E-5
13366,3.3749E-5
13367,1.07E-7
13368,1.697E-5
13369,2.9705E-5
13370,1.0644E-5
13371,2.8449E-5
13372,4.5718E-5
13373,5.5645E-5
13374,1.5513E-5
13375,2.9339E-5
13376,4.9816E-5
13377,8.254E-6
13378,1.2345E-5
13379,3.1428E-5
13380,2.2786E-5
13381,1.17E-7
13382,3.9604E-5
13383,2.2663E-5
13384,1.6877E-5
13385,1.1652E-5
13386,2.9435E-5
13387,3.4918E-5
13388,6.4336E-5
13389,1.0052E-5
13390,1.7005E-5
13391,1.6911E-5
13392,4.6834E-5
13393,2.4285E-5
13394,2.1808E-5
13395,3.2118E-5
13396,3.2904E-5
13397,2.5948E-5
13398,2.0578E-5
13399,1.1759E-5
13400,4.6718E-5
13401,2.0485E-5
13402,1.1988E-5
13403,3.2879E-5
13404,0.003445606
13405,1.1625E-5
13406,2.4537E-5
13407,2.1644E-5
13408,4.5734E-5
13409,1.8253E-5
13410,2.4313E-5
13411,3.0422E-5
13412,4.1979E-5
13413,4.0559E-5
13414,3.0117E-5
13415,1.4708E-5
13416,4.7259E-5
13417,9.659E-6
13418,4.3215E-5
13419,3.3173E-5
13420,4.7029E-5
13421,3.6994E-5
13422,4.883E-5
13423,2.3036E-5
13424,2.5255E-5
13425,4.6469E-5
13426,1.0613E-5
13427,3.291E-5
13428,2.2478E-5
13429,1.07E-7
13430,3.1648E-5
13431,1.0137E-5
13432,4.0684E-5
13433,1.4501E-5
13434,2.0217E-5
13435,1.1442E-5
13436,2.2406E-5
13437,3.3841E-5
13438,2.1958E-5
13439,4.2393E-5
13440,3.4236E-5
13441,2.3353E-5
13442,2.6154E-5
13443,2.2923E-5
13444,1.6401E-5
13445,2.1578E-5
13446,1.8363E-5
13447,5.4293E-5
13448,2.1227E-5
13449,3.6096E-5
13450,9.9E-8
13451,4.141E-5
13452,1.362E-5
13453,5.5716E-5
13454,3.1827E-5
13455,2.5772E-5
13456,9.76E-6
13457,1.7418E-5
13458,3.0584E-5
13459,1.27E-7
13460,1.7041E-5
13461,1.8346E-5
13462,5.9703E-5
13463,1.1E-7
13464,1.02E-7
13465,9.988E-6
13466,1.4866E-5
13467,9.9E-8
13468,3.6626E-5
13469,1.6253E-5
13470,1.4779E-5
13471,2.5932E-5
13472,5.4335E-5
13473,1.542E-5
13474,1.7647E-5
13475,3.8658E-5
13476,1.07E-7
13477,3.4407E-5
13478,1.2108E-5
13479,3.0146E-5
13480,2.7622E-5
13481,1.5913E-5
13482,2.3275E-5
13483,7.8148E-5
13484,2.6673E-5
13485,4.5032E-5
13486,2.1322E-5
13487,2.2161E-5
13488,2.1656E-5
13489,7.733E-6
13490,3.2841E-5
13491,2.038E-5
13492,1.6818E-5
13493,1.2448E-5
13494,1.3247E-5
13495,2.1978E-5
13496,4.3831E-5
13497,1.2158E-5
13498,6.525E-6
13499,2.7234E-5
13500,2.6344E-5
13501,2.4683E-5
13502,2.4003E-5
13503,3.1646E-5
13504,2.755E-5
13505,2.8729E-5
13506,5.1131E-5
13507,3.4877E-5
13508,1.0962E-5
13509,1.3788E-5
13510,1.07E-7
13511,3.7731E-5
13512,1.323E-5
13513,2.7015E-5
13514,4.1709E-5
13515,2.8502E-5
13516,6.1161E-5
13517,1.32E-7
13518,2.3421E-5
13519,2.6949E-5
13520,3.7138E-5
13521,2.5904E-5
13522,2.4632E-5
13523,2.6027E-5
13524,2.5987E-5
13525,4.1305E-5
13526,1.3585E-5
13527,2.899E-5
13528,4.6323E-5
13529,4.5016E-5
13530,1.6729E-5
13531,4.2457E-5
13532,1.2233E-5
13533,2.8544E-5
13534,1.2602E-5
13535,2.6076E-5
13536,1.7306E-5
13537,3.6309E-5
13538,3.8489E-5
13539,5.6457E-5
13540,2.6262E-5
13541,4.7372E-5
13542,4.7512E-5
13543,3.0236E-5
13544,5.61E-5
13545,3.8833E-5
13546,3.3904E-5
13547,2.9866E-5
13548,4.4613E-5
13549,3.8319E-5
13550,1.09E-7
13551,1.9276E-5
13552,4.3677E-5
13553,1.1825E-5
13554,2.444E-5
13555,3.3367E-5
13556,1.3E-7
13557,4.2899E-5
13558,3.0016E-5
13559,4.7266E-5
13560,2.1823E-5
13561,6.1999E-5
13562,2.2201E-5
13563,1.008E-5
13564,3.4218E-5
13565,2.4356E-5
13566,4.2728E-5
13567,4.9049E-5
13568,2.7698E-5
13569,3.4675E-5
13570,3.5504E-5
13571,1.1062E-5
13572,3.9823E-5
13573,1.5085E-5
13574,2.7039E-5
13575,3.4822E-5
13576,2.125E-5
13577,3.9208E-5
13578,0.023622367
13579,3.625E-5
13580,3.6848E-5
13581,4.0661E-5
13582,3.2601E-5
13583,1.1292E-5
13584,2.1142E-5
13585,3.7331E-5
13586,3.8708E-5
13587,5.6632E-5
13588,1.8632E-5
13589,2.0515E-5
13590,2.3192E-5
13591,3.7218E-5
13592,5.055E-5
13593,2.3129E-5
13594,4.1325E-5
13595,4.8535E-5
13596,2.521E-5
13597,3.4428E-5
13598,4.7484E-5
13599,3.8048E-5
13600,2.1541E-5
13601,3.3237E-5
13602,4.0112E-5
13603,1.1484E-5
13604,7.2897E-5
13605,2.7847E-5
13606,1.5922E-5
13607,2.3071E-5
13608,3.4669E-5
13609,4.2721E-5
13610,5.003E-5
13611,1.156E-5
13612,2.4808E-5
13613,2.5638E-5
13614,2.5885E-5
13615,9.308E-6
13616,2.1779E-5
13617,1.08E-7
13618,2.1107E-5
13619,3.5918E-5
13620,4.2721E-5
13621,1.14E-7
13622,3.07E-5
13623,1.176E-5
13624,5.2437E-5
13625,8.6182E-5
13626,1.03E-7
13627,3.2358E-5
13628,4.1861E-5
13629,2.3446E-5
13630,1.0E-7
13631,2.8078E-5
13632,6.0427E-5
13633,1.955E-5
13634,3.9948E-5
13635,2.642E-5
13636,1.19E-7
13637,4.3723E-5
13638,2.3643E-5
13639,2.7902E-5
13640,2.8303E-5
13641,4.1557E-5
13642,1.6142E-5
13643,1.01E-7
13644,6.4106E-5
13645,3.3289E-5
13646,3.3084E-5
13647,2.6558E-5
13648,2.4975E-5
13649,1.07E-7
13650,1.82E-5
13651,2.7672E-5
13652,1.7037E-5
13653,1.9415E-5
13654,5.3605E-5
13655,5.5333E-5
13656,3.817E-5
13657,3.1861E-5
13658,9.7E-8
13659,1.634E-5
13660,3.6298E-5
13661,2.5348E-5
13662,2.5892E-5
13663,4.4659E-5
13664,1.984E-5
13665,3.8669E-5
13666,1.7255E-5
13667,3.7968E-5
13668,2.0366E-5
13669,1.1355E-5
13670,4.357E-5
13671,3.4935E-5
13672,1.5929E-5
13673,4.0673E-5
13674,2.2984E-5
13675,2.67727E-4
13676,1.1E-7
13677,4.6897E-5
13678,4.7635E-5
13679,2.2823E-5
13680,4.3438E-5
13681,2.5313E-5
13682,3.5377E-5
13683,1.9698E-5
13684,1.6448E-5
13685,1.166E-5
13686,6.257E-5
13687,9.44E-6
13688,1.559E-5
13689,2.5756E-5
13690,2.9746E-5
13691,4.7647E-5
13692,9.78E-6
13693,5.3898E-5
13694,4.2471E-5
13695,9.305E-6
13696,3.8529E-5
13697,4.276E-5
13698,1.13E-7
13699,0.00169276
13700,2.6485E-5
13701,1.8625E-5
13702,9.545E-6
13703,3.2714E-5
13704,1.2139E-5
13705,7.459E-5
13706,2.3677E-5
13707,1.4467E-5
13708,1.8127E-5
13709,4.9288E-5
13710,2.3988E-5
13711,3.6548E-5
13712,1.2E-7
13713,2.8779E-5
13714,5.1305E-5
13715,2.2042E-5
13716,2.7321E-5
13717,2.8394E-5
13718,5.7828E-5
13719,1.02E-7
13720,4.146E-5
13721,3.2589E-5
13722,2.491E-5
13723,2.3634E-5
13724,4.3403E-5
13725,3.387E-5
13726,1.0963E-5
13727,2.4395E-5
13728,1.9833E-5
13729,2.5535E-5
13730,3.3015E-5
13731,5.3515E-5
13732,2.3421E-5
13733,5.0862E-5
13734,5.7073E-5
13735,4.3352E-5
13736,1.125E-5
13737,3.7352E-5
13738,1.9387E-5
13739,3.8715E-5
13740,2.879E-5
13741,1.11E-7
13742,1.4766E-5
13743,0.019952097
13744,4.8586E-5
13745,4.3087E-5
13746,1.13E-7
13747,1.9412E-5
13748,1.567E-5
13749,1.3031E-5
13750,3.1782E-5
13751,3.7956E-5
13752,3.2928E-5
13753,1.2374E-5
13754,4.0292E-5
13755,6.4152E-5
13756,3.2017E-5
13757,4.7878E-5
13758,2.8272E-5
13759,5.2988E-5
13760,7.0942E-5
13761,3.5248E-5
13762,2.4685E-5
13763,3.7699E-5
13764,3.5117E-5
13765,2.3744E-5
13766,1.24E-7
13767,4.119E-5
13768,3.9623E-5
13769,2.8872E-5
13770,1.6703E-5
13771,1.3178E-5
13772,2.9264E-5
13773,2.7114E-5
13774,4.2098E-5
13775,9.8E-8
13776,1.2356E-5
13777,7.874E-6
13778,1.2697E-5
13779,4.7457E-5
13780,1.9929E-5
13781,3.6028E-5
13782,3.0662E-5
13783,3.6327E-5
13784,3.4717E-5
13785,3.4549E-5
13786,1.5411E-5
13787,2.7799E-5
13788,1.3763E-5
13789,3.2443E-5
13790,1.9827E-5
13791,4.0534E-5
13792,1.1685E-5
13793,2.3511E-5
13794,1.3662E-5
13795,1.6086E-5
13796,3.1638E-5
13797,3.271E-5
13798,1.06E-7
13799,4.5329E-5
13800,1.3367E-5
13801,3.1133E-5
13802,3.1943E-5
13803,2.4144E-5
13804,2.5992E-5
13805,2.1945E-5
13806,1.01E-7
13807,2.3268E-5
13808,1.2562E-5
13809,3.438E-5
13810,4.4985E-5
13811,4.7366E-5
13812,5.6266E-5
13813,1.3061E-5
13814,2.0871E-5
13815,1.11E-7
13816,3.7895E-5
13817,1.5616E-5
13818,4.4191E-5
13819,3.4533E-5
13820,4.1559E-5
13821,9.6E-8
13822,1.8885E-5
13823,1.8951E-5
13824,4.2276E-5
13825,3.968E-5
13826,2.4797E-5
13827,4.3578E-5
13828,2.955E-5
13829,1.062E-5
13830,3.5964E-5
13831,3.1389E-5
13832,5.5432E-5
13833,4.9219E-5
13834,5.3261E-5
13835,8.667E-6
13836,2.1927E-5
13837,3.5893E-5
13838,3.927E-5
13839,1.5784E-5
13840,9.786E-6
13841,2.5535E-5
13842,4.2364E-5
13843,2.0289E-5
13844,5.6645E-5
13845,4.7858E-5
13846,1.5993E-5
13847,3.2166E-5
13848,4.7031E-5
13849,7.702E-6
13850,1.4027E-5
13851,2.2378E-5
13852,3.859E-5
13853,3.2173E-5
13854,4.615E-5
13855,2.0239E-5
13856,2.6257E-5
13857,1.1348E-5
13858,2.6272E-5
13859,2.2284E-5
13860,1.0418E-5
13861,3.6415E-5
13862,2.6737E-5
13863,4.7764E-5
13864,9.551E-6
13865,3.884E-5
13866,2.4346E-5
13867,2.6577E-5
13868,3.8355E-5
13869,1.9433E-5
13870,1.5511E-5
13871,2.2868E-5
13872,2.7585E-5
13873,3.2003E-5
13874,1.9929E-5
13875,2.2769E-5
13876,5.0624E-5
13877,9.856E-6
13878,2.3013E-5
13879,5.1987E-5
13880,3.212E-5
13881,4.9983E-5
13882,2.055E-5
13883,1.5008E-5
13884,1.6425E-5
13885,2.1951E-5
13886,9.038E-6
13887,3.017E-5
13888,1.9022E-5
13889,2.5434E-5
13890,5.4993E-5
13891,2.1472E-5
13892,1.02E-7
13893,1.06E-7
13894,4.8846E-5
13895,2.834E-5
13896,4.5947E-5
13897,2.8803E-5
13898,4.3659E-5
13899,3.2515E-5
13900,2.4622E-5
13901,1.7077E-5
13902,4.495E-5
13903,1.8993E-5
13904,1.3202E-5
13905,9.602E-6
13906,2.4653E-5
13907,3.05E-5
13908,3.156E-5
13909,3.2403E-5
13910,2.4704E-5
13911,1.0361E-5
13912,3.3817E-5
13913,4.6425E-5
13914,1.7459E-5
13915,4.2012E-5
13916,1.7815E-5
13917,1.7242E-5
13918,3.6285E-5
13919,1.0359E-5
13920,2.6589E-5
13921,6.2521E-5
13922,3.148E-5
13923,5.928E-5
13924,1.3913E-5
13925,3.3838E-5
13926,1.03E-7
13927,1.1899E-5
13928,1.4384E-5
13929,1.22E-7
13930,7.1281E-5
13931,4.5828E-5
13932,4.4192E-5
13933,1.7242E-5
13934,5.196E-5
13935,1.2E-7
13936,1.9112E-5
13937,4.8124E-5
13938,2.0527E-5
13939,3.2785E-5
13940,2.7159E-5
13941,4.0192E-5
13942,9.9E-8
13943,1.562E-5
13944,2.1436E-5
13945,8.998E-6
13946,5.1253E-5
13947,1.8091E-5
13948,3.6957E-5
13949,3.6325E-5
13950,1.12E-7
13951,3.5304E-5
13952,0.037510466
13953,1.21E-7
13954,3.1697E-5
13955,2.5221E-5
13956,6.3015E-5
13957,9.5E-8
13958,1.4904E-5
13959,2.7886E-5
13960,1.6667E-5
13961,3.858E-5
13962,1.9282E-5
13963,3.5381E-5
13964,2.035E-5
13965,4.3389E-5
13966,7.119E-6
13967,1.7877E-5
13968,4.8689E-5
13969,4.7095E-5
13970,9.294E-6
13971,7.982E-6
13972,1.13E-7
13973,7.996E-5
13974,4.6326E-5
13975,1.03E-7
13976,6.5288E-5
13977,5.1994E-5
13978,1.07E-7
13979,4.7992E-5
13980,1.0286E-5
13981,1.5161E-5
13982,9.7E-8
13983,2.8275E-5
13984,3.6918E-5
13985,1.8073E-5
13986,9.7E-8
13987,2.8471E-5
13988,1.5162E-5
13989,2.3707E-5
13990,1.03E-7
13991,2.8859E-5
13992,3.5219E-5
13993,2.3761E-5
13994,2.5092E-5
13995,1.434E-5
13996,5.7614E-5
13997,2.1721E-5
13998,2.9813E-5
13999,1.02E-7
14000,3.6339E-5
14001,5.1569E-5
14002,1.2509E-5
14003,4.7746E-5
14004,1.734E-5
14005,3.8011E-5
14006,1.05E-7
14007,3.5371E-5
14008,5.6664E-5
14009,3.8616E-5
14010,2.5825E-5
14011,1.02E-7
14012,1.1648E-5
14013,4.3877E-5
14014,5.8365E-5
14015,3.5777E-5
14016,1.15E-7
14017,3.9576E-5
14018,1.0517E-5
14019,1.7194E-5
14020,1.6292E-5
14021,2.5243E-5
14022,3.2731E-5
14023,2.569E-5
14024,3.0118E-5
14025,5.8211E-5
14026,2.9313E-5
14027,4.3768E-5
14028,2.4995E-5
14029,4.5461E-5
14030,2.8214E-5
14031,5.4647E-5
14032,2.8843E-5
14033,1.46E-7
14034,2.5746E-5
14035,3.8595E-5
14036,2.8778E-5
14037,3.1221E-5
14038,5.7289E-5
14039,2.5263E-5
14040,2.9737E-5
14041,2.1695E-5
14042,9.399E-6
14043,3.1843E-5
14044,4.2095E-5
14045,1.895E-5
14046,2.9782E-5
14047,2.8044E-5
14048,2.9222E-5
14049,6.809E-6
14050,1.7838E-5
14051,3.5087E-5
14052,3.2418E-5
14053,2.8019E-5
14054,3.8571E-5
14055,3.3467E-5
14056,2.1397E-5
14057,8.161E-6
14058,1.5779E-5
14059,2.8937E-5
14060,3.0232E-5
14061,2.3499E-5
14062,3.5193E-5
14063,3.0725E-5
14064,3.0751E-5
14065,4.024E-5
14066,1.2805E-5
14067,2.7272E-5
14068,4.8521E-5
14069,2.6875E-5
14070,2.8423E-5
14071,1.1E-7
14072,2.7425E-5
14073,3.3237E-5
14074,1.4363E-5
14075,1.8408E-5
14076,3.5828E-5
14077,6.6857E-5
14078,1.1225E-5
14079,3.5687E-5
14080,2.9279E-5
14081,1.5616E-5
14082,1.05E-7
14083,2.5389E-5
14084,1.5466E-5
14085,3.4627E-5
14086,1.08E-7
14087,1.01E-7
14088,3.0164E-5
14089,1.6954E-5
14090,5.6754E-5
14091,5.0091E-5
14092,2.32E-5
14093,2.6254E-5
14094,2.288E-5
14095,1.4603E-5
14096,1.8784E-5
14097,2.9133E-5
14098,2.6546E-5
14099,1.8327E-5
14100,9.6E-8
14101,9.353E-6
14102,2.6974E-5
14103,4.5806E-5
14104,1.1391E-5
14105,0.003313966
14106,1.1229E-5
14107,1.5026E-5
14108,1.32E-7
14109,2.2551E-5
14110,3.012E-5
14111,2.5864E-5
14112,1.2636E-5
14113,1.9283E-5
14114,1.7015E-5
14115,2.899E-5
14116,1.8629E-5
14117,5.1485E-5
14118,2.8287E-5
14119,2.4847E-5
14120,2.6871E-5
14121,5.0881E-5
14122,9.425E-6
14123,5.1989E-5
14124,1.1691E-5
14125,2.4806E-5
14126,5.4233E-5
14127,1.9427E-5
14128,5.5953E-5
14129,5.9114E-5
14130,1.3015E-5
14131,4.481E-5
14132,1.7312E-5
14133,3.7571E-5
14134,4.1467E-5
14135,3.7294E-5
14136,2.7888E-5
14137,2.9794E-5
14138,3.4708E-5
14139,2.559E-5
14140,6.2331E-5
14141,1.6086E-5
14142,1.09E-7
14143,3.3773E-5
14144,1.13E-7
14145,3.1844E-5
14146,3.7338E-5
14147,1.7678E-5
14148,1.8468E-5
14149,1.3659E-5
14150,2.3429E-5
14151,1.9314E-5
14152,1.07E-7
14153,1.1558E-5
14154,1.1901E-5
14155,1.7461E-5
14156,3.2434E-5
14157,2.8328E-5
14158,3.0085E-5
14159,1.01E-7
14160,5.2936E-5
14161,3.6191E-5
14162,2.1329E-5
14163,2.3465E-5
14164,3.4251E-5
14165,4.1072E-5
14166,4.0347E-5
14167,1.0054E-5
14168,5.0407E-5
14169,1.8772E-5
14170,1.3621E-5
14171,2.0606E-5
14172,4.7844E-5
14173,5.3421E-5
14174,1.7374E-5
14175,2.6688E-5
14176,5.0261E-5
14177,1.8404E-5
14178,4.7316E-5
14179,6.3694E-5
14180,2.8386E-5
14181,1.5076E-5
14182,9.8E-8
14183,4.5603E-5
14184,4.3556E-5
14185,4.3922E-5
14186,1.03E-7
14187,5.1451E-5
14188,1.1918E-5
14189,5.1889E-5
14190,1.4984E-5
14191,5.239E-5
14192,3.2273E-5
14193,4.377E-5
14194,2.7083E-5
14195,4.3088E-5
14196,1.7985E-5
14197,2.0063E-5
14198,3.4335E-5
14199,5.1301E-5
14200,9.796E-6
14201,2.0644E-5
14202,9.471E-6
14203,1.37E-7
14204,3.0198E-5
14205,1.8692E-5
14206,1.7633E-5
14207,1.8826E-5
14208,3.0848E-5
14209,1.675E-5
14210,3.9069E-5
14211,1.3E-7
14212,3.1646E-5
14213,2.4984E-5
14214,3.572E-5
14215,1.8438E-5
14216,3.1921E-5
14217,3.2943E-5
14218,2.8207E-5
14219,1.7631E-5
14220,1.507E-5
14221,5.4439E-5
14222,2.1087E-5
14223,3.6777E-5
14224,2.6031E-5
14225,5.977E-6
14226,2.6359E-5
14227,9.6E-8
14228,5.3951E-5
14229,1.2619E-5
14230,2.7107E-5
14231,3.2646E-5
14232,2.4824E-5
14233,1.5007E-5
14234,1.2973E-5
14235,4.1194E-5
14236,3.9432E-5
14237,2.3932E-5
14238,3.4026E-5
14239,1.7121E-5
14240,6.0185E-5
14241,2.4041E-5
14242,1.477E-5
14243,3.2769E-5
14244,4.6125E-5
14245,7.6917E-5
14246,1.8628E-5
14247,1.843E-5
14248,3.0769E-5
14249,2.8891E-5
14250,3.9566E-5
14251,2.2407E-5
14252,1.0E-7
14253,9.743E-6
14254,1.0649E-5
14255,1.9073E-5
14256,2.153E-5
14257,1.9758E-5
14258,1.7305E-5
14259,4.2258E-5
14260,2.7448E-5
14261,1.581E-5
14262,1.8086E-5
14263,4.0082E-5
14264,3.2096E-5
14265,9.842E-6
14266,3.6947E-5
14267,1.0807E-5
14268,4.21E-5
14269,9.754E-6
14270,2.8151E-5
14271,2.4105E-5
14272,2.9673E-5
14273,4.2307E-5
14274,4.7509E-5
14275,9.7E-8
14276,1.1072E-5
14277,2.031E-5
14278,9.75E-6
14279,3.4918E-5
14280,2.0036E-5
14281,4.8616E-5
14282,4.0411E-5
14283,3.458E-5
14284,2.4166E-5
14285,2.3356E-5
14286,4.95E-5
14287,9.9E-8
14288,3.6494E-5
14289,8.788E-6
14290,2.2891E-5
14291,1.9952E-5
14292,7.585E-6
14293,5.1479E-5
14294,1.8293E-5
14295,4.2487E-5
14296,2.7644E-5
14297,2.7008E-5
14298,1.7105E-5
14299,1.8724E-5
14300,2.715E-5
14301,2.905E-5
14302,3.8526E-5
14303,3.9453E-5
14304,1.9394E-5
14305,3.703E-5
14306,1.1848E-5
14307,2.1137E-5
14308,7.863E-6
14309,2.1843E-5
14310,2.8808E-5
14311,4.4007E-5
14312,2.5778E-5
14313,2.5349E-5
14314,2.0576E-5
14315,5.3056E-5
14316,1.7853E-5
14317,2.1771E-5
14318,1.7887E-5
14319,1.1747E-5
14320,1.9061E-5
14321,0.008143058
14322,4.7034E-5
14323,1.08E-7
14324,3.4843E-5
14325,4.6982E-5
14326,3.0531E-5
14327,1.3693E-5
14328,1.09E-7
14329,9.385E-6
14330,1.8401E-5
14331,3.6199E-5
14332,1.0983E-5
14333,5.2066E-5
14334,7.1258E-5
14335,4.8202E-5
14336,1.1E-7
14337,3.54E-5
14338,2.5612E-5
14339,1.8379E-5
14340,2.0316E-5
14341,3.9743E-5
14342,5.8404E-5
14343,1.1388E-5
14344,1.089E-5
14345,2.9032E-5
14346,0.01316491
14347,1.9611E-5
14348,3.9787E-5
14349,2.4697E-5
14350,1.0186E-5
14351,3.4424E-5
14352,2.7125E-5
14353,2.1263E-5
14354,4.2589E-5
14355,3.5565E-5
14356,2.8267E-5
14357,3.3959E-5
14358,3.8111E-5
14359,1.1864E-5
14360,7.676E-6
14361,2.2468E-5
14362,1.02E-7
14363,2.9556E-5
14364,3.1536E-5
14365,1.2E-7
14366,3.8725E-5
14367,4.8042E-5
14368,1.0036E-5
14369,1.6846E-5
14370,3.7936E-5
14371,4.6028E-5
14372,3.767E-5
14373,1.08E-7
14374,1.02E-7
14375,2.3499E-5
14376,1.7533E-5
14377,5.559E-5
14378,2.3239E-5
14379,2.1639E-5
14380,2.1525E-5
14381,1.05E-7
14382,1.4871E-5
14383,1.3896E-5
14384,9.245E-6
14385,2.0255E-5
14386,1.1388E-5
14387,1.15E-7
14388,2.343E-5
14389,2.8329E-5
14390,2.8654E-5
14391,1.8541E-5
14392,5.4009E-5
14393,4.7254E-5
14394,4.0786E-5
14395,2.9252E-5
14396,4.0104E-5
14397,3.5248E-5
14398,1.3038E-5
14399,1.3761E-5
14400,9.599E-6
14401,3.2751E-5
14402,3.6239E-5
14403,3.7476E-5
14404,3.4349E-5
14405,2.4889E-5
14406,1.14E-7
14407,2.4553E-5
14408,2.1871E-5
14409,4.3553E-5
14410,1.4804E-5
14411,1.0113E-5
14412,2.4266E-5
14413,5.4836E-5
14414,7.0023E-5
14415,1.09E-7
14416,2.6447E-5
14417,4.2581E-5
14418,1.7504E-5
14419,3.1761E-5
14420,1.8656E-5
14421,1.11E-7
14422,8.677E-6
14423,2.935E-5
14424,4.9913E-5
14425,2.9341E-5
14426,2.628E-5
14427,1.06E-7
14428,3.027E-5
14429,1.1983E-5
14430,4.1163E-5
14431,2.7708E-5
14432,1.1287E-5
14433,9.128E-6
14434,5.0729E-5
14435,1.7684E-5
14436,3.1234E-5
14437,4.2698E-5
14438,2.6374E-5
14439,3.7849E-5
14440,5.8174E-5
14441,1.4978E-5
14442,1.01E-7
14443,1.1352E-5
14444,4.0672E-5
14445,1.709E-5
14446,2.776E-5
14447,1.7796E-5
14448,1.6968E-5
14449,1.452E-5
14450,3.4459E-5
14451,2.8891E-5
14452,3.9346E-5
14453,2.8567E-5
14454,3.1354E-5
14455,5.7715E-5
14456,2.6662E-5
14457,8.441E-6
14458,4.8077E-5
14459,3.1886E-5
14460,1.5641E-5
14461,1.9869E-5
14462,2.3938E-5
14463,4.1653E-5
14464,2.3679E-5
14465,4.7093E-5
14466,3.0965E-5
14467,4.3786E-5
14468,1.8499E-5
14469,3.7766E-5
14470,5.392E-5
14471,1.1E-7
14472,5.2421E-5
14473,1.6061E-5
14474,4.9717E-5
14475,2.98E-5
14476,3.3239E-5
14477,4.1822E-5
14478,1.4402E-5
14479,3.7969E-5
14480,5.2758E-5
14481,4.4489E-5
14482,1.9438E-5
14483,1.21E-7
14484,2.0294E-5
14485,1.6353E-5
14486,1.9304E-5
14487,3.8248E-5
14488,1.0326E-5
14489,5.4327E-5
14490,2.937E-5
14491,3.6102E-5
14492,2.5074E-5
14493,1.02E-7
14494,3.44E-5
14495,3.9255E-5
14496,2.7413E-5
14497,4.7449E-5
14498,3.1964E-5
14499,2.8229E-5
14500,2.6767E-5
14501,2.7834E-5
14502,3.9264E-5
14503,1.1E-7
14504,3.8961E-5
14505,7.3835E-5
14506,3.228E-5
14507,1.8223E-5
14508,1.6325E-5
14509,1.9483E-5
14510,1.0572E-5
14511,1.25E-7
14512,3.6061E-5
14513,9.6E-6
14514,1.0939E-5
14515,4.019E-5
14516,3.9855E-5
14517,3.3001E-5
14518,2.2852E-5
14519,2.226E-5
14520,9.478E-6
14521,8.398E-6
14522,4.2361E-5
14523,3.5669E-5
14524,8.241E-6
14525,2.109E-5
14526,2.3958E-5
14527,1.3257E-5
14528,2.2005E-5
14529,1.5748E-5
14530,5.3694E-5
14531,3.5338E-5
14532,4.358E-5
14533,2.2841E-5
14534,2.5983E-5
14535,1.4686E-5
14536,2.5932E-5
14537,4.9552E-5
14538,6.4155E-5
14539,2.2428E-5
14540,2.6373E-5
14541,1.8731E-5
14542,2.2997E-5
14543,1.2526E-5
14544,1.3958E-5
14545,2.0061E-5
14546,3.6259E-5
14547,2.0719E-5
14548,3.6727E-5
14549,5.7474E-5
14550,2.8357E-5
14551,5.2979E-5
14552,3.3973E-5
14553,2.0439E-5
14554,1.6931E-5
14555,1.37E-5
14556,2.9655E-5
14557,6.6662E-5
14558,4.0191E-5
14559,9.527E-6
14560,1.0039E-5
14561,1.15E-7
14562,3.3185E-5
14563,9.284E-6
14564,1.9896E-5
14565,1.1382E-5
14566,3.0375E-5
14567,2.4551E-5
14568,2.8576E-5
14569,1.27E-7
14570,9.236E-6
14571,3.2037E-5
14572,2.957E-5
14573,1.07E-7
14574,2.986E-5
14575,1.4686E-5
14576,2.2398E-5
14577,1.7585E-5
14578,2.3561E-5
14579,2.9079E-5
14580,1.8928E-5
14581,3.3294E-5
14582,2.0709E-5
14583,1.2808E-5
14584,3.2702E-5
14585,3.5651E-5
14586,1.0351E-5
14587,1.0326E-5
14588,1.06E-7
14589,4.5507E-5
14590,4.6389E-5
14591,4.48E-5
14592,2.8522E-5
14593,1.7403E-5
14594,2.6278E-5
14595,1.6744E-5
14596,1.05E-7
14597,1.3446E-5
14598,2.5883E-5
14599,3.6155E-5
14600,2.4075E-5
14601,2.5419E-5
14602,1.0692E-5
14603,4.5461E-5
14604,4.6433E-5
14605,3.7184E-5
14606,2.8443E-5
14607,7.688E-6
14608,7.35E-6
14609,2.7803E-5
14610,1.7635E-5
14611,4.8402E-5
14612,2.6472E-5
14613,1.4843E-5
14614,1.14E-7
14615,3.3978E-5
14616,2.5328E-5
14617,1.0704E-5
14618,1.7473E-5
14619,2.4358E-5
14620,1.6387E-5
14621,1.7414E-5
14622,3.3014E-5
14623,1.5429E-5
14624,2.3167E-5
14625,2.0109E-5
14626,9.386E-6
14627,1.674E-5
14628,1.3356E-5
14629,4.3047E-5
14630,5.1699E-5
14631,1.6941E-5
14632,3.0719E-5
14633,2.1184E-5
14634,6.2065E-5
14635,3.5019E-5
14636,8.7533E-5
14637,2.4633E-5
14638,2.8626E-5
14639,2.9124E-5
14640,2.2492E-5
14641,3.8416E-5
14642,6.4631E-5
14643,2.6051E-5
14644,4.0824E-5
14645,2.9168E-5
14646,2.6899E-5
14647,1.94E-5
14648,1.7858E-5
14649,2.7091E-5
14650,4.8569E-5
14651,9.5E-8
14652,1.9538E-5
14653,1.8462E-5
14654,5.0125E-5
14655,4.3444E-5
14656,3.801E-5
14657,5.9502E-5
14658,4.2252E-5
14659,8.5748E-5
14660,2.5759E-5
14661,1.8102E-5
14662,2.9764E-5
14663,2.965E-5
14664,5.3751E-5
14665,2.418E-5
14666,2.2162E-5
14667,4.0693E-5
14668,9.561E-6
14669,6.4527E-5
14670,2.1059E-5
14671,2.1472E-5
14672,5.6716E-5
14673,2.129E-5
14674,9.621E-6
14675,1.8465E-5
14676,1.2406E-5
14677,2.7889E-5
14678,1.9266E-5
14679,1.445E-5
14680,1.1609E-5
14681,3.3539E-5
14682,1.9849E-5
14683,4.7612E-5
14684,4.3469E-5
14685,3.1849E-5
14686,2.4971E-5
14687,9.871E-6
14688,2.5236E-5
14689,5.1847E-5
14690,1.1991E-5
14691,9.9E-8
14692,2.5565E-5
14693,5.1211E-5
14694,4.334E-5
14695,3.5815E-5
14696,2.7311E-5
14697,5.4899E-5
14698,5.2122E-5
14699,1.6208E-5
14700,4.8292E-5
14701,4.3374E-5
14702,2.3336E-5
14703,2.0234E-5
14704,1.3621E-5
14705,2.0879E-5
14706,1.5383E-5
14707,3.5806E-5
14708,4.1588E-5
14709,2.8014E-5
14710,3.2761E-5
14711,2.4967E-5
14712,3.5412E-5
14713,5.4957E-5
14714,4.0387E-5
14715,1.6728E-5
14716,4.81E-5
14717,2.6893E-5
14718,5.1513E-5
14719,2.3224E-5
14720,2.1242E-5
14721,2.2744E-5
14722,5.7235E-5
14723,2.2339E-5
14724,2.1552E-5
14725,1.0942E-5
14726,2.1759E-5
14727,1.0097E-5
14728,8.49E-6
14729,9.755E-6
14730,2.5977E-5
14731,2.1568E-5
14732,2.8419E-5
14733,9.843E-6
14734,3.103E-5
14735,2.8236E-5
14736,1.3836E-5
14737,8.825E-6
14738,1.0784E-5
14739,9.8E-8
14740,3.6655E-5
14741,1.02E-7
14742,8.632E-6
14743,3.278E-5
14744,1.0181E-5
14745,1.1864E-5
14746,1.2103E-5
14747,9.761E-6
14748,1.04E-7
14749,3.3176E-5
14750,2.8297E-5
14751,9.899E-6
14752,4.9218E-5
14753,3.6996E-5
14754,1.13E-7
14755,3.4553E-5
14756,3.6432E-5
14757,1.4422E-5
14758,1.561E-5
14759,1.9938E-5
14760,2.2746E-5
14761,4.3126E-5
14762,2.8674E-5
14763,1.0E-7
14764,3.1883E-5
14765,2.5175E-5
14766,2.4934E-5
14767,1.9473E-5
14768,2.5817E-5
14769,2.309E-5
14770,3.3447E-5
14771,2.1593E-5
14772,2.3398E-5
14773,2.5118E-5
14774,3.9546E-5
14775,3.9849E-5
14776,3.3916E-5
14777,5.6141E-5
14778,3.7609E-5
14779,2.558E-5
14780,3.5231E-5
14781,2.3988E-5
14782,2.4504E-5
14783,9.104E-6
14784,2.7026E-5
14785,4.1927E-5
14786,2.397E-5
14787,3.5364E-5
14788,5.2346E-5
14789,1.6458E-5
14790,2.6406E-5
14791,3.7248E-5
14792,1.4221E-5
14793,3.9166E-5
14794,3.2773E-5
14795,3.2128E-5
14796,4.9411E-5
14797,9.406E-6
14798,2.1248E-5
14799,1.9152E-5
14800,1.7866E-5
14801,3.1903E-5
14802,1.1077E-5
14803,4.4152E-5
14804,9.235E-6
14805,3.8999E-5
14806,3.3165E-5
14807,3.1556E-5
14808,2.5803E-5
14809,4.7367E-5
14810,2.086E-5
14811,1.24E-7
14812,1.8375E-5
14813,1.8836E-5
14814,3.978E-5
14815,1.2524E-5
14816,2.1733E-5
14817,2.396E-5
14818,3.2261E-5
14819,3.284E-5
14820,5.3689E-5
14821,1.2941E-5
14822,2.3773E-5
14823,5.1663E-5
14824,3.2078E-5
14825,2.1661E-5
14826,1.2816E-5
14827,3.7549E-5
14828,2.8199E-5
14829,3.3219E-5
14830,1.8565E-5
14831,0.003316523
14832,3.8943E-5
14833,3.3711E-5
14834,3.1383E-5
14835,1.05E-7
14836,2.3648E-5
14837,3.0198E-5
14838,4.5006E-5
14839,4.0965E-5
14840,2.2206E-5
14841,1.07E-7
14842,2.4467E-5
14843,1.29E-7
14844,3.1665E-5
14845,1.4297E-5
14846,1.02E-7
14847,2.0765E-5
14848,1.3E-7
14849,1.07E-7
14850,2.3889E-5
14851,3.989E-5
14852,2.1911E-5
14853,1.0E-7
14854,3.465E-5
14855,1.9885E-5
14856,3.4404E-5
14857,1.2922E-5
14858,2.2249E-5
14859,2.3047E-5
14860,1.1698E-5
14861,1.9406E-5
14862,3.3497E-5
14863,3.5631E-5
14864,1.06E-7
14865,2.807E-5
14866,4.3179E-5
14867,1.5759E-5
14868,2.5261E-5
14869,3.9879E-5
14870,7.029E-6
14871,2.0004E-5
14872,3.6481E-5
14873,1.3427E-5
14874,1.9376E-5
14875,1.4251E-5
14876,5.9844E-5
14877,9.6E-8
14878,1.5646E-5
14879,1.9217E-5
14880,1.1404E-5
14881,2.4386E-5
14882,1.07E-7
14883,1.6482E-5
14884,3.696E-5
14885,2.6493E-5
14886,6.0526E-5
14887,2.9524E-5
14888,1.09E-7
14889,4.2135E-5
14890,2.7128E-5
14891,1.936E-5
14892,3.8545E-5
14893,3.1085E-5
14894,1.6802E-5
14895,4.1901E-5
14896,1.2406E-5
14897,2.2131E-5
14898,2.6248E-5
14899,2.5933E-5
14900,2.1995E-5
14901,3.8997E-5
14902,3.9422E-5
14903,8.505E-6
14904,2.729E-5
14905,3.5151E-5
14906,4.5185E-5
14907,1.6246E-5
14908,1.4875E-5
14909,3.4502E-5
14910,2.7127E-5
14911,3.2636E-5
14912,2.9276E-5
14913,2.8538E-5
14914,3.6428E-5
14915,1.7533E-5
14916,5.2056E-5
14917,3.7513E-5
14918,3.052E-5
14919,6.5792E-5
14920,3.4758E-5
14921,3.4658E-5
14922,2.6686E-5
14923,4.0943E-5
14924,1.6591E-5
14925,1.364E-5
14926,3.51E-5
14927,1.6896E-5
14928,1.02E-7
14929,8.842E-6
14930,4.974E-5
14931,9.7373E-5
14932,4.699E-5
14933,1.6268E-5
14934,2.6449E-5
14935,4.3553E-5
14936,2.8969E-5
14937,8.777E-6
14938,1.6887E-5
14939,4.4943E-5
14940,4.6659E-5
14941,2.4269E-5
14942,3.5565E-5
14943,1.4719E-5
14944,4.6433E-5
14945,3.5759E-5
14946,1.8025E-5
14947,2.9348E-5
14948,1.29E-7
14949,2.6358E-5
14950,2.709E-5
14951,4.241E-5
14952,1.0499E-5
14953,2.1231E-5
14954,3.7076E-5
14955,3.0885E-5
14956,3.2511E-5
14957,1.0E-7
14958,3.4628E-5
14959,9.066E-6
14960,1.03E-7
14961,5.0922E-5
14962,3.5626E-5
14963,4.0789E-5
14964,1.7951E-5
14965,1.9835E-5
14966,8.2101E-5
14967,4.8937E-5
14968,1.6454E-5
14969,1.082E-5
14970,1.9819E-5
14971,7.2853E-5
14972,1.09E-7
14973,3.8806E-5
14974,6.2845E-5
14975,3.9904E-5
14976,1.1697E-5
14977,3.5522E-5
14978,1.1943E-5
14979,4.502E-5
14980,1.9788E-5
14981,3.4949E-5
14982,2.1387E-5
14983,3.1861E-5
14984,9.974E-6
14985,1.6436E-5
14986,4.1105E-5
14987,4.3676E-5
14988,2.3289E-5
14989,4.5081E-5
14990,3.184E-5
14991,1.903E-5
14992,1.07E-7
14993,3.1488E-5
14994,3.004E-5
14995,1.7673E-5
14996,1.8598E-5
14997,4.6488E-5
14998,2.608E-5
14999,4.7571E-5
15000,2.6591E-5
15001,3.0861E-5
15002,3.6341E-5
15003,1.174E-5
15004,3.6428E-5
15005,1.4462E-5
15006,3.5323E-5
15007,4.2122E-5
15008,2.4533E-5
15009,5.1992E-5
15010,3.582E-5
15011,1.08E-7
15012,1.1288E-5
15013,0.003677544
15014,1.33E-7
15015,3.8876E-5
15016,1.9995E-5
15017,2.8049E-5
15018,3.1295E-5
15019,1.2057E-5
15020,2.9117E-5
15021,2.6188E-5
15022,1.22E-7
15023,2.683E-5
15024,3.7671E-5
15025,1.11E-7
15026,1.2895E-5
15027,2.8676E-5
15028,4.2631E-5
15029,3.433E-5
15030,1.4208E-5
15031,3.8425E-5
15032,3.3013E-5
15033,6.8422E-5
15034,5.9922E-5
15035,2.3103E-5
15036,2.1983E-5
15037,3.8281E-5
15038,6.0877E-5
15039,2.3797E-5
15040,1.748E-5
15041,5.9389E-5
15042,3.8185E-5
15043,5.3863E-5
15044,1.09E-7
15045,3.841E-5
15046,3.8172E-5
15047,3.4636E-5
15048,3.9275E-5
15049,3.2585E-5
15050,4.194E-5
15051,2.1263E-5
15052,1.2E-7
15053,4.6733E-5
15054,2.0495E-5
15055,1.28E-7
15056,1.27E-7
15057,4.69E-5
15058,1.05E-7
15059,2.7916E-5
15060,1.08E-7
15061,3.2402E-5
15062,2.448E-5
15063,1.6097E-5
15064,2.4198E-5
15065,2.3693E-5
15066,6.5817E-5
15067,2.2573E-5
15068,1.2607E-5
15069,2.0917E-5
15070,6.8763E-5
15071,3.1953E-5
15072,2.0727E-5
15073,3.7038E-5
15074,2.3482E-5
15075,2.2772E-5
15076,2.0914E-5
15077,4.6809E-5
15078,2.3543E-5
15079,2.273E-5
15080,2.0801E-5
15081,2.4212E-5
15082,3.2064E-5
15083,4.5283E-5
15084,1.2904E-5
15085,1.05E-7
15086,1.8701E-5
15087,1.03E-7
15088,1.37E-7
15089,1.557E-5
15090,3.4251E-5
15091,3.9479E-5
15092,4.3205E-5
15093,1.28E-7
15094,4.2143E-5
15095,2.9972E-5
15096,4.9174E-5
15097,2.0622E-5
15098,1.5698E-5
15099,2.7931E-5
15100,4.958E-5
15101,3.087E-5
15102,1.1935E-5
15103,3.0326E-5
15104,9.9E-8
15105,2.7452E-5
15106,4.2236E-5
15107,2.7285E-5
15108,3.3063E-5
15109,4.3108E-5
15110,2.6455E-5
15111,3.7016E-5
15112,8.785E-6
15113,2.1397E-5
15114,2.7415E-5
15115,3.4665E-5
15116,2.1466E-5
15117,1.2732E-5
15118,1.0146E-5
15119,1.8365E-5
15120,1.8313E-5
15121,1.04E-7
15122,7.132E-6
15123,5.5216E-5
15124,1.5472E-5
15125,5.2254E-5
15126,9.839E-6
15127,3.3842E-5
15128,3.2147E-5
15129,1.5474E-5
15130,5.9492E-5
15131,2.5853E-5
15132,2.1158E-5
15133,6.3869E-5
15134,1.2516E-5
15135,4.6718E-5
15136,7.8396E-5
15137,2.3849E-5
15138,3.8064E-5
15139,1.9764E-5
15140,9.703E-6
15141,3.2259E-5
15142,5.247E-5
15143,1.9169E-5
15144,1.7423E-5
15145,2.4188E-5
15146,2.4613E-5
15147,2.5247E-5
15148,4.4835E-5
15149,9.179E-6
15150,5.9486E-5
15151,4.3447E-5
15152,5.8E-5
15153,2.713E-5
15154,3.1051E-5
15155,2.3371E-5
15156,2.791E-5
15157,1.4394E-5
15158,2.8518E-5
15159,1.0E-7
15160,1.09E-7
15161,2.4217E-5
15162,3.923E-5
15163,1.0835E-5
15164,5.4849E-5
15165,6.1373E-5
15166,4.2017E-5
15167,2.9313E-5
15168,3.7993E-5
15169,4.2896E-5
15170,4.4623E-5
15171,9.239E-6
15172,2.6789E-5
15173,3.8584E-5
15174,5.3241E-5
15175,4.6586E-5
15176,3.7596E-5
15177,1.7733E-5
15178,2.4256E-5
15179,3.8965E-5
15180,2.1913E-5
15181,1.9076E-5
15182,1.11E-7
15183,1.2843E-5
15184,5.3119E-5
15185,3.3722E-5
15186,1.2523E-5
15187,2.8491E-5
15188,3.2917E-5
15189,4.307E-5
15190,4.3333E-5
15191,1.7505E-5
15192,3.952E-5
15193,1.24E-7
15194,2.8878E-5
15195,5.1216E-5
15196,0.027933677
15197,6.3719E-5
15198,3.995E-5
15199,2.3138E-5
15200,1.0486E-5
15201,2.8393E-5
15202,3.7527E-5
15203,2.589E-5
15204,1.0335E-5
15205,5.5687E-5
15206,3.1227E-5
15207,1.8216E-5
15208,3.0621E-5
15209,4.354E-5
15210,4.1278E-5
15211,3.2259E-5
15212,5.7058E-5
15213,4.195E-5
15214,2.5906E-5
15215,9.6E-8
15216,3.9138E-5
15217,2.5186E-5
15218,3.4143E-5
15219,2.3746E-5
15220,2.0999E-5
15221,1.7423E-5
15222,3.0201E-5
15223,0.00204089
15224,1.6381E-5
15225,3.7415E-5
15226,2.6341E-5
15227,1.4924E-5
15228,4.6043E-5
15229,1.1199E-5
15230,3.4139E-5
15231,1.1376E-5
15232,1.05E-7
15233,2.0378E-5
15234,2.061E-5
15235,5.3251E-5
15236,1.6686E-5
15237,2.4845E-5
15238,1.83E-5
15239,3.1772E-5
15240,1.9494E-5
15241,3.2304E-5
15242,9.258E-6
15243,1.04E-7
15244,2.5203E-5
15245,6.3542E-5
15246,1.1875E-5
15247,1.3447E-5
15248,2.9607E-5
15249,2.9065E-5
15250,1.6092E-5
15251,5.6605E-5
15252,2.5545E-5
15253,1.9997E-5
15254,4.6155E-5
15255,2.3274E-5
15256,8.739E-6
15257,2.0043E-5
15258,1.3865E-5
15259,4.7739E-5
15260,3.6396E-5
15261,3.5226E-5
15262,3.0222E-5
15263,2.5415E-5
15264,4.2765E-5
15265,3.5149E-5
15266,4.4927E-5
15267,4.5152E-5
15268,6.4848E-5
15269,5.0206E-5
15270,8.078E-6
15271,1.6512E-5
15272,3.7829E-5
15273,4.0418E-5
15274,1.4467E-5
15275,8.629E-6
15276,5.0821E-5
15277,3.3739E-5
15278,1.12E-7
15279,6.8468E-5
15280,2.0192E-5
15281,2.0602E-5
15282,2.0968E-5
15283,4.1952E-5
15284,1.9468E-5
15285,1.4204E-5
15286,2.133E-5
15287,2.3732E-5
15288,4.2716E-5
15289,3.0664E-5
15290,3.9448E-5
15291,2.3276E-5
15292,8.319E-6
15293,1.2661E-5
15294,1.9309E-5
15295,1.5079E-5
15296,1.06E-7
15297,1.7743E-5
15298,5.4282E-5
15299,4.2871E-5
15300,2.0205E-5
15301,3.3208E-5
15302,5.633E-5
15303,6.5155E-5
15304,3.8424E-5
15305,4.8387E-5
15306,3.6919E-5
15307,5.3829E-5
15308,3.1525E-5
15309,1.3818E-5
15310,3.7572E-5
15311,2.3647E-5
15312,2.1754E-5
15313,4.3819E-5
15314,3.0096E-5
15315,1.7307E-5
15316,5.7965E-5
15317,1.2989E-5
15318,3.9488E-5
15319,6.3142E-5
15320,3.2195E-5
15321,1.7642E-5
15322,3.9733E-5
15323,1.9896E-5
15324,4.0352E-5
15325,1.3545E-5
15326,3.8686E-5
15327,9.641E-6
15328,4.3933E-5
15329,4.4155E-5
15330,1.1202E-5
15331,3.8832E-5
15332,1.12E-7
15333,1.3873E-5
15334,3.0549E-5
15335,1.9425E-5
15336,5.4638E-5
15337,4.2252E-5
15338,3.0387E-5
15339,1.0285E-5
15340,2.5364E-5
15341,2.5708E-5
15342,3.0326E-5
15343,2.5627E-5
15344,1.8825E-5
15345,3.7948E-5
15346,1.6852E-5
15347,9.398E-6
15348,3.0246E-5
15349,4.3555E-5
15350,6.5451E-5
15351,3.3836E-5
15352,2.6545E-5
15353,2.8802E-5
15354,8.948E-6
15355,3.2397E-5
15356,3.1523E-5
15357,3.6993E-5
15358,1.9777E-5
15359,1.3098E-5
15360,2.2358E-5
15361,1.5671E-5
15362,2.9228E-5
15363,5.0299E-5
15364,3.6405E-5
15365,1.07E-7
15366,1.908E-5
15367,2.5752E-5
15368,1.3298E-5
15369,3.0891E-5
15370,1.7617E-5
15371,3.561E-5
15372,5.7593E-5
15373,2.45E-5
15374,6.5518E-5
15375,3.7723E-5
15376,2.5117E-5
15377,0.005727269
15378,1.3738E-5
15379,1.9444E-5
15380,1.302E-5
15381,2.7856E-5
15382,2.3771E-5
15383,1.1546E-5
15384,5.5541E-5
15385,2.8053E-5
15386,1.8661E-5
15387,3.4647E-5
15388,6.6748E-5
15389,5.4069E-5
15390,2.0488E-5
15391,1.9112E-5
15392,1.06E-7
15393,1.01E-7
15394,9.9E-8
15395,3.8317E-5
15396,5.872E-5
15397,1.11E-7
15398,2.7901E-5
15399,3.5073E-5
15400,2.4279E-5
15401,2.1554E-5
15402,1.1E-7
15403,3.4236E-5
15404,3.9278E-5
15405,2.9655E-5
15406,2.047E-5
15407,4.6858E-5
15408,5.7454E-5
15409,3.4794E-5
15410,4.0299E-5
15411,3.0416E-5
15412,1.1141E-5
15413,1.1919E-5
15414,5.171E-5
15415,3.6672E-5
15416,5.0358E-5
15417,0.001471432
15418,3.069E-5
15419,6.7675E-5
15420,1.1E-7
15421,3.5474E-5
15422,3.1849E-5
15423,1.24E-7
15424,4.1039E-5
15425,1.0791E-5
15426,1.21E-7
15427,3.5682E-5
15428,4.5866E-5
15429,3.8519E-5
15430,1.4357E-5
15431,3.0114E-5
15432,4.7818E-5
15433,2.2845E-5
15434,4.4083E-5
15435,2.3486E-5
15436,4.1315E-5
15437,1.1257E-5
15438,3.5691E-5
15439,1.2427E-5
15440,4.3921E-5
15441,5.0954E-5
15442,1.4914E-5
15443,2.5539E-5
15444,0.001283645
15445,5.4704E-5
15446,1.607E-5
15447,2.0584E-5
15448,3.2844E-5
15449,2.8489E-5
15450,4.2728E-5
15451,4.0388E-5
15452,8.3224E-5
15453,6.5704E-5
15454,1.4156E-5
15455,2.4304E-5
15456,1.07E-7
15457,2.99E-5
15458,3.3955E-5
15459,3.2953E-5
15460,4.3677E-5
15461,5.3507E-5
15462,1.1886E-5
15463,3.087E-5
15464,4.3036E-5
15465,1.9893E-5
15466,9.5E-8
15467,4.8122E-5
15468,3.2151E-5
15469,1.105E-5
15470,4.409E-5
15471,1.6936E-5
15472,2.6813E-5
15473,3.7164E-5
15474,3.3674E-5
15475,3.5819E-5
15476,9.755E-6
15477,2.8724E-5
15478,1.2833E-5
15479,7.5704E-5
15480,3.3534E-5
15481,2.8224E-5
15482,4.9809E-5
15483,1.05E-7
15484,1.04E-7
15485,9.4E-8
15486,4.4994E-5
15487,3.2642E-5
15488,5.1866E-5
15489,3.9777E-5
15490,1.8282E-5
15491,4.4396E-5
15492,4.5173E-5
15493,1.3051E-4
15494,4.5471E-5
15495,1.8418E-5
15496,1.0E-7
15497,5.6736E-5
15498,1.0874E-5
15499,2.3908E-5
15500,2.8424E-5
15501,3.6186E-5
15502,3.6659E-5
15503,1.8695E-5
15504,3.0109E-5
15505,5.0497E-5
15506,2.0442E-5
15507,1.5399E-5
15508,3.6036E-5
15509,1.13E-7
15510,4.8367E-5
15511,2.1247E-5
15512,4.7485E-5
15513,1.2398E-5
15514,3.2478E-5
15515,4.6036E-5
15516,2.7919E-5
15517,4.0593E-5
15518,2.0603E-5
15519,4.6483E-5
15520,3.9025E-5
15521,2.8897E-5
15522,2.5934E-5
15523,5.5093E-5
15524,2.5896E-5
15525,2.1388E-5
15526,3.037E-5
15527,1.3048E-5
15528,2.8589E-5
15529,4.501E-5
15530,1.06E-7
15531,3.7053E-5
15532,2.5057E-5
15533,3.0533E-5
15534,3.1138E-5
15535,1.9902E-5
15536,2.2914E-5
15537,2.0628E-5
15538,1.4268E-5
15539,7.1835E-5
15540,2.7587E-5
15541,2.3199E-5
15542,2.6411E-5
15543,1.4759E-5
15544,4.7631E-5
15545,3.8124E-5
15546,3.9243E-5
15547,4.3145E-5
15548,4.1337E-5
15549,5.1029E-5
15550,5.1889E-5
15551,3.2201E-5
15552,4.4748E-5
15553,1.356E-5
15554,4.4159E-5
15555,4.3004E-5
15556,2.5551E-5
15557,1.9321E-5
15558,1.6822E-5
15559,7.7568E-5
15560,1.07E-7
15561,2.6964E-5
15562,5.4041E-5
15563,4.473E-5
15564,2.4057E-5
15565,1.6888E-5
15566,1.4739E-5
15567,2.5159E-5
15568,3.7645E-5
15569,7.8829E-5
15570,2.5896E-5
15571,4.4694E-5
15572,4.7597E-5
15573,1.08E-7
15574,1.7081E-5
15575,2.1678E-5
15576,4.8685E-5
15577,1.08E-7
15578,5.7009E-5
15579,2.3698E-5
15580,1.02E-7
15581,3.2491E-5
15582,5.2152E-5
15583,9.15E-6
15584,4.2503E-5
15585,4.751E-5
15586,4.2868E-5
15587,4.4126E-5
15588,3.0849E-5
15589,1.4118E-5
15590,1.05E-7
15591,6.0487E-5
15592,2.1938E-5
15593,1.5221E-5
15594,1.15E-7
15595,5.6997E-5
15596,2.8343E-5
15597,5.6644E-5
15598,2.0117E-5
15599,1.2E-7
15600,1.7952E-5
15601,1.9716E-5
15602,1.3247E-5
15603,1.0642E-5
15604,2.4423E-5
15605,1.7976E-5
15606,1.9977E-5
15607,4.9684E-5
15608,3.0923E-5
15609,9.398E-6
15610,4.3466E-5
15611,6.4226E-5
15612,2.8971E-5
15613,1.06E-7
15614,3.6368E-5
15615,4.108E-5
15616,1.32E-7
15617,1.9097E-5
15618,4.5497E-5
15619,6.769E-6
15620,2.0797E-5
15621,1.4367E-5
15622,4.055E-5
15623,9.092E-6
15624,3.4958E-5
15625,3.5534E-5
15626,4.3271E-5
15627,3.6103E-5
15628,5.6216E-5
15629,3.4862E-5
15630,5.9161E-5
15631,1.8311E-5
15632,1.2758E-5
15633,4.6624E-5
15634,4.3617E-5
15635,3.2835E-5
15636,1.14E-7
15637,1.3563E-5
15638,1.6361E-5
15639,6.0823E-5
15640,1.5851E-5
15641,4.6549E-5
15642,3.0889E-5
15643,5.2577E-5
15644,2.0691E-5
15645,1.1052E-5
15646,5.3509E-5
15647,3.3932E-5
15648,3.2823E-5
15649,3.22E-5
15650,5.3145E-5
15651,3.5238E-5
15652,1.9507E-5
15653,4.8936E-5
15654,3.2325E-5
15655,4.4232E-5
15656,5.1229E-5
15657,5.3664E-5
15658,1.0E-7
15659,3.9027E-5
15660,4.209E-5
15661,4.442E-5
15662,2.0276E-5
15663,9.7E-8
15664,1.7377E-5
15665,6.6077E-5
15666,2.8442E-5
15667,3.1833E-5
15668,6.0826E-5
15669,1.7523E-5
15670,3.3354E-5
15671,5.544E-5
15672,2.8357E-5
15673,2.8581E-5
15674,3.6191E-5
15675,5.9832E-5
15676,1.4085E-5
15677,3.2551E-5
15678,4.4975E-5
15679,4.7888E-5
15680,2.2012E-5
15681,2.4717E-5
15682,5.8215E-5
15683,1.07E-7
15684,5.5881E-5
15685,4.1182E-5
15686,3.0755E-5
15687,5.0487E-5
15688,2.5862E-5
15689,2.6559E-5
15690,2.7263E-5
15691,6.637E-6
15692,6.4972E-5
15693,1.6917E-5
15694,3.026E-5
15695,4.2711E-5
15696,2.4212E-5
15697,3.2736E-5
15698,3.3583E-5
15699,4.0357E-5
15700,1.09E-7
15701,2.2579E-5
15702,2.091E-5
15703,2.611E-5
15704,4.4079E-5
15705,2.63E-5
15706,2.1315E-5
15707,3.5562E-5
15708,4.4206E-5
15709,1.8398E-5
15710,3.7465E-5
15711,7.327E-6
15712,4.2112E-5
15713,2.6832E-5
15714,3.2906E-5
15715,1.321E-5
15716,2.1279E-5
15717,3.8343E-5
15718,1.1929E-5
15719,2.5791E-5
15720,5.4125E-5
15721,3.0206E-5
15722,1.07E-7
15723,5.9471E-5
15724,3.0825E-5
15725,3.3726E-5
15726,2.4342E-5
15727,1.6853E-5
15728,2.3454E-5
15729,4.128E-5
15730,7.8379E-5
15731,8.605E-6
15732,4.4541E-5
15733,9.1471E-5
15734,1.06E-7
15735,3.5575E-5
15736,1.5348E-5
15737,3.5157E-5
15738,4.77E-5
15739,3.4848E-5
15740,5.354E-5
15741,5.0209E-5
15742,0.004476855
15743,3.4184E-5
15744,1.2084E-5
15745,2.2821E-5
15746,1.06E-7
15747,4.084E-5
15748,2.9041E-5
15749,2.9307E-5
15750,2.5189E-5
15751,2.0878E-5
15752,1.9062E-5
15753,3.7816E-5
15754,2.4517E-5
15755,5.5337E-5
15756,1.8167E-5
15757,1.15E-7
15758,1.1296E-5
15759,3.0306E-5
15760,2.4691E-5
15761,1.448E-5
15762,1.8777E-5
15763,1.0053E-5
15764,1.3754E-5
15765,1.06E-7
15766,3.7364E-5
15767,1.7412E-5
15768,2.7656E-5
15769,5.973E-5
15770,1.6558E-5
15771,3.2017E-5
15772,3.1873E-5
15773,1.3361E-5
15774,3.7335E-5
15775,6.3975E-5
15776,3.1861E-5
15777,3.9789E-5
15778,1.885E-5
15779,1.1518E-5
15780,2.6423E-5
15781,2.9958E-5
15782,4.5483E-5
15783,4.8712E-5
15784,2.0034E-5
15785,1.6744E-5
15786,4.7093E-5
15787,1.04E-7
15788,2.4875E-5
15789,1.1994E-5
15790,3.3327E-5
15791,2.2157E-5
15792,2.8177E-5
15793,4.9005E-5
15794,2.3277E-5
15795,5.7907E-5
15796,3.3211E-5
15797,5.3776E-5
15798,2.6533E-5
15799,3.1323E-5
15800,5.3785E-5
15801,3.9626E-5
15802,1.6744E-5
15803,1.1324E-5
15804,1.9752E-5
15805,2.3609E-5
15806,1.7968E-5
15807,5.2704E-5
15808,7.145E-5
15809,5.887E-5
15810,1.6259E-5
15811,1.4289E-5
15812,1.8825E-5
15813,2.8165E-5
15814,4.6405E-5
15815,2.8837E-5
15816,2.6783E-5
15817,4.0912E-5
15818,1.8615E-5
15819,6.4915E-5
15820,4.6084E-5
15821,2.4886E-5
15822,6.4123E-5
15823,1.08E-7
15824,1.7111E-5
15825,0.012386695
15826,5.1945E-5
15827,3.9812E-5
15828,1.0915E-5
15829,3.4965E-5
15830,3.2911E-5
15831,7.3813E-5
15832,1.3724E-5
15833,2.3487E-5
15834,3.1816E-5
15835,1.09E-7
15836,2.9915E-5
15837,2.5076E-5
15838,9.5E-8
15839,4.0283E-5
15840,5.3249E-5
15841,3.7821E-5
15842,1.5032E-5
15843,5.7306E-5
15844,5.9434E-5
15845,3.138E-5
15846,1.904E-5
15847,1.07E-7
15848,4.1036E-5
15849,2.6359E-5
15850,5.0019E-5
15851,3.031E-5
15852,2.3174E-5
15853,2.5602E-5
15854,2.6752E-5
15855,3.4946E-5
15856,4.8011E-5
15857,4.3986E-5
15858,2.6441E-5
15859,2.0853E-5
15860,1.7161E-5
15861,3.5875E-5
15862,2.0389E-5
15863,4.587E-5
15864,4.6576E-5
15865,5.0234E-5
15866,3.9345E-5
15867,1.3716E-5
15868,4.3521E-5
15869,3.4597E-5
15870,4.5526E-5
15871,5.7808E-5
15872,4.2864E-5
15873,4.4594E-5
15874,1.1994E-5
15875,2.5288E-5
15876,4.9074E-5
15877,3.7957E-5
15878,3.019E-5
15879,5.0033E-5
15880,4.2767E-5
15881,4.3261E-5
15882,3.3456E-5
15883,2.0238E-5
15884,3.8309E-5
15885,2.3337E-5
15886,7.1751E-5
15887,5.631E-5
15888,1.03E-7
15889,4.7762E-5
15890,3.8026E-5
15891,1.9316E-5
15892,1.9919E-5
15893,3.6917E-5
15894,3.575E-5
15895,1.8149E-5
15896,5.6756E-5
15897,2.2366E-5
15898,1.1639E-5
15899,1.2787E-5
15900,1.9731E-5
15901,1.06E-7
15902,2.172E-5
15903,2.0116E-5
15904,1.7053E-5
15905,2.3501E-5
15906,2.3464E-5
15907,4.2722E-5
15908,1.4803E-5
15909,3.3835E-5
15910,5.2485E-5
15911,1.161E-5
15912,4.357E-5
15913,2.9696E-5
15914,4.4977E-5
15915,4.384E-5
15916,2.4589E-5
15917,1.3709E-5
15918,1.5461E-5
15919,3.4609E-5
15920,2.2803E-5
15921,2.5983E-5
15922,2.0643E-5
15923,2.1324E-5
15924,3.8579E-5
15925,2.9877E-5
15926,5.7552E-5
15927,4.4716E-5
15928,2.5706E-5
15929,3.1728E-5
15930,3.3559E-5
15931,2.9111E-5
15932,2.2215E-5
15933,2.7434E-5
15934,1.289E-5
15935,8.408E-6
15936,5.8931E-5
15937,1.5148E-5
15938,1.9389E-5
15939,4.2055E-5
15940,3.1679E-5
15941,3.8671E-5
15942,3.6742E-5
15943,1.0534E-5
15944,2.1232E-5
15945,2.8141E-5
15946,2.1059E-5
15947,5.2601E-5
15948,2.1935E-5
15949,4.8711E-5
15950,3.1614E-5
15951,2.6071E-5
15952,4.315E-5
15953,2.0573E-5
15954,1.09E-7
15955,1.8239E-5
15956,1.3318E-5
15957,2.8302E-5
15958,3.7858E-5
15959,1.9629E-5
15960,1.0734E-5
15961,1.0905E-5
15962,3.7233E-5
15963,3.4099E-5
15964,2.771E-5
15965,4.1334E-5
15966,3.2954E-5
15967,1.9339E-5
15968,2.4845E-5
15969,1.8429E-5
15970,4.5768E-5
15971,1.01E-7
15972,2.7348E-5
15973,2.3026E-5
15974,3.046E-5
15975,3.7198E-5
15976,1.5234E-5
15977,8.895E-5
15978,2.5964E-5
15979,1.19E-7
15980,5.1069E-5
15981,2.8552E-5
15982,4.1658E-5
15983,3.7252E-5
15984,2.0906E-5
15985,1.9928E-5
15986,1.8643E-5
15987,2.9497E-5
15988,3.0375E-5
15989,1.1615E-5
15990,2.1845E-5
15991,3.3822E-5
15992,3.77E-5
15993,3.6038E-5
15994,2.8961E-5
15995,2.3884E-5
15996,2.8879E-5
15997,3.0566E-5
15998,4.2724E-5
15999,1.9834E-5
16000,2.3291E-5
16001,3.4836E-5
16002,2.0844E-5
16003,1.3016E-5
16004,4.0917E-5
16005,3.1049E-5
16006,2.2647E-5
16007,2.8986E-5
16008,2.3717E-5
16009,2.5703E-5
16010,3.3643E-5
16011,3.8001E-5
16012,4.1103E-5
16013,1.35E-7
16014,4.9957E-5
16015,1.4661E-5
16016,4.0265E-5
16017,3.1643E-5
16018,1.2503E-5
16019,3.0824E-5
16020,2.0018E-5
16021,3.3082E-5
16022,4.0707E-5
16023,2.2529E-5
16024,3.343E-5
16025,4.1137E-5
16026,2.7416E-5
16027,4.7064E-5
16028,1.8874E-5
16029,3.5903E-5
16030,4.7087E-5
16031,5.2819E-5
16032,1.1373E-5
16033,5.2973E-5
16034,3.3491E-5
16035,5.9785E-5
16036,6.1256E-5
16037,4.2119E-5
16038,3.5475E-5
16039,2.7111E-5
16040,2.3545E-5
16041,1.6356E-5
16042,1.3758E-5
16043,1.1849E-5
16044,5.8098E-5
16045,1.3197E-5
16046,1.0668E-5
16047,2.0633E-5
16048,3.5128E-5
16049,1.8666E-5
16050,1.2028E-5
16051,2.2615E-5
16052,1.14E-7
16053,8.055E-6
16054,3.7448E-5
16055,3.0659E-5
16056,1.4639E-5
16057,4.3271E-5
16058,2.8292E-5
16059,1.6038E-5
16060,2.7405E-5
16061,3.6551E-5
16062,3.2791E-5
16063,6.2206E-5
16064,1.082E-5
16065,6.4095E-5
16066,9.8E-8
16067,4.8514E-5
16068,1.5752E-5
16069,7.7566E-5
16070,1.46E-7
16071,4.4265E-5
16072,4.6739E-5
16073,1.0E-7
16074,4.5723E-5
16075,5.319E-5
16076,3.8645E-5
16077,1.7757E-5
16078,1.156E-5
16079,1.7311E-5
16080,5.4373E-5
16081,1.399E-5
16082,1.1662E-5
16083,4.3442E-5
16084,4.9524E-5
16085,4.0379E-5
16086,2.1598E-5
16087,4.6235E-5
16088,9.855E-6
16089,6.6271E-5
16090,1.2003E-5
16091,1.2173E-5
16092,5.5402E-5
16093,3.5285E-5
16094,5.4737E-5
16095,3.8809E-5
16096,2.5456E-5
16097,3.6315E-5
16098,3.2644E-5
16099,3.0299E-5
16100,3.75E-5
16101,3.7802E-5
16102,5.0735E-5
16103,1.01E-7
16104,9.7E-8
16105,2.9807E-5
16106,4.8142E-5
16107,4.7361E-5
16108,2.7714E-5
16109,4.1586E-5
16110,1.0292E-5
16111,5.4678E-5
16112,3.3384E-5
16113,7.7822E-5
16114,4.2766E-5
16115,4.5189E-5
16116,3.2051E-5
16117,5.9689E-5
16118,2.9905E-5
16119,2.3614E-5
16120,1.7023E-5
16121,4.2294E-5
16122,2.3865E-5
16123,2.3666E-5
16124,4.4401E-5
16125,3.9083E-5
16126,8.1E-6
16127,1.9221E-5
16128,1.5838E-5
16129,2.366E-5
16130,2.3485E-5
16131,5.8572E-5
16132,1.19E-7
16133,2.8024E-5
16134,3.5048E-5
16135,2.5373E-5
16136,2.2112E-5
16137,4.4823E-5
16138,3.8318E-5
16139,6.2689E-5
16140,2.948E-5
16141,3.6498E-5
16142,7.1427E-5
16143,9.341E-6
16144,4.3822E-5
16145,1.2156E-5
16146,4.4912E-5
16147,4.1514E-5
16148,1.9792E-5
16149,8.1908E-5
16150,2.883E-5
16151,1.1266E-5
16152,2.937E-5
16153,3.4978E-5
16154,2.2805E-5
16155,2.2384E-5
16156,5.2056E-5
16157,2.3597E-5
16158,4.3591E-5
16159,1.0833E-5
16160,4.215E-5
16161,1.4648E-5
16162,2.6629E-5
16163,1.4897E-5
16164,5.4397E-5
16165,3.9245E-5
16166,5.8779E-5
16167,8.547E-6
16168,1.12E-7
16169,5.5071E-5
16170,1.4811E-5
16171,2.8451E-5
16172,5.6874E-5
16173,2.1942E-5
16174,1.3738E-5
16175,3.8761E-5
16176,1.3115E-5
16177,1.4178E-5
16178,1.3365E-5
16179,2.2086E-5
16180,3.8394E-5
16181,2.5428E-5
16182,0.001701867
16183,1.3333E-5
16184,3.878E-5
16185,2.8261E-5
16186,2.1948E-5
16187,4.9358E-5
16188,4.731E-5
16189,1.07E-7
16190,5.8645E-5
16191,1.00266E-4
16192,1.0E-7
16193,1.15E-7
16194,3.9303E-5
16195,4.318E-5
16196,3.0826E-5
16197,3.4072E-5
16198,3.4329E-5
16199,3.7537E-5
16200,5.3634E-5
16201,1.5077E-5
16202,2.7261E-5
16203,2.0355E-5
16204,2.1642E-5
16205,2.7495E-5
16206,1.1E-7
16207,3.756E-5
16208,3.1475E-5
16209,5.8322E-5
16210,2.5557E-5
16211,2.3828E-5
16212,3.8436E-5
16213,4.7914E-5
16214,1.0441E-5
16215,2.0039E-5
16216,3.8059E-5
16217,4.9206E-5
16218,8.5138E-5
16219,1.0659E-5
16220,7.0707E-5
16221,6.2513E-5
16222,3.6358E-5
16223,5.3132E-5
16224,3.3334E-5
16225,2.8509E-5
16226,6.5272E-5
16227,1.06E-7
16228,1.3888E-5
16229,3.1535E-5
16230,1.4697E-5
16231,4.8115E-5
16232,5.8273E-5
16233,1.08E-7
16234,2.8752E-5
16235,4.806E-5
16236,1.01E-7
16237,2.6369E-5
16238,2.4422E-5
16239,2.1382E-5
16240,9.5E-8
16241,7.4627E-5
16242,1.8348E-5
16243,3.3727E-5
16244,2.9362E-5
16245,2.4077E-5
16246,4.4948E-5
16247,5.7792E-5
16248,5.5742E-5
16249,9.3E-8
16250,2.8877E-5
16251,7.5226E-5
16252,4.4929E-5
16253,3.6059E-5
16254,2.1066E-5
16255,2.0248E-5
16256,7.3939E-5
16257,2.3965E-5
16258,3.392E-5
16259,2.6714E-5
16260,2.8174E-5
16261,2.8399E-5
16262,1.2731E-5
16263,3.6155E-5
16264,2.8541E-5
16265,3.5911E-5
16266,2.6376E-5
16267,5.5764E-5
16268,2.1775E-5
16269,1.8666E-5
16270,2.5846E-5
16271,5.2067E-5
16272,4.2865E-5
16273,2.9123E-5
16274,5.8059E-5
16275,3.0754E-5
16276,2.8923E-5
16277,0.009999438
16278,3.4989E-5
16279,2.4934E-5
16280,3.1965E-5
16281,2.2943E-5
16282,5.8191E-5
16283,4.4987E-5
16284,4.7613E-5
16285,1.8352E-5
16286,3.4611E-5
16287,1.1438E-5
16288,4.8512E-5
16289,5.6436E-5
16290,4.6288E-5
16291,4.5019E-5
16292,4.3809E-5
16293,1.06E-7
16294,4.2642E-5
16295,4.3404E-5
16296,4.5037E-5
16297,4.4252E-5
16298,2.7446E-5
16299,2.0821E-5
16300,9.917E-6
16301,3.404E-5
16302,2.8048E-5
16303,2.9736E-5
16304,1.9618E-5
16305,1.9371E-5
16306,3.3429E-5
16307,5.633E-5
16308,8.987E-6
16309,2.9433E-5
16310,2.1752E-5
16311,1.8811E-5
16312,3.7482E-5
16313,2.0281E-5
16314,9.287E-6
16315,2.6743E-5
16316,2.0731E-5
16317,1.4199E-5
16318,1.1963E-5
16319,3.2073E-5
16320,3.2611E-5
16321,4.1678E-5
16322,2.6505E-5
16323,6.4481E-5
16324,3.2439E-5
16325,2.6445E-5
16326,9.115E-6
16327,2.2962E-5
16328,2.2692E-5
16329,3.1032E-5
16330,2.9928E-5
16331,7.0747E-5
16332,3.0218E-5
16333,1.5978E-5
16334,1.1717E-5
16335,4.0771E-5
16336,4.3899E-5
16337,9.679E-6
16338,5.444E-5
16339,4.47E-5
16340,1.7136E-5
16341,2.9393E-5
16342,1.0811E-5
16343,4.6677E-5
16344,1.3629E-5
16345,2.1939E-5
16346,1.934E-5
16347,1.53E-7
16348,0.011797358
16349,5.5692E-5
16350,9.8E-8
16351,3.5566E-5
16352,3.8079E-5
16353,2.5705E-5
16354,5.3069E-5
16355,4.742E-5
16356,2.7205E-5
16357,3.675E-5
16358,3.1927E-5
16359,4.5543E-5
16360,3.3391E-5
16361,0.008248721
16362,2.1758E-5
16363,3.3512E-5
16364,1.804E-5
16365,1.0755E-5
16366,3.1552E-5
16367,2.9531E-5
16368,4.3673E-5
16369,1.0291E-5
16370,6.6484E-5
16371,3.453E-5
16372,3.1592E-5
16373,1.1E-7
16374,1.4492E-5
16375,8.9617E-5
16376,4.2089E-5
16377,1.7527E-5
16378,1.74267E-4
16379,1.4615E-5
16380,4.3883E-5
16381,2.9341E-5
16382,1.0471E-5
16383,2.2258E-5
16384,3.6916E-5
16385,3.6687E-5
16386,5.6507E-5
16387,4.6778E-5
16388,4.6866E-5
16389,3.4695E-5
16390,1.6748E-5
16391,4.3196E-5
16392,2.794E-5
16393,1.1458E-5
16394,4.7696E-5
16395,5.3011E-5
16396,4.7328E-5
16397,5.7107E-5
16398,1.1E-7
16399,1.12E-7
16400,2.3046E-5
16401,1.8259E-5
16402,5.6502E-5
16403,4.5331E-5
16404,1.8748E-5
16405,3.0967E-5
16406,4.9815E-5
16407,3.9658E-5
16408,1.1617E-5
16409,2.7387E-5
16410,4.3099E-5
16411,5.656E-5
16412,3.0133E-5
16413,2.9789E-5
16414,3.7497E-5
16415,2.5415E-5
16416,4.3005E-5
16417,1.5852E-5
16418,1.9036E-5
16419,2.9634E-5
16420,8.628E-5
16421,3.3303E-5
16422,2.5003E-5
16423,9.9E-8
16424,4.199E-5
16425,2.0287E-5
16426,4.8406E-5
16427,1.37E-5
16428,1.31E-7
16429,6.8353E-5
16430,1.2794E-5
16431,1.07E-7
16432,3.7079E-5
16433,3.3396E-5
16434,9.717E-6
16435,3.7364E-5
16436,5.1762E-5
16437,3.7128E-5
16438,7.6417E-5
16439,1.04E-7
16440,3.2956E-5
16441,2.6379E-5
16442,1.3446E-5
16443,1.1425E-5
16444,1.2321E-5
16445,3.2688E-5
16446,3.2017E-5
16447,4.6853E-5
16448,9.6E-8
16449,3.7799E-5
16450,2.5785E-5
16451,2.9615E-5
16452,1.02E-7
16453,2.4364E-5
16454,1.4415E-5
16455,2.8695E-5
16456,3.6499E-5
16457,3.4467E-5
16458,6.3572E-5
16459,5.1328E-5
16460,1.2499E-5
16461,2.3111E-5
16462,1.7969E-5
16463,4.7932E-5
16464,3.2366E-5
16465,2.4552E-5
16466,3.7284E-5
16467,3.4438E-5
16468,1.1332E-5
16469,3.6097E-5
16470,2.7852E-5
16471,2.3064E-5
16472,2.6218E-5
16473,3.8799E-5
16474,3.8462E-5
16475,3.4592E-5
16476,3.2167E-5
16477,1.3169E-5
16478,3.6519E-5
16479,2.9864E-5
16480,1.7991E-5
16481,1.8547E-5
16482,2.2917E-5
16483,1.0E-7
16484,2.0829E-5
16485,3.6067E-5
16486,4.9975E-5
16487,4.2895E-5
16488,4.0326E-5
16489,4.0438E-5
16490,3.9235E-5
16491,2.2349E-5
16492,1.14E-7
16493,1.0724E-5
16494,2.0931E-5
16495,3.4078E-5
16496,4.8861E-5
16497,4.2136E-5
16498,2.5787E-5
16499,3.9022E-5
16500,5.6259E-5
16501,2.6361E-5
16502,2.6858E-5
16503,9.8E-8
16504,1.0E-7
16505,5.5583E-5
16506,2.1947E-5
16507,9.668E-6
16508,3.7899E-5
16509,1.2748E-5
16510,4.3824E-5
16511,3.5464E-5
16512,1.9159E-5
16513,4.0223E-5
16514,4.4808E-5
16515,2.7186E-5
16516,3.3268E-5
16517,1.19E-7
16518,3.1739E-5
16519,3.6387E-5
16520,4.1395E-5
16521,2.1611E-5
16522,6.977E-5
16523,4.9433E-5
16524,3.1828E-5
16525,2.7931E-5
16526,2.5405E-5
16527,3.0524E-5
16528,3.539E-5
16529,1.8502E-5
16530,3.0755E-5
16531,4.3109E-5
16532,3.0312E-5
16533,1.0346E-5
16534,5.3388E-5
16535,3.4574E-5
16536,1.01E-7
16537,2.2914E-5
16538,6.78E-6
16539,3.993E-5
16540,1.728E-5
16541,7.993E-6
16542,5.8577E-5
16543,4.4879E-5
16544,2.7471E-5
16545,3.1993E-5
16546,1.5635E-5
16547,3.2449E-5
16548,5.2641E-5
16549,3.9083E-5
16550,5.1976E-5
16551,1.8499E-5
16552,1.7281E-5
16553,2.9342E-5
16554,3.2313E-5
16555,3.0689E-5
16556,6.2406E-5
16557,1.5113E-5
16558,4.7548E-5
16559,3.3306E-5
16560,5.5176E-5
16561,3.6351E-5
16562,2.2629E-5
16563,1.1783E-5
16564,6.6246E-5
16565,1.6339E-5
16566,2.7819E-5
16567,1.1143E-5
16568,7.0439E-5
16569,6.6517E-5
16570,2.3971E-5
16571,1.9488E-5
16572,4.8777E-5
16573,2.5875E-5
16574,3.1772E-5
16575,4.1938E-5
16576,3.1835E-5
16577,6.6638E-5
16578,3.2377E-5
16579,4.0221E-5
16580,3.3615E-5
16581,2.9394E-5
16582,2.3802E-5
16583,3.6135E-5
16584,3.3123E-5
16585,3.3209E-5
16586,3.943E-5
16587,3.4686E-5
16588,2.1374E-5
16589,4.1025E-5
16590,1.6281E-5
16591,3.2937E-5
16592,3.225E-5
16593,2.0997E-5
16594,3.8021E-5
16595,4.3001E-5
16596,1.3518E-5
16597,2.6199E-5
16598,1.2523E-5
16599,5.9064E-5
16600,5.2641E-5
16601,3.731E-5
16602,2.8979E-5
16603,3.9897E-5
16604,3.0219E-5
16605,2.5614E-5
16606,3.5386E-5
16607,1.6449E-5
16608,7.4104E-5
16609,9.846E-6
16610,3.0598E-5
16611,4.9563E-5
16612,5.9967E-5
16613,3.327E-5
16614,9.013E-6
16615,1.843E-5
16616,1.38E-7
16617,2.4102E-5
16618,2.6329E-5
16619,2.3484E-5
16620,4.4118E-5
16621,4.5501E-5
16622,3.344E-5
16623,2.9268E-5
16624,4.357E-5
16625,5.6129E-5
16626,3.6055E-5
16627,3.0508E-5
16628,3.935E-5
16629,5.9576E-5
16630,4.0934E-5
16631,4.6131E-5
16632,7.692E-6
16633,3.9603E-5
16634,2.5526E-5
16635,1.5456E-5
16636,3.5012E-5
16637,4.8235E-5
16638,1.09E-7
16639,1.9191E-5
16640,6.0914E-5
16641,3.0409E-5
16642,3.5561E-5
16643,4.0653E-5
16644,1.0391E-5
16645,2.5482E-5
16646,4.2537E-5
16647,2.0058E-5
16648,1.23E-7
16649,1.8641E-5
16650,2.5943E-5
16651,3.2882E-5
16652,6.0838E-5
16653,2.5596E-5
16654,2.3356E-5
16655,2.094E-5
16656,3.2705E-5
16657,5.274E-5
16658,4.1043E-5
16659,4.9928E-5
16660,4.2314E-5
16661,2.4941E-5
16662,2.7155E-5
16663,1.07E-7
16664,3.5766E-5
16665,6.1962E-5
16666,2.3538E-5
16667,4.4951E-5
16668,8.262E-6
16669,4.6275E-5
16670,2.2946E-5
16671,3.3023E-5
16672,3.8005E-5
16673,5.7184E-5
16674,1.5171E-5
16675,3.1137E-5
16676,5.6345E-5
16677,4.3822E-5
16678,2.1501E-5
16679,3.4087E-5
16680,3.3556E-5
16681,3.0333E-5
16682,4.8233E-5
16683,3.2886E-5
16684,2.655E-5
16685,5.8135E-5
16686,3.7786E-5
16687,7.6802E-5
16688,1.3533E-5
16689,6.4432E-5
16690,2.928E-5
16691,1.2941E-5
16692,1.22E-5
16693,1.4176E-5
16694,1.9346E-5
16695,3.6442E-5
16696,5.493E-5
16697,4.5852E-5
16698,1.5729E-5
16699,3.273E-5
16700,4.7936E-5
16701,3.0143E-5
16702,4.0786E-5
16703,3.1502E-5
16704,3.0267E-5
16705,4.3003E-5
16706,2.5268E-5
16707,1.17E-7
16708,1.5657E-5
16709,4.6818E-5
16710,4.8305E-5
16711,2.9773E-5
16712,2.6031E-5
16713,3.6635E-5
16714,8.588E-6
16715,1.3999E-5
16716,2.8959E-5
16717,3.4768E-5
16718,2.4497E-5
16719,5.0408E-5
16720,2.157E-5
16721,3.5888E-5
16722,5.1274E-5
16723,7.0282E-5
16724,2.845E-5
16725,5.0492E-5
16726,1.2202E-5
16727,3.4449E-5
16728,2.9812E-5
16729,1.0754E-5
16730,1.6451E-5
16731,3.8966E-5
16732,4.7348E-5
16733,1.2499E-5
16734,2.1557E-5
16735,4.4225E-5
16736,2.9561E-5
16737,4.3313E-5
16738,5.0248E-5
16739,2.496E-5
16740,2.8738E-5
16741,2.9846E-5
16742,4.0662E-5
16743,1.0524E-5
16744,3.414E-5
16745,1.04E-7
16746,4.3252E-5
16747,5.069E-5
16748,1.6583E-5
16749,3.9021E-5
16750,1.4512E-5
16751,3.8889E-5
16752,3.4492E-5
16753,1.8801E-5
16754,3.8456E-5
16755,1.6965E-5
16756,2.2278E-5
16757,4.2781E-5
16758,4.7652E-5
16759,1.6757E-5
16760,5.3562E-5
16761,2.5779E-5
16762,2.9346E-5
16763,5.0766E-5
16764,5.4176E-5
16765,1.15E-7
16766,2.129E-5
16767,4.7208E-5
16768,1.0159E-5
16769,3.0367E-5
16770,1.7087E-5
16771,9.9E-8
16772,6.9348E-5
16773,2.6445E-5
16774,1.6229E-5
16775,1.7912E-5
16776,2.8075E-5
16777,5.4459E-5
16778,2.6461E-5
16779,7.293E-6
16780,4.8994E-5
16781,1.6526E-5
16782,3.5834E-5
16783,3.5012E-5
16784,1.9727E-5
16785,1.4485E-5
16786,1.2215E-5
16787,2.527E-5
16788,3.4509E-5
16789,7.6829E-5
16790,5.9804E-5
16791,4.3337E-5
16792,4.3542E-5
16793,6.9306E-5
16794,4.3999E-5
16795,2.7E-7
16796,2.492E-5
16797,1.9127E-5
16798,3.9889E-5
16799,4.7272E-5
16800,2.6664E-5
16801,4.9713E-5
16802,5.1849E-5
16803,4.2076E-5
16804,4.8679E-5
16805,6.4975E-5
16806,2.7485E-5
16807,3.5094E-5
16808,1.9689E-5
16809,4.1147E-5
16810,1.8587E-5
16811,1.1548E-5
16812,1.2369E-5
16813,3.2306E-5
16814,6.2825E-5
16815,6.0446E-5
16816,3.6595E-5
16817,8.527E-6
16818,1.3559E-5
16819,2.7591E-5
16820,3.0879E-5
16821,3.9264E-5
16822,7.0386E-5
16823,3.0934E-5
16824,3.2762E-5
16825,2.1411E-5
16826,2.0867E-5
16827,7.0373E-5
16828,4.2521E-5
16829,6.1792E-5
16830,2.4383E-5
16831,2.2642E-5
16832,2.3831E-5
16833,2.8093E-5
16834,1.1374E-5
16835,4.1066E-5
16836,6.035E-5
16837,3.876E-5
16838,3.6542E-5
16839,3.1425E-5
16840,9.9E-8
16841,1.2E-7
16842,3.5762E-5
16843,4.4742E-5
16844,1.3957E-5
16845,4.329E-5
16846,3.8079E-5
16847,1.7466E-5
16848,3.1822E-5
16849,2.2215E-5
16850,4.0794E-5
16851,9.325E-6
16852,3.0715E-5
16853,7.43E-5
16854,2.6177E-5
16855,6.2692E-5
16856,2.5557E-5
16857,2.5308E-5
16858,1.0E-7
16859,2.5672E-5
16860,3.3806E-5
16861,1.05E-7
16862,5.0658E-5
16863,4.8399E-5
16864,3.0052E-5
16865,1.4234E-5
16866,1.08E-7
16867,5.4289E-5
16868,4.3744E-5
16869,1.1653E-5
16870,1.32E-7
16871,1.1688E-5
16872,3.4989E-5
16873,2.3546E-5
16874,4.6387E-5
16875,2.7034E-5
16876,3.3118E-5
16877,4.2195E-5
16878,5.3977E-5
16879,2.2574E-5
16880,1.1131E-5
16881,3.9394E-5
16882,1.6237E-5
16883,1.5844E-5
16884,4.56E-5
16885,1.09E-7
16886,3.2137E-5
16887,1.6651E-5
16888,3.6612E-5
16889,2.3657E-5
16890,2.6947E-5
16891,2.1112E-5
16892,6.1326E-5
16893,4.6715E-5
16894,3.4642E-5
16895,2.4997E-5
16896,4.1963E-5
16897,3.9427E-5
16898,1.8269E-5
16899,2.4056E-5
16900,4.8357E-5
16901,5.2922E-5
16902,3.469E-5
16903,4.5059E-5
16904,1.01E-7
16905,1.01E-7
16906,1.08E-7
16907,4.2146E-5
16908,3.2055E-5
16909,2.7773E-5
16910,5.8476E-5
16911,3.429E-5
16912,4.1698E-5
16913,5.0531E-5
16914,1.1509E-5
16915,3.1824E-5
16916,1.7905E-5
16917,3.8618E-5
16918,2.9338E-5
16919,6.8431E-5
16920,3.6787E-5
16921,3.2806E-5
16922,2.4552E-5
16923,3.0904E-5
16924,8.929E-6
16925,2.3942E-5
16926,2.1354E-5
16927,3.6708E-5
16928,1.6327E-5
16929,6.1827E-5
16930,3.2583E-5
16931,6.7895E-5
16932,3.6927E-5
16933,3.6516E-5
16934,4.0369E-5
16935,2.6972E-5
16936,2.8844E-5
16937,4.4125E-5
16938,4.862E-5
16939,1.7359E-5
16940,6.1097E-5
16941,4.3232E-5
16942,1.3888E-5
16943,3.0765E-5
16944,5.1581E-5
16945,1.08E-7
16946,3.9439E-5
16947,3.9657E-5
16948,3.981E-5
16949,4.8508E-5
16950,4.8178E-5
16951,3.9747E-5
16952,1.7404E-5
16953,4.9921E-5
16954,4.1721E-5
16955,4.3324E-5
16956,5.4483E-5
16957,1.13E-7
16958,0.010587248
16959,4.3815E-5
16960,1.17E-7
16961,4.3207E-5
16962,5.0393E-5
16963,3.5937E-5
16964,4.1594E-5
16965,7.1652E-5
16966,5.3362E-5
16967,3.1771E-5
16968,2.6718E-5
16969,3.0097E-5
16970,2.8439E-5
16971,2.7991E-5
16972,3.6151E-5
16973,2.3924E-5
16974,3.0E-5
16975,1.7438E-5
16976,1.7311E-5
16977,2.8829E-5
16978,4.6905E-5
16979,1.9731E-5
16980,2.4326E-5
16981,3.2633E-5
16982,9.462E-6
16983,1.4076E-5
16984,6.7059E-5
16985,3.4892E-5
16986,1.14E-7
16987,2.132E-5
16988,5.0389E-5
16989,1.2017E-5
16990,3.9974E-5
16991,2.6849E-5
16992,5.3321E-5
16993,7.3222E-5
16994,3.3286E-5
16995,4.3027E-5
16996,2.0662E-5
16997,1.6457E-5
16998,2.194E-5
16999,4.1435E-5
17000,4.9116E-5
17001,1.02E-7
17002,1.8532E-5
17003,4.2989E-5
17004,1.2E-7
17005,4.9007E-5
17006,1.05E-7
17007,2.8204E-5
17008,2.5249E-5
17009,2.8229E-5
17010,5.7583E-5
17011,5.3276E-5
17012,1.7225E-5
17013,4.0609E-5
17014,3.4147E-5
17015,8.9584E-5
17016,1.3152E-5
17017,3.9367E-5
17018,2.736E-5
17019,3.4528E-5
17020,4.3577E-5
17021,1.2555E-5
17022,3.7606E-5
17023,1.242E-5
17024,3.3549E-5
17025,3.2117E-5
17026,7.0624E-5
17027,5.9051E-5
17028,1.9167E-5
17029,3.6816E-5
17030,1.3921E-5
17031,4.7948E-5
17032,7.0335E-5
17033,5.0125E-5
17034,1.5184E-5
17035,4.1163E-5
17036,1.4766E-5
17037,4.6961E-5
17038,1.1895E-5
17039,4.2398E-5
17040,4.8314E-5
17041,1.6765E-5
17042,3.9865E-5
17043,2.3286E-5
17044,4.895E-5
17045,6.6249E-5
17046,2.9119E-5
17047,3.3578E-5
17048,2.1909E-5
17049,6.4031E-5
17050,1.6221E-5
17051,4.641E-5
17052,1.3427E-5
17053,1.3725E-5
17054,6.925E-6
17055,2.601E-5
17056,4.0322E-5
17057,2.7782E-5
17058,2.8076E-5
17059,4.6875E-5
17060,5.4745E-5
17061,3.4767E-5
17062,4.3005E-5
17063,2.0598E-5
17064,3.0946E-5
17065,5.8934E-5
17066,2.3988E-5
17067,4.4465E-5
17068,2.9447E-5
17069,9.795E-6
17070,3.0766E-5
17071,6.2945E-5
17072,1.15348E-4
17073,5.065E-5
17074,5.2425E-5
17075,5.1473E-5
17076,8.0487E-5
17077,2.8226E-5
17078,3.1939E-5
17079,2.2367E-5
17080,4.4375E-5
17081,4.0116E-5
17082,3.0563E-5
17083,1.4611E-5
17084,6.2194E-5
17085,2.9084E-5
17086,1.9173E-5
17087,1.9715E-5
17088,2.728E-5
17089,2.4592E-5
17090,1.9762E-5
17091,3.6096E-5
17092,4.1601E-5
17093,4.8721E-5
17094,2.0336E-5
17095,6.3002E-5
17096,3.1095E-5
17097,1.11E-7
17098,2.5157E-5
17099,4.0264E-5
17100,3.6896E-5
17101,2.7559E-5
17102,1.5991E-5
17103,6.7809E-5
17104,2.5311E-5
17105,3.5927E-5
17106,1.1571E-5
17107,6.8518E-5
17108,9.8E-8
17109,3.0575E-5
17110,3.1895E-5
17111,3.7177E-5
17112,3.9101E-5
17113,4.1664E-5
17114,4.0037E-5
17115,3.9901E-5
17116,2.292E-5
17117,5.3216E-5
17118,1.2561E-5
17119,1.05E-7
17120,5.3425E-5
17121,7.232E-6
17122,2.0605E-5
17123,4.3403E-5
17124,3.6438E-5
17125,5.2284E-5
17126,3.7908E-5
17127,2.0025E-5
17128,2.7856E-5
17129,4.7212E-5
17130,1.11E-7
17131,2.1964E-5
17132,1.5015E-5
17133,2.5543E-5
17134,1.4833E-5
17135,5.494E-5
17136,4.204E-5
17137,1.4462E-5
17138,7.464E-6
17139,2.555E-5
17140,2.0135E-5
17141,9.9E-8
17142,4.2293E-5
17143,3.9196E-5
17144,2.7401E-5
17145,4.4162E-5
17146,3.2283E-5
17147,3.5131E-5
17148,1.1727E-5
17149,1.4239E-5
17150,5.1353E-5
17151,3.976E-5
17152,7.195E-5
17153,2.1896E-5
17154,1.9392E-5
17155,6.461E-5
17156,1.6154E-5
17157,3.3311E-5
17158,1.8973E-5
17159,1.4079E-5
17160,6.1343E-5
17161,4.7728E-5
17162,6.9703E-5
17163,1.11E-7
17164,3.8881E-5
17165,6.583E-5
17166,2.3584E-5
17167,2.2728E-5
17168,4.3289E-5
17169,4.2685E-5
17170,4.0492E-5
17171,3.3592E-5
17172,2.4456E-5
17173,5.3978E-5
17174,3.6838E-5
17175,4.9855E-5
17176,3.3415E-5
17177,1.3133E-5
17178,4.0951E-5
17179,2.5417E-5
17180,2.4694E-5
17181,1.1191E-5
17182,3.9247E-5
17183,4.3369E-5
17184,2.312E-5
17185,2.1284E-5
17186,1.07E-7
17187,1.7996E-5
17188,4.3377E-5
17189,2.943E-5
17190,3.4029E-5
17191,4.8882E-5
17192,5.6198E-5
17193,4.94E-5
17194,7.477E-5
17195,1.9101E-5
17196,1.02E-7
17197,6.3228E-5
17198,4.628E-5
17199,3.3564E-5
17200,2.8605E-5
17201,1.29E-7
17202,1.04E-7
17203,0.398249122
17204,2.7602E-5
17205,5.3736E-5
17206,2.6646E-5
17207,7.023E-5
17208,1.6546E-5
17209,4.7642E-5
17210,2.2477E-5
17211,9.7296E-5
17212,2.3136E-5
17213,4.9072E-5
17214,4.2433E-5
17215,3.5153E-5
17216,3.6355E-5
17217,3.0131E-5
17218,5.4527E-5
17219,2.5518E-5
17220,3.444E-5
17221,3.0015E-5
17222,2.6509E-5
17223,6.5822E-5
17224,3.9645E-5
17225,2.6193E-5
17226,2.5121E-5
17227,3.8941E-5
17228,2.9327E-5
17229,3.6814E-5
17230,4.8883E-5
17231,1.8233E-5
17232,4.8706E-5
17233,4.1641E-5
17234,5.4003E-5
17235,2.2763E-5
17236,3.3127E-5
17237,1.7228E-5
17238,9.051E-6
17239,1.104E-5
17240,4.5821E-5
17241,8.59E-6
17242,5.8111E-5
17243,2.3069E-5
17244,2.1606E-5
17245,3.9834E-5
17246,4.4564E-5
17247,3.689E-5
17248,9.12E-6
17249,3.0166E-5
17250,1.4911E-5
17251,3.3956E-5
17252,2.1441E-5
17253,1.7497E-5
17254,1.3175E-5
17255,2.6492E-5
17256,4.2221E-5
17257,2.8066E-5
17258,7.2148E-5
17259,3.8621E-5
17260,6.8525E-5
17261,2.1662E-5
17262,2.7156E-5
17263,2.7659E-5
17264,5.4003E-5
17265,2.7614E-5
17266,4.1345E-5
17267,2.9609E-5
17268,2.4405E-5
17269,4.3548E-5
17270,3.4484E-5
17271,4.1211E-5
17272,5.4745E-5
17273,5.1133E-5
17274,4.2794E-5
17275,1.3957E-5
17276,5.4133E-5
17277,1.4756E-5
17278,3.4373E-5
17279,3.2735E-5
17280,4.2197E-5
17281,9.7226E-5
17282,1.01E-7
17283,2.3232E-5
17284,5.0397E-5
17285,5.5411E-5
17286,2.5503E-5
17287,4.4914E-5
17288,3.3312E-5
17289,5.1585E-5
17290,4.2537E-5
17291,3.211E-5
17292,4.821E-5
17293,4.1349E-5
17294,4.1711E-5
17295,1.3141E-5
17296,1.7786E-5
17297,3.3872E-5
17298,3.0698E-5
17299,1.299E-5
17300,4.0284E-5
17301,6.1849E-5
17302,3.6086E-5
17303,4.1746E-5
17304,4.7266E-5
17305,1.9911E-5
17306,4.627E-5
17307,2.9287E-5
17308,5.8881E-5
17309,5.0245E-5
17310,1.6549E-5
17311,3.7976E-5
17312,4.2254E-5
17313,3.5683E-5
17314,2.7515E-5
17315,6.2929E-5
17316,3.3594E-5
17317,1.06E-7
17318,4.7181E-5
17319,3.5399E-5
17320,6.9523E-5
17321,2.6155E-5
17322,1.8248E-5
17323,1.1214E-5
17324,1.6241E-5
17325,3.305E-5
17326,2.9389E-5
17327,4.9106E-5
17328,8.415E-6
17329,6.1012E-5
17330,2.8265E-5
17331,3.4353E-5
17332,2.9209E-5
17333,2.4824E-5
17334,3.4164E-5
17335,3.9612E-5
17336,2.3955E-5
17337,4.3232E-5
17338,2.2897E-5
17339,1.7943E-5
17340,1.8014E-5
17341,2.3893E-5
17342,2.2875E-5
17343,2.7879E-5
17344,1.4783E-5
17345,4.493E-5
17346,2.9375E-5
17347,5.1762E-5
17348,4.0419E-5
17349,3.8514E-5
17350,5.4798E-5
17351,1.09E-7
17352,5.0205E-5
17353,6.6994E-5
17354,2.9287E-5
17355,0.003551594
17356,3.7402E-5
17357,2.4166E-5
17358,3.4443E-5
17359,2.2944E-5
17360,3.6783E-5
17361,0.018559478
17362,1.8892E-5
17363,4.9995E-5
17364,3.9954E-5
17365,5.1011E-5
17366,4.222E-5
17367,1.12E-7
17368,4.4065E-5
17369,2.8272E-5
17370,2.1776E-5
17371,3.3305E-5
17372,2.8757E-5
17373,4.9371E-5
17374,3.3799E-5
17375,7.4733E-5
17376,1.3482E-5
17377,1.0355E-5
17378,7.9374E-5
17379,8.792E-6
17380,2.4148E-5
17381,5.2023E-5
17382,3.5458E-5
17383,5.5803E-5
17384,7.1216E-5
17385,2.3944E-5
17386,4.4842E-5
17387,4.8689E-5
17388,1.9314E-5
17389,3.5547E-5
17390,2.2915E-5
17391,2.2622E-5
17392,4.5821E-5
17393,2.9441E-5
17394,2.6864E-5
17395,2.6148E-5
17396,3.1951E-5
17397,3.2415E-5
17398,1.598E-5
17399,8.0298E-5
17400,2.7648E-5
17401,1.8632E-5
17402,3.57E-5
17403,4.5836E-5
17404,2.1818E-5
17405,2.9934E-5
17406,6.2664E-5
17407,2.5675E-5
17408,2.9267E-5
17409,1.3001E-5
17410,3.7889E-5
17411,3.4214E-5
17412,5.2161E-5
17413,6.1873E-5
17414,6.5715E-5
17415,3.985E-5
17416,4.742E-5
17417,3.2089E-5
17418,7.0238E-5
17419,4.4503E-5
17420,5.4755E-5
17421,7.7885E-5
17422,4.7931E-5
17423,2.2559E-5
17424,3.5697E-5
17425,3.9282E-5
17426,1.6877E-5
17427,2.4803E-5
17428,2.7431E-5
17429,3.0399E-5
17430,2.4623E-5
17431,2.6414E-5
17432,4.0661E-5
17433,2.1515E-5
17434,3.5125E-5
17435,3.6439E-5
17436,2.3244E-5
17437,2.6684E-5
17438,5.155E-5
17439,1.3265E-5
17440,5.5887E-5
17441,3.1465E-5
17442,4.3085E-5
17443,1.0531E-5
17444,6.3445E-5
17445,1.7904E-5
17446,5.7573E-5
17447,2.3848E-5
17448,4.9842E-5
17449,3.5102E-5
17450,9.7E-8
17451,6.6398E-5
17452,0.00381756
17453,2.3455E-5
17454,2.1495E-5
17455,2.6199E-5
17456,1.90177E-4
17457,4.5181E-5
17458,3.7466E-5
17459,3.4538E-5
17460,9.263E-6
17461,2.9557E-5
17462,2.9608E-5
17463,4.6831E-5
17464,2.2719E-5
17465,3.8389E-5
17466,4.2095E-5
17467,2.1466E-5
17468,4.4994E-5
17469,2.1705E-5
17470,3.805E-5
17471,2.8679E-5
17472,5.2294E-5
17473,2.4077E-5
17474,5.4812E-5
17475,3.2213E-5
17476,1.6008E-5
17477,3.6714E-5
17478,3.8979E-5
17479,3.5343E-5
17480,3.9989E-5
17481,2.2423E-5
17482,3.3564E-5
17483,6.3177E-5
17484,3.3199E-5
17485,1.1041E-5
17486,1.4689E-5
17487,6.8341E-5
17488,1.7346E-5
17489,1.06E-7
17490,4.2758E-5
17491,1.2578E-5
17492,4.8984E-5
17493,4.8562E-5
17494,3.9717E-5
17495,1.2755E-5
17496,4.3066E-5
17497,5.2346E-5
17498,4.7247E-5
17499,3.0963E-5
17500,3.2457E-5
17501,5.0064E-5
17502,1.6516E-5
17503,3.3475E-5
17504,2.0067E-5
17505,5.6102E-5
17506,2.3972E-5
17507,3.5883E-5
17508,2.0237E-5
17509,4.3354E-5
17510,2.9482E-5
17511,3.1714E-5
17512,1.863E-5
17513,3.2561E-5
17514,2.6517E-5
17515,1.4311E-5
17516,2.5648E-5
17517,1.5102E-5
17518,1.02E-7
17519,3.7559E-5
17520,1.04E-7
17521,2.3339E-5
17522,3.2033E-5
17523,2.5625E-5
17524,4.5417E-5
17525,7.4795E-5
17526,5.2726E-5
17527,3.5916E-5
17528,1.06E-7
17529,5.8074E-5
17530,3.5169E-5
17531,3.1118E-5
17532,4.3122E-5
17533,2.4003E-5
17534,2.8524E-5
17535,2.1671E-5
17536,8.435E-6
17537,3.346E-5
17538,2.0261E-5
17539,2.0231E-5
17540,8.48E-6
17541,3.4338E-5
17542,2.481E-5
17543,2.8325E-5
17544,2.7756E-5
17545,2.2685E-5
17546,5.3878E-5
17547,2.9524E-5
17548,1.7753E-5
17549,3.3084E-5
17550,2.571E-5
17551,9.5635E-5
17552,6.6202E-5
17553,2.1186E-5
17554,2.7557E-5
17555,2.9775E-5
17556,4.3066E-5
17557,3.4616E-5
17558,1.4029E-5
17559,3.6338E-5
17560,5.8075E-5
17561,2.4818E-5
17562,2.2843E-5
17563,1.7252E-5
17564,9.613E-6
17565,6.4284E-5
17566,1.9714E-5
17567,2.3987E-5
17568,2.8502E-5
17569,4.5777E-5
17570,3.5901E-5
17571,4.2637E-5
17572,2.8817E-5
17573,4.0904E-5
17574,1.9276E-5
17575,4.0715E-5
17576,2.6069E-5
17577,3.9276E-5
17578,1.5096E-5
17579,9.951E-6
17580,2.2691E-5
17581,4.3916E-5
17582,1.01E-7
17583,1.31E-7
17584,2.6455E-5
17585,4.6821E-5
17586,3.2801E-5
17587,3.2245E-5
17588,4.2961E-5
17589,2.5402E-5
17590,0.007951709
17591,1.4018E-5
17592,7.3187E-5
17593,2.6445E-5
17594,5.7752E-5
17595,2.1935E-5
17596,2.0545E-5
17597,3.2463E-5
17598,3.0956E-5
17599,2.4302E-5
17600,3.6719E-5
17601,4.5577E-5
17602,6.622E-6
17603,2.9384E-5
17604,4.5566E-5
17605,2.0986E-5
17606,1.877E-5
17607,2.8907E-5
17608,3.7549E-5
17609,4.9895E-5
17610,4.1042E-5
17611,2.6176E-5
17612,2.4377E-5
17613,5.5873E-5
17614,1.4657E-5
17615,1.2897E-5
17616,3.7376E-5
17617,2.6874E-5
17618,3.9566E-5
17619,3.1155E-5
17620,2.8387E-5
17621,2.9028E-5
17622,2.947E-5
17623,2.5514E-5
17624,3.807E-5
17625,3.8787E-5
17626,2.581E-5
17627,4.7533E-5
17628,6.1179E-5
17629,2.8687E-5
17630,5.878E-5
17631,3.3353E-5
17632,4.5542E-5
17633,6.2866E-5
17634,2.7688E-5
17635,2.0081E-5
17636,9.871E-6
17637,1.5931E-5
17638,2.4514E-5
17639,6.3597E-5
17640,4.4499E-5
17641,2.0133E-5
17642,5.4644E-5
17643,3.2208E-5
17644,4.5078E-5
17645,3.4933E-5
17646,2.804E-5
17647,7.3522E-5
17648,1.6399E-5
17649,3.3015E-5
17650,1.0E-7
17651,2.9212E-5
17652,3.9977E-5
17653,2.6795E-5
17654,5.3433E-5
17655,3.9606E-5
17656,4.3348E-5
17657,2.1985E-5
17658,2.1572E-5
17659,1.8798E-5
17660,5.5012E-5
17661,4.2438E-5
17662,4.357E-5
17663,2.1615E-5
17664,1.4632E-5
17665,1.02E-7
17666,2.2539E-5
17667,2.3594E-5
17668,7.1553E-5
17669,3.1202E-5
17670,5.9661E-5
17671,3.8355E-5
17672,6.7992E-5
17673,4.6498E-5
17674,2.0684E-5
17675,9.9E-8
17676,2.5938E-5
17677,3.7959E-5
17678,2.179E-5
17679,1.3597E-5
17680,2.4892E-5
17681,1.1691E-5
17682,5.3475E-5
17683,6.3624E-5
17684,1.6904E-5
17685,4.6666E-5
17686,3.8678E-5
17687,4.4598E-5
17688,2.286E-5
17689,6.3659E-5
17690,2.6208E-5
17691,4.2655E-5
17692,3.2494E-5
17693,8.239E-5
17694,4.976E-5
17695,2.5241E-5
17696,2.6069E-5
17697,2.3022E-5
17698,4.7028E-5
17699,2.6903E-5
17700,3.9346E-5
17701,5.0393E-5
17702,2.8669E-5
17703,2.3477E-5
17704,2.9001E-5
17705,1.596E-5
17706,5.6615E-5
17707,3.3099E-5
17708,1.6741E-5
17709,2.2957E-5
17710,3.2448E-5
17711,3.299E-5
17712,2.1008E-5
17713,1.7869E-5
17714,1.21E-7
17715,5.8962E-5
17716,1.4135E-5
17717,1.1596E-5
17718,2.5521E-5
17719,1.1971E-5
17720,2.8768E-5
17721,3.822E-5
17722,3.2221E-5
17723,3.9433E-5
17724,3.2145E-5
17725,4.814E-5
17726,5.3045E-5
17727,2.4399E-5
17728,5.7682E-5
17729,4.8714E-5
17730,3.6455E-5
17731,3.2125E-5
17732,2.7029E-5
17733,2.0219E-5
17734,2.5513E-5
17735,3.6183E-5
17736,1.0474E-5
17737,2.2965E-5
17738,3.3508E-5
17739,2.6677E-5
17740,2.3724E-5
17741,3.3179E-5
17742,4.3739E-5
17743,3.1394E-5
17744,4.1426E-5
17745,2.2732E-5
17746,4.9905E-5
17747,1.3466E-5
17748,2.7505E-5
17749,2.2002E-5
17750,3.5214E-5
17751,7.4857E-5
17752,2.7137E-5
17753,2.185E-5
17754,3.2163E-5
17755,3.2455E-5
17756,5.4107E-5
17757,2.3174E-5
17758,2.0217E-5
17759,4.2113E-5
17760,6.2231E-5
17761,3.8834E-5
17762,1.5193E-5
17763,2.9079E-5
17764,3.5716E-5
17765,4.3345E-5
17766,1.9748E-5
17767,5.8524E-5
17768,2.903E-5
17769,4.2615E-5
17770,3.0819E-5
17771,4.128E-5
17772,4.9818E-5
17773,1.1E-7
17774,2.9201E-5
17775,5.2132E-5
17776,5.8363E-5
17777,1.2014E-5
17778,5.073E-5
17779,5.6915E-5
17780,5.8352E-5
17781,3.3873E-5
17782,2.6162E-5
17783,2.8881E-5
17784,2.0151E-5
17785,4.8087E-5
17786,3.3051E-5
17787,6.1017E-5
17788,7.738E-6
17789,3.6969E-5
17790,5.876E-5
17791,3.0887E-5
17792,3.5748E-5
17793,1.0865E-5
17794,3.4129E-5
17795,3.2156E-5
17796,4.3636E-5
17797,1.04E-7
17798,1.2666E-5
17799,3.3292E-5
17800,4.5218E-5
17801,3.4789E-5
17802,3.3497E-5
17803,2.5951E-5
17804,5.7349E-5
17805,5.2695E-5
17806,4.6848E-5
17807,2.0215E-5
17808,4.8784E-5
17809,2.5961E-5
17810,8.5173E-5
17811,1.922E-5
17812,3.8949E-5
17813,2.6528E-5
17814,4.2111E-5
17815,4.6895E-5
17816,3.4603E-5
17817,1.4687E-5
17818,5.8388E-5
17819,6.9599E-5
17820,4.2882E-5
17821,2.6242E-5
17822,1.6898E-5
17823,3.5842E-5
17824,3.5313E-5
17825,4.3732E-5
17826,5.3779E-5
17827,2.5151E-5
17828,3.0491E-5
17829,3.745E-5
17830,2.3813E-5
17831,4.1769E-5
17832,5.2427E-5
17833,3.8554E-5
17834,5.2241E-5
17835,4.1797E-5
17836,1.4927E-5
17837,3.7306E-5
17838,2.556E-5
17839,2.4729E-5
17840,8.389E-6
17841,1.18E-7
17842,3.777E-5
17843,5.8654E-5
17844,6.3576E-5
17845,6.1844E-5
17846,3.0569E-5
17847,5.3734E-5
17848,4.4243E-5
17849,1.0185E-5
17850,3.6036E-5
17851,4.6886E-5
17852,2.3002E-5
17853,1.7244E-5
17854,2.3219E-5
17855,2.8748E-5
17856,4.9858E-5
17857,4.8013E-5
17858,1.05E-7
17859,2.4952E-5
17860,4.2609E-5
17861,5.095E-5
17862,2.2188E-5
17863,1.13E-7
17864,4.8482E-5
17865,2.3439E-5
17866,4.786E-5
17867,5.239E-5
17868,1.2435E-5
17869,9.9E-8
17870,3.9767E-5
17871,4.3735E-5
17872,8.3024E-5
17873,4.5742E-5
17874,5.0246E-5
17875,9.688E-6
17876,2.8266E-5
17877,3.584E-5
17878,3.8738E-5
17879,2.1129E-5
17880,6.2804E-5
17881,4.5853E-5
17882,2.9713E-5
17883,3.157E-5
17884,5.0793E-5
17885,3.3653E-5
17886,2.9875E-5
17887,3.2129E-5
17888,2.3849E-5
17889,1.8907E-5
17890,6.6819E-5
17891,5.1632E-5
17892,3.9178E-5
17893,4.2223E-5
17894,1.04E-7
17895,3.9169E-5
17896,2.4119E-5
17897,5.805E-5
17898,2.3262E-5
17899,1.611E-5
17900,5.4411E-5
17901,4.9897E-5
17902,4.4609E-5
17903,5.1968E-5
17904,5.1619E-5
17905,2.4228E-5
17906,4.2432E-5
17907,6.3803E-5
17908,1.4908E-5
17909,1.5073E-5
17910,6.9216E-5
17911,2.287E-5
17912,2.5435E-5
17913,1.9854E-5
17914,2.3004E-5
17915,2.665E-5
17916,1.6985E-5
17917,2.8682E-5
17918,5.2454E-5
17919,3.8455E-5
17920,4.4127E-5
17921,4.3646E-5
17922,4.8623E-5
17923,7.8689E-5
17924,1.8648E-5
17925,4.9026E-5
17926,3.4717E-5
17927,2.2522E-5
17928,5.1672E-5
17929,5.715E-5
17930,8.459E-6
17931,2.0054E-5
17932,9.003E-6
17933,3.1558E-5
17934,5.2268E-5
17935,1.0697E-5
17936,1.7913E-5
17937,3.4509E-5
17938,6.3094E-5
17939,4.0259E-5
17940,3.7902E-5
17941,4.3611E-5
17942,3.3902E-5
17943,1.452E-5
17944,7.0886E-5
17945,3.2596E-5
17946,1.183E-5
17947,7.4496E-5
17948,2.1521E-5
17949,3.3834E-5
17950,2.1364E-5
17951,7.7652E-5
17952,3.7923E-5
17953,4.0447E-5
17954,2.4772E-5
17955,2.7962E-5
17956,1.9664E-5
17957,1.2487E-5
17958,3.1907E-5
17959,5.3461E-5
17960,1.8901E-5
17961,2.7719E-5
17962,7.0699E-5
17963,7.3499E-5
17964,2.0878E-5
17965,5.112E-5
17966,3.4195E-5
17967,2.7507E-5
17968,4.6969E-5
17969,3.583E-5
17970,1.4491E-5
17971,9.955E-6
17972,4.3653E-5
17973,2.2847E-5
17974,4.2821E-5
17975,2.5448E-5
17976,3.3117E-5
17977,3.6405E-5
17978,5.9665E-5
17979,5.9433E-5
17980,1.305E-5
17981,3.8961E-5
17982,1.8626E-5
17983,2.2532E-5
17984,4.7561E-5
17985,2.3019E-5
17986,5.2869E-5
17987,5.1306E-5
17988,4.1005E-5
17989,4.4412E-5
17990,1.0728E-5
17991,6.0656E-5
17992,2.0556E-5
17993,5.0688E-5
17994,4.4854E-5
17995,1.9729E-5
17996,4.9532E-5
17997,2.0365E-5
17998,2.1616E-5
17999,2.6168E-5
18000,9.22E-6
18001,4.9241E-5
18002,6.5063E-5
18003,5.7384E-5
18004,6.2968E-5
18005,2.7627E-5
18006,4.1437E-5
18007,4.7076E-5
18008,1.01E-7
18009,5.5649E-5
18010,9.7E-8
18011,3.0026E-5
18012,4.951E-5
18013,3.4422E-5
18014,3.3546E-5
18015,4.3031E-5
18016,2.6472E-5
18017,2.2297E-5
18018,2.9671E-5
18019,3.224E-5
18020,3.9282E-5
18021,7.4584E-5
18022,1.5513E-5
18023,1.9241E-5
18024,4.3525E-5
18025,1.1315E-5
18026,2.6086E-5
18027,2.5071E-5
18028,4.2358E-5
18029,2.7363E-5
18030,2.4056E-5
18031,3.6673E-5
18032,1.7783E-5
18033,3.2876E-5
18034,1.8912E-5
18035,2.6818E-5
18036,3.5232E-5
18037,2.6581E-5
18038,3.6278E-5
18039,1.7148E-5
18040,2.2605E-5
18041,2.649E-5
18042,2.5032E-5
18043,4.1637E-5
18044,3.2049E-5
18045,6.3746E-5
18046,1.24E-7
18047,3.0861E-5
18048,3.6131E-5
18049,2.7524E-5
18050,7.6946E-5
18051,3.7061E-5
18052,4.4578E-5
18053,4.5584E-5
18054,1.02E-7
18055,4.2147E-5
18056,3.733E-5
18057,3.8486E-5
18058,3.1659E-5
18059,3.6534E-5
18060,5.2134E-5
18061,4.6171E-5
18062,1.7166E-5
18063,4.5697E-5
18064,5.008E-5
18065,3.988E-5
18066,1.8637E-5
18067,3.9976E-5
18068,3.9566E-5
18069,3.4307E-5
18070,3.9998E-5
18071,4.3733E-5
18072,4.6011E-5
18073,4.6761E-5
18074,1.0608E-5
18075,5.9031E-5
18076,7.289E-5
18077,1.1751E-5
18078,6.4097E-5
18079,6.4564E-5
18080,3.4331E-5
18081,1.7267E-5
18082,1.7383E-5
18083,4.5216E-5
18084,7.051E-5
18085,1.0172E-5
18086,3.1723E-5
18087,4.6586E-5
18088,8.3721E-5
18089,5.0925E-5
18090,5.0891E-5
18091,1.13E-7
18092,2.915E-5
18093,6.508E-5
18094,1.2589E-5
18095,3.3398E-5
18096,8.016E-6
18097,7.0446E-5
18098,3.8068E-5
18099,3.6344E-5
18100,3.145E-5
18101,3.9784E-5
18102,1.5318E-5
18103,5.1254E-5
18104,2.286E-5
18105,2.7812E-5
18106,1.0635E-5
18107,4.0075E-5
18108,4.1271E-5
18109,4.4791E-5
18110,3.6817E-5
18111,1.0734E-5
18112,4.1462E-5
18113,9.743E-6
18114,1.9798E-5
18115,4.1506E-5
18116,5.9444E-5
18117,2.6375E-5
18118,4.6638E-5
18119,2.6675E-5
18120,5.0567E-5
18121,1.4542E-5
18122,1.0E-7
18123,7.2565E-5
18124,2.7893E-5
18125,4.9829E-5
18126,2.659E-5
18127,4.8555E-5
18128,2.6799E-5
18129,9.783E-6
18130,4.0894E-5
18131,0.004226224
18132,1.01E-7
18133,4.7339E-5
18134,2.3381E-5
18135,1.2038E-5
18136,1.0592E-5
18137,4.254E-5
18138,3.3644E-5
18139,4.3443E-5
18140,3.407E-5
18141,4.3833E-5
18142,3.5285E-5
18143,4.5942E-5
18144,3.7305E-5
18145,1.1209E-5
18146,1.03E-7
18147,3.9671E-5
18148,6.5148E-5
18149,4.454E-5
18150,5.4536E-5
18151,2.1872E-5
18152,1.2571E-5
18153,3.2676E-5
18154,1.16E-7
18155,2.7152E-5
18156,4.0192E-5
18157,1.5305E-5
18158,2.2483E-5
18159,5.5825E-5
18160,4.1777E-5
18161,1.29E-7
18162,9.876E-6
18163,5.5851E-5
18164,2.8784E-5
18165,3.2779E-5
18166,6.5924E-5
18167,2.9916E-5
18168,5.0172E-5
18169,1.5342E-5
18170,3.8334E-5
18171,6.4795E-5
18172,3.0181E-5
18173,4.3257E-5
18174,2.7124E-5
18175,4.2346E-5
18176,4.081E-5
18177,5.9131E-5
18178,2.8917E-5
18179,3.9525E-5
18180,8.464E-6
18181,3.2898E-5
18182,4.3451E-5
18183,4.8237E-5
18184,4.8943E-5
18185,6.5679E-5
18186,1.6404E-5
18187,2.8943E-5
18188,3.2128E-5
18189,2.4093E-5
18190,1.9146E-5
18191,4.3036E-5
18192,5.5374E-5
18193,5.1781E-5
18194,2.3124E-5
18195,1.2078E-5
18196,5.6645E-5
18197,3.5031E-5
18198,2.6523E-5
18199,3.9874E-5
18200,6.1806E-5
18201,6.5124E-5
18202,5.501E-5
18203,4.7531E-5
18204,1.1715E-5
18205,5.2544E-5
18206,6.5778E-5
18207,3.0228E-5
18208,1.2791E-5
18209,2.924E-5
18210,4.6759E-5
18211,3.2683E-5
18212,3.2573E-5
18213,3.2915E-5
18214,2.5128E-5
18215,3.181E-5
18216,6.7919E-5
18217,3.4116E-5
18218,4.1855E-5
18219,4.5173E-5
18220,9.782E-6
18221,1.12E-7
18222,5.1646E-5
18223,4.9013E-5
18224,3.4102E-5
18225,1.12E-7
18226,4.5684E-5
18227,4.7716E-5
18228,1.7863E-5
18229,3.0656E-5
18230,4.8878E-5
18231,2.4017E-5
18232,6.9408E-5
18233,1.7359E-5
18234,5.799E-5
18235,2.269E-5
18236,2.9682E-5
18237,4.8031E-5
18238,2.8002E-5
18239,2.422E-5
18240,9.9E-8
18241,1.1E-7
18242,4.9825E-5
18243,1.927E-5
18244,0.031155689
18245,5.2313E-5
18246,3.8423E-5
18247,3.7284E-5
18248,7.6604E-5
18249,9.9E-8
18250,2.7414E-5
18251,4.7974E-5
18252,3.7607E-5
18253,1.2423E-5
18254,5.0271E-5
18255,3.4109E-5
18256,2.9806E-5
18257,4.3804E-5
18258,3.4489E-5
18259,2.7768E-5
18260,9.882E-6
18261,3.7006E-5
18262,4.1064E-5
18263,3.2153E-5
18264,3.4119E-5
18265,4.6701E-5
18266,4.0132E-5
18267,3.8822E-5
18268,2.853E-5
18269,3.4466E-5
18270,1.4535E-5
18271,4.5066E-5
18272,3.4277E-5
18273,3.1004E-5
18274,1.11E-7
18275,2.3272E-5
18276,6.3856E-5
18277,3.0791E-5
18278,4.3263E-5
18279,4.1271E-5
18280,3.6678E-5
18281,4.3563E-5
18282,3.7448E-5
18283,2.1898E-5
18284,2.3912E-5
18285,1.561E-5
18286,2.1155E-5
18287,6.5459E-5
18288,3.1343E-5
18289,2.9672E-5
18290,4.182E-5
18291,1.25E-7
18292,2.6518E-5
18293,1.5148E-5
18294,2.0785E-5
18295,5.3969E-5
18296,2.2912E-5
18297,2.3919E-5
18298,3.3575E-5
18299,1.0528E-5
18300,4.3509E-5
18301,5.792E-5
18302,3.2577E-5
18303,9.777E-6
18304,1.4278E-5
18305,5.2352E-5
18306,5.8406E-5
18307,2.6143E-5
18308,4.1247E-5
18309,7.2546E-5
18310,1.8471E-5
18311,1.9577E-5
18312,7.5493E-5
18313,2.5341E-5
18314,1.08E-7
18315,5.1646E-5
18316,2.7474E-5
18317,4.8026E-5
18318,1.1395E-5
18319,3.6983E-5
18320,3.472E-5
18321,3.6018E-5
18322,4.5351E-5
18323,3.0426E-5
18324,4.281E-5
18325,4.4277E-5
18326,4.0302E-5
18327,5.6484E-5
18328,3.6177E-5
18329,3.3946E-5
18330,2.9865E-5
18331,2.3343E-5
18332,9.885E-6
18333,3.3496E-5
18334,4.7638E-5
18335,4.8155E-5
18336,3.5448E-5
18337,9.452E-6
18338,1.884E-5
18339,1.01E-7
18340,1.1783E-5
18341,3.3533E-5
18342,3.7781E-5
18343,6.2317E-5
18344,7.3457E-5
18345,6.027E-5
18346,3.579E-5
18347,3.6447E-5
18348,3.4411E-5
18349,5.6906E-5
18350,4.0345E-5
18351,4.8179E-5
18352,7.6329E-5
18353,3.7887E-5
18354,3.1174E-5
18355,3.2951E-5
18356,2.9334E-5
18357,3.9857E-5
18358,1.5425E-5
18359,5.3514E-5
18360,4.652E-5
18361,1.9895E-5
18362,4.8361E-5
18363,1.29E-7
18364,2.9054E-5
18365,1.15E-7
18366,3.5793E-5
18367,4.7186E-5
18368,3.1403E-5
18369,5.7055E-5
18370,3.5011E-5
18371,1.2493E-5
18372,1.8741E-5
18373,4.39E-5
18374,5.4877E-5
18375,4.394E-5
18376,6.2196E-5
18377,3.8265E-5
18378,2.2813E-5
18379,4.103E-5
18380,4.9661E-5
18381,4.6853E-5
18382,4.6561E-5
18383,2.5E-5
18384,4.2057E-5
18385,3.4776E-5
18386,2.9074E-5
18387,1.11E-7
18388,6.4784E-5
18389,4.6578E-5
18390,2.8385E-5
18391,1.3594E-5
18392,7.2146E-5
18393,3.2295E-5
18394,4.6594E-5
18395,6.0682E-5
18396,3.7419E-5
18397,3.9309E-5
18398,3.2E-5
18399,3.8251E-5
18400,1.6E-5
18401,4.3626E-5
18402,3.8865E-5
18403,1.4743E-5
18404,7.5075E-5
18405,3.6715E-5
18406,3.3235E-5
18407,7.2246E-5
18408,2.3669E-5
18409,1.6785E-5
18410,5.5315E-5
18411,1.4794E-5
18412,7.184E-5
18413,2.5266E-5
18414,3.8374E-5
18415,1.8834E-5
18416,3.1421E-5
18417,3.5147E-5
18418,6.5082E-5
18419,2.3886E-5
18420,5.7911E-5
18421,7.51544E-4
18422,4.856E-5
18423,8.331E-5
18424,2.728E-5
18425,2.8136E-5
18426,5.9208E-5
18427,2.879E-5
18428,2.2936E-5
18429,5.6805E-5
18430,3.9144E-5
18431,5.4517E-5
18432,4.2405E-5
18433,2.6332E-5
18434,1.9991E-5
18435,5.6682E-5
18436,1.9374E-5
18437,2.8964E-5
18438,3.2233E-5
18439,2.1719E-5
18440,2.2932E-5
18441,4.7455E-5
18442,3.5602E-5
18443,1.862E-5
18444,6.6498E-5
18445,4.8673E-5
18446,2.8278E-5
18447,6.7997E-5
18448,2.9016E-5
18449,2.2702E-5
18450,1.1338E-5
18451,2.9673E-5
18452,2.6281E-5
18453,5.4217E-5
18454,4.3252E-5
18455,5.8726E-5
18456,1.3162E-5
18457,2.1034E-5
18458,1.7962E-5
18459,5.0117E-5
18460,3.9798E-5
18461,4.9793E-5
18462,2.1194E-5
18463,2.9822E-5
18464,2.3751E-5
18465,9.8418E-5
18466,3.3917E-5
18467,7.3872E-5
18468,4.106E-5
18469,4.7613E-5
18470,4.0155E-5
18471,3.5402E-5
18472,4.6895E-5
18473,9.194E-6
18474,7.3969E-5
18475,3.6101E-5
18476,2.6414E-5
18477,6.6468E-5
18478,2.1831E-5
18479,2.2434E-5
18480,3.6299E-5
18481,1.0467E-5
18482,3.6318E-5
18483,2.8394E-5
18484,5.5096E-5
18485,2.2582E-5
18486,2.4205E-5
18487,3.2385E-5
18488,2.8855E-5
18489,5.8816E-5
18490,2.7523E-5
18491,3.6363E-5
18492,2.801E-5
18493,4.2177E-5
18494,2.6241E-5
18495,3.3331E-5
18496,4.3218E-5
18497,3.8007E-5
18498,6.5632E-5
18499,1.7132E-5
18500,4.2967E-5
18501,2.5867E-5
18502,3.0635E-5
18503,5.0209E-5
18504,5.3467E-5
18505,3.9877E-5
18506,1.09E-7
18507,1.0777E-5
18508,1.6568E-5
18509,1.6881E-5
18510,6.364E-5
18511,3.1274E-5
18512,2.682E-5
18513,2.9486E-5
18514,4.5601E-5
18515,6.4812E-5
18516,4.4719E-5
18517,3.193E-5
18518,4.4959E-5
18519,3.8213E-5
18520,1.03E-7
18521,3.7558E-5
18522,5.9108E-5
18523,5.9529E-5
18524,7.7133E-5
18525,4.9682E-5
18526,3.2432E-5
18527,4.7324E-5
18528,3.5795E-5
18529,2.2889E-5
18530,2.6143E-5
18531,4.0308E-5
18532,4.7569E-5
18533,4.0284E-5
18534,4.5448E-5
18535,7.7259E-5
18536,1.8048E-5
18537,1.46E-7
18538,1.1808E-5
18539,4.8942E-5
18540,2.0424E-5
18541,2.1305E-5
18542,4.8942E-5
18543,2.4662E-5
18544,2.3153E-5
18545,3.3944E-5
18546,2.7741E-5
18547,3.4011E-5
18548,2.4997E-5
18549,3.8885E-5
18550,4.9554E-5
18551,3.4559E-5
18552,2.8194E-5
18553,4.2245E-5
18554,3.6981E-5
18555,4.9446E-5
18556,5.7042E-5
18557,5.3998E-5
18558,2.3477E-5
18559,1.8794E-5
18560,1.9303E-5
18561,3.7231E-5
18562,6.4831E-5
18563,2.6757E-5
18564,1.8142E-5
18565,9.921E-6
18566,5.103E-5
18567,5.3555E-5
18568,5.5744E-5
18569,6.3416E-5
18570,3.6312E-5
18571,1.2234E-5
18572,5.518E-5
18573,2.8387E-5
18574,5.3392E-5
18575,5.4881E-5
18576,3.4684E-5
18577,3.9972E-5
18578,2.4551E-5
18579,5.9696E-5
18580,3.1817E-5
18581,3.6337E-5
18582,3.6791E-5
18583,1.14E-7
18584,4.1285E-5
18585,5.9583E-5
18586,7.5421E-5
18587,3.8489E-5
18588,1.28E-7
18589,1.2882E-5
18590,2.5304E-5
18591,1.917E-5
18592,2.4424E-5
18593,4.2273E-5
18594,2.2691E-5
18595,2.6115E-5
18596,1.4411E-5
18597,6.5593E-5
18598,3.8327E-5
18599,3.6693E-5
18600,2.7783E-5
18601,2.3932E-5
18602,2.6458E-5
18603,2.8354E-5
18604,3.7841E-5
18605,7.961E-6
18606,1.2799E-5
18607,2.8056E-5
18608,3.2365E-5
18609,6.0511E-5
18610,4.1922E-5
18611,1.207E-5
18612,4.8378E-5
18613,2.1416E-5
18614,5.6131E-5
18615,4.0071E-5
18616,7.156E-6
18617,3.8343E-5
18618,2.1073E-5
18619,3.3255E-5
18620,1.04E-7
18621,3.8876E-5
18622,3.2361E-5
18623,4.0158E-5
18624,7.5684E-5
18625,5.8624E-5
18626,5.9584E-5
18627,1.355E-5
18628,2.557E-5
18629,3.8568E-5
18630,3.5924E-5
18631,5.6475E-5
18632,0.01422329
18633,2.105E-5
18634,7.6625E-5
18635,4.4154E-5
18636,3.3595E-5
18637,2.8902E-5
18638,3.015E-5
18639,2.5378E-5
18640,3.5477E-5
18641,3.6688E-5
18642,3.6082E-5
18643,7.3202E-5
18644,4.2447E-5
18645,3.827E-5
18646,3.2256E-5
18647,3.8068E-5
18648,6.2329E-5
18649,2.9213E-5
18650,2.5595E-5
18651,2.4596E-5
18652,3.2493E-5
18653,3.8134E-5
18654,4.6547E-5
18655,1.4369E-5
18656,5.9553E-5
18657,4.0811E-5
18658,1.4436E-5
18659,7.5688E-5
18660,1.1128E-5
18661,1.2157E-5
18662,3.5206E-5
18663,4.7461E-5
18664,2.883E-5
18665,1.7193E-5
18666,5.7536E-5
18667,2.3886E-5
18668,2.8387E-5
18669,8.3213E-5
18670,1.7813E-5
18671,2.5403E-5
18672,1.9052E-5
18673,2.7E-5
18674,3.7356E-5
18675,3.2845E-5
18676,2.3262E-5
18677,6.0343E-5
18678,3.8894E-5
18679,4.0868E-5
18680,4.1909E-5
18681,4.2525E-5
18682,4.3197E-5
18683,1.08E-7
18684,3.0642E-5
18685,4.6198E-5
18686,3.7505E-5
18687,5.1787E-5
18688,3.0422E-5
18689,4.2333E-5
18690,2.8415E-5
18691,3.7413E-5
18692,1.6238E-5
18693,3.3373E-5
18694,1.3164E-5
18695,2.2907E-5
18696,1.6429E-5
18697,3.0155E-5
18698,2.6259E-5
18699,1.4268E-5
18700,2.9406E-5
18701,1.4383E-5
18702,4.4658E-5
18703,2.8987E-5
18704,2.0254E-5
18705,7.2691E-5
18706,2.9022E-5
18707,2.04E-5
18708,5.0745E-5
18709,1.01E-7
18710,1.0729E-5
18711,1.6848E-5
18712,1.991E-5
18713,1.1204E-5
18714,5.4238E-5
18715,4.2977E-5
18716,3.9345E-5
18717,8.0188E-5
18718,5.0516E-5
18719,5.4796E-5
18720,5.7663E-5
18721,6.084E-5
18722,1.8547E-5
18723,3.0732E-5
18724,4.4794E-5
18725,4.8858E-5
18726,3.7973E-5
18727,3.3179E-5
18728,4.0703E-5
18729,5.4027E-5
18730,8.817E-6
18731,3.7683E-5
18732,1.8301E-5
18733,1.5571E-5
18734,8.4264E-5
18735,2.858E-5
18736,4.1081E-5
18737,3.4427E-5
18738,3.2142E-5
18739,4.041E-5
18740,5.2219E-5
18741,1.07E-7
18742,4.7698E-5
18743,2.495E-5
18744,4.2477E-5
18745,6.3898E-5
18746,2.6394E-5
18747,3.8748E-5
18748,2.42501E-4
18749,3.7848E-5
18750,3.4343E-5
18751,3.577E-5
18752,2.7133E-5
18753,3.7855E-5
18754,4.1064E-5
18755,2.617E-5
18756,2.9695E-5
18757,1.8788E-5
18758,1.8092E-5
18759,2.4962E-5
18760,4.2881E-5
18761,5.4558E-5
18762,5.4149E-5
18763,3.2155E-5
18764,6.6069E-5
18765,1.834E-5
18766,1.9982E-5
18767,1.4119E-5
18768,1.5279E-5
18769,5.4117E-5
18770,3.1066E-5
18771,4.4071E-5
18772,5.467E-5
18773,5.2231E-5
18774,1.8432E-5
18775,5.1561E-5
18776,3.1854E-5
18777,3.0127E-5
18778,3.4152E-5
18779,8.728E-6
18780,3.3496E-5
18781,6.1174E-5
18782,3.8091E-5
18783,3.371E-5
18784,4.7304E-5
18785,4.1894E-5
18786,3.1625E-5
18787,3.7388E-5
18788,4.8688E-5
18789,6.1812E-5
18790,2.1374E-5
18791,5.1733E-5
18792,3.4268E-5
18793,3.5647E-5
18794,3.4208E-5
18795,4.3263E-5
18796,2.5718E-5
18797,4.0975E-5
18798,0.016302416
18799,3.485E-5
18800,1.2455E-5
18801,2.0807E-5
18802,9.647E-6
18803,3.018E-5
18804,3.7127E-5
18805,4.905E-5
18806,4.8278E-5
18807,2.3212E-5
18808,4.2703E-5
18809,2.0215E-5
18810,2.8583E-5
18811,4.9063E-5
18812,2.1954E-5
18813,2.3453E-5
18814,2.7506E-5
18815,3.4416E-5
18816,2.7354E-5
18817,6.5156E-5
18818,1.44E-7
18819,2.7981E-5
18820,5.0668E-5
18821,1.4993E-5
18822,2.801E-5
18823,1.9971E-5
18824,5.4108E-5
18825,3.6203E-5
18826,4.2583E-5
18827,3.1094E-5
18828,5.3512E-5
18829,1.15E-7
18830,2.5386E-5
18831,5.5425E-5
18832,2.6329E-5
18833,3.1612E-5
18834,3.5482E-5
18835,2.9938E-5
18836,4.8644E-5
18837,3.9283E-5
18838,2.5341E-5
18839,3.7233E-5
18840,4.2849E-5
18841,3.6872E-5
18842,5.2489E-5
18843,4.1993E-5
18844,7.1367E-5
18845,5.7362E-5
18846,1.4938E-5
18847,3.3006E-5
18848,4.2022E-5
18849,0.010026474
18850,2.0043E-5
18851,3.418E-5
18852,1.3094E-5
18853,3.9676E-5
18854,2.3448E-5
18855,3.69E-5
18856,2.2959E-5
18857,4.5828E-5
18858,3.8824E-5
18859,4.9978E-5
18860,4.5445E-5
18861,3.5239E-5
18862,4.2521E-5
18863,1.1E-7
18864,1.0786E-5
18865,1.27E-7
18866,5.8862E-5
18867,2.1427E-5
18868,2.5819E-5
18869,4.0319E-5
18870,4.3285E-5
18871,3.6581E-5
18872,5.7616E-5
18873,3.608E-5
18874,3.8377E-5
18875,5.2825E-5
18876,3.9533E-5
18877,5.142E-5
18878,9.304E-6
18879,5.1322E-5
18880,1.17E-7
18881,1.8897E-5
18882,4.1898E-5
18883,2.6914E-5
18884,4.2374E-5
18885,5.1171E-5
18886,4.1506E-5
18887,4.7106E-5
18888,2.2285E-5
18889,4.0932E-5
18890,3.6245E-5
18891,4.5639E-5
18892,3.4972E-5
18893,4.5114E-5
18894,2.3389E-5
18895,7.2438E-5
18896,1.07E-7
18897,1.0442E-5
18898,4.4574E-5
18899,2.6422E-5
18900,4.371E-5
18901,3.655E-5
18902,3.4338E-5
18903,2.644E-5
18904,0.004765208
18905,5.2288E-5
18906,2.3994E-5
18907,2.1526E-5
18908,2.0972E-5
18909,1.8555E-5
18910,5.832E-5
18911,2.3092E-5
18912,5.2351E-5
18913,5.3023E-5
18914,1.07E-7
18915,3.0747E-5
18916,5.3538E-5
18917,3.6248E-5
18918,3.7424E-5
18919,4.0636E-5
18920,2.1009E-5
18921,8.562E-6
18922,2.7571E-5
18923,2.485E-5
18924,6.397E-5
18925,4.9919E-5
18926,2.7461E-5
18927,2.1286E-5
18928,3.8629E-5
18929,8.4989E-5
18930,2.9752E-5
18931,1.1141E-5
18932,1.26E-7
18933,2.0281E-5
18934,1.4314E-5
18935,3.375E-5
18936,4.0676E-5
18937,2.7469E-5
18938,2.9334E-5
18939,4.9084E-5
18940,3.8141E-5
18941,2.1918E-5
18942,3.3672E-5
18943,2.305E-5
18944,6.7602E-5
18945,3.6234E-5
18946,4.846E-5
18947,3.8325E-5
18948,3.0181E-5
18949,5.2198E-5
18950,6.0792E-5
18951,4.8677E-5
18952,1.16E-7
18953,4.6296E-5
18954,3.0341E-5
18955,6.4847E-5
18956,4.5323E-5
18957,3.7656E-5
18958,4.5796E-5
18959,3.6352E-5
18960,2.182E-5
18961,4.9635E-5
18962,4.2872E-5
18963,5.8071E-5
18964,4.6548E-5
18965,2.9739E-5
18966,5.5464E-5
18967,3.5572E-5
18968,2.032E-5
18969,1.9208E-5
18970,3.5145E-5
18971,4.2604E-5
18972,3.7508E-5
18973,1.5211E-5
18974,1.6521E-5
18975,5.5799E-5
18976,2.1348E-5
18977,4.6106E-5
18978,1.4834E-5
18979,2.5511E-5
18980,7.5452E-5
18981,4.4956E-5
18982,4.5301E-5
18983,1.414E-5
18984,1.34E-7
18985,4.2441E-5
18986,4.3192E-5
18987,3.0375E-5
18988,4.0416E-5
18989,2.7031E-5
18990,6.49E-5
18991,2.8871E-5
18992,1.08E-7
18993,3.8793E-5
18994,1.1124E-5
18995,4.8803E-5
18996,4.6689E-5
18997,4.9084E-5
18998,3.3781E-5
18999,4.2595E-5
19000,4.8476E-5
19001,3.2116E-5
19002,2.57E-5
19003,2.4669E-5
19004,1.11E-7
19005,2.4062E-5
19006,2.3051E-5
19007,3.1817E-5
19008,1.8698E-5
19009,3.2487E-5
19010,2.9864E-5
19011,5.3316E-5
19012,4.4412E-5
19013,1.05E-7
19014,4.3657E-5
19015,6.0215E-5
19016,6.9522E-5
19017,4.706E-5
19018,5.8176E-5
19019,2.3403E-5
19020,2.153E-5
19021,3.2379E-5
19022,3.9377E-5
19023,3.9248E-5
19024,3.1144E-5
19025,3.1221E-5
19026,3.5695E-5
19027,3.5765E-5
19028,5.8429E-5
19029,3.8835E-5
19030,3.2925E-5
19031,2.76E-5
19032,7.256E-5
19033,4.7764E-5
19034,6.5784E-5
19035,1.0185E-5
19036,6.4386E-5
19037,4.8945E-5
19038,4.4907E-5
19039,1.2394E-5
19040,3.5355E-5
19041,2.3839E-5
19042,3.7069E-5
19043,3.1334E-5
19044,1.6714E-5
19045,5.8292E-5
19046,2.9449E-5
19047,3.0791E-5
19048,2.2616E-5
19049,3.2493E-5
19050,1.5188E-5
19051,6.3762E-5
19052,5.2237E-5
19053,3.2281E-5
19054,4.9736E-5
19055,6.0901E-5
19056,1.4319E-5
19057,6.2874E-5
19058,2.9138E-5
19059,4.2723E-5
19060,3.3409E-5
19061,4.8422E-5
19062,3.3744E-5
19063,3.4676E-5
19064,4.1932E-5
19065,3.6119E-5
19066,5.1222E-5
19067,1.7971E-5
19068,2.8259E-5
19069,1.18E-7
19070,4.0311E-5
19071,4.4945E-5
19072,4.4036E-5
19073,6.5137E-5
19074,1.6782E-5
19075,5.2827E-5
19076,5.8799E-5
19077,2.5903E-5
19078,4.7651E-5
19079,4.2218E-5
19080,7.3449E-5
19081,3.818E-5
19082,5.2155E-5
19083,6.998E-5
19084,5.7198E-5
19085,1.7971E-5
19086,4.8553E-5
19087,4.2368E-5
19088,2.7887E-5
19089,4.9197E-5
19090,5.5361E-5
19091,4.6616E-5
19092,4.0109E-5
19093,3.556E-5
19094,9.2279E-5
19095,3.0035E-5
19096,5.5671E-5
19097,4.2668E-5
19098,6.3273E-5
19099,2.7234E-5
19100,0.003584871
19101,3.0525E-5
19102,6.2857E-5
19103,3.3016E-5
19104,1.4132E-5
19105,2.5409E-5
19106,1.8435E-5
19107,1.3319E-5
19108,5.4172E-5
19109,2.0834E-5
19110,1.03E-7
19111,2.8417E-5
19112,2.1331E-5
19113,3.1287E-5
19114,2.335E-5
19115,5.4583E-5
19116,6.9524E-5
19117,4.6902E-5
19118,5.0801E-5
19119,4.9111E-5
19120,6.3902E-5
19121,3.1344E-5
19122,4.5177E-5
19123,5.359E-5
19124,4.0962E-5
19125,5.4701E-5
19126,5.3594E-5
19127,2.765E-5
19128,1.1026E-5
19129,2.351E-5
19130,5.7057E-5
19131,2.8744E-5
19132,1.0473E-5
19133,2.997E-5
19134,1.17E-7
19135,7.2271E-5
19136,6.2666E-5
19137,4.2039E-5
19138,6.7093E-5
19139,3.5466E-5
19140,4.4286E-5
19141,2.7543E-5
19142,2.6944E-5
19143,4.5271E-5
19144,2.8974E-5
19145,3.2497E-5
19146,2.8306E-5
19147,3.4169E-5
19148,2.8783E-5
19149,3.7632E-5
19150,3.5867E-5
19151,3.2157E-5
19152,5.2536E-5
19153,3.5493E-5
19154,2.2916E-5
19155,1.2342E-5
19156,5.7859E-5
19157,2.0691E-5
19158,2.7324E-5
19159,4.0326E-5
19160,7.1449E-5
19161,2.7964E-5
19162,3.4304E-5
19163,2.2327E-5
19164,2.6482E-5
19165,3.4059E-5
19166,2.7293E-5
19167,4.3005E-5
19168,5.5461E-5
19169,3.1676E-5
19170,4.9651E-5
19171,2.0852E-5
19172,5.2461E-5
19173,1.1848E-5
19174,7.2925E-5
19175,4.8433E-5
19176,2.5565E-5
19177,3.9662E-5
19178,4.7441E-5
19179,2.9055E-5
19180,4.8796E-5
19181,2.3853E-5
19182,2.7019E-5
19183,3.9686E-5
19184,3.3841E-5
19185,1.6873E-5
19186,5.0668E-5
19187,2.3914E-5
19188,6.3797E-5
19189,4.0034E-5
19190,2.3665E-5
19191,5.0237E-5
19192,4.2309E-5
19193,4.7175E-5
19194,6.4458E-5
19195,2.2396E-5
19196,3.2615E-5
19197,3.2859E-5
19198,6.5271E-5
19199,3.8973E-5
19200,3.7047E-5
19201,4.419E-5
19202,4.1465E-5
19203,2.6687E-5
19204,6.407E-5
19205,3.892E-5
19206,3.1687E-5
19207,3.5769E-5
19208,5.0534E-5
19209,4.7168E-5
19210,2.3038E-5
19211,4.4473E-5
19212,4.5463E-5
19213,1.5758E-5
19214,5.1331E-5
19215,5.2729E-5
19216,5.2161E-5
19217,1.6298E-5
19218,3.7357E-5
19219,4.4053E-5
19220,3.5782E-5
19221,3.8623E-5
19222,5.7853E-5
19223,4.0399E-5
19224,3.7693E-5
19225,5.4944E-5
19226,4.2994E-5
19227,5.6665E-5
19228,3.738E-5
19229,2.7591E-5
19230,3.5343E-5
19231,4.7302E-5
19232,2.0733E-5
19233,5.51E-5
19234,7.5236E-5
19235,4.8379E-5
19236,3.5776E-5
19237,1.6689E-5
19238,7.2864E-5
19239,4.5168E-5
19240,4.4856E-5
19241,5.6048E-5
19242,1.05E-7
19243,2.761E-5
19244,3.4951E-5
19245,6.6818E-5
19246,3.1146E-5
19247,2.8201E-5
19248,1.8963E-5
19249,1.6779E-5
19250,3.5813E-5
19251,4.2695E-5
19252,1.9927E-5
19253,2.5237E-5
19254,1.3978E-5
19255,3.9509E-5
19256,6.144E-5
19257,5.786E-5
19258,4.8166E-5
19259,4.662E-5
19260,2.6111E-5
19261,3.0544E-5
19262,1.1122E-5
19263,9.1782E-5
19264,3.973E-5
19265,3.5095E-5
19266,3.6002E-5
19267,3.0706E-5
19268,8.115E-5
19269,1.11E-7
19270,2.9442E-5
19271,2.001E-5
19272,5.8662E-5
19273,2.6617E-5
19274,1.1898E-5
19275,1.1972E-5
19276,3.6856E-5
19277,6.4168E-5
19278,9.722E-6
19279,5.1762E-5
19280,4.3782E-5
19281,1.586E-5
19282,4.381E-5
19283,2.7671E-5
19284,4.739E-5
19285,4.2948E-5
19286,4.2274E-5
19287,1.6762E-5
19288,2.1814E-5
19289,3.9302E-5
19290,1.768E-5
19291,6.1913E-5
19292,3.2622E-5
19293,1.9967E-5
19294,9.0021E-5
19295,7.3647E-5
19296,4.9846E-5
19297,1.577E-5
19298,5.5725E-5
19299,3.1769E-5
19300,2.619E-5
19301,1.2141E-5
19302,3.45E-5
19303,2.0615E-5
19304,4.4845E-5
19305,5.3809E-5
19306,2.7555E-5
19307,3.721E-5
19308,4.0839E-5
19309,6.9045E-5
19310,3.8244E-5
19311,3.6785E-5
19312,6.4779E-5
19313,3.5986E-5
19314,2.9804E-5
19315,2.8307E-5
19316,2.3319E-5
19317,2.371E-5
19318,1.16E-7
19319,4.9207E-5
19320,1.13E-7
19321,3.081E-5
19322,3.8077E-5
19323,2.6551E-5
19324,5.9599E-5
19325,3.0465E-5
19326,1.651E-5
19327,4.6763E-5
19328,3.784E-5
19329,1.02E-7
19330,4.4574E-5
19331,3.4578E-5
19332,7.6553E-5
19333,6.1769E-5
19334,2.6932E-5
19335,3.3043E-5
19336,1.3261E-5
19337,2.5508E-5
19338,3.1511E-5
19339,2.4054E-5
19340,5.2983E-5
19341,3.8259E-5
19342,2.2083E-5
19343,3.7245E-5
19344,6.3499E-5
19345,3.2516E-5
19346,3.4993E-5
19347,3.0669E-5
19348,4.0319E-5
19349,7.2549E-5
19350,3.5224E-5
19351,4.6115E-5
19352,3.3358E-5
19353,3.5975E-5
19354,5.6446E-5
19355,1.2E-7
19356,7.5782E-5
19357,3.6119E-5
19358,5.2639E-5
19359,2.1812E-5
19360,5.0836E-5
19361,4.9848E-5
19362,2.5606E-5
19363,3.2786E-5
19364,2.4409E-5
19365,3.5045E-5
19366,2.9312E-5
19367,3.4387E-5
19368,1.6987E-5
19369,1.7041E-5
19370,1.0E-7
19371,5.3184E-5
19372,1.02E-7
19373,4.4318E-5
19374,5.0506E-5
19375,3.9832E-5
19376,6.5564E-5
19377,5.496E-5
19378,9.726E-6
19379,8.1029E-5
19380,2.4066E-5
19381,5.7368E-5
19382,6.2231E-5
19383,3.2381E-5
19384,6.4712E-5
19385,2.6154E-5
19386,6.4907E-5
19387,3.8692E-5
19388,1.4415E-5
19389,3.3233E-5
19390,1.5381E-5
19391,5.7242E-5
19392,2.6025E-5
19393,6.9957E-5
19394,4.5911E-5
19395,3.9047E-5
19396,3.4527E-5
19397,2.4178E-5
19398,4.508E-5
19399,2.8169E-5
19400,7.2888E-5
19401,2.3274E-5
19402,3.4529E-5
19403,3.3343E-5
19404,3.7618E-5
19405,2.8775E-5
19406,4.9523E-5
19407,4.7714E-5
19408,4.8733E-5
19409,3.1961E-5
19410,5.5275E-5
19411,8.3722E-5
19412,2.926E-5
19413,2.4543E-5
19414,4.6269E-5
19415,6.3035E-5
19416,5.9963E-5
19417,3.7879E-5
19418,2.4769E-5
19419,8.0431E-5
19420,1.0E-7
19421,5.0317E-5
19422,9.2065E-5
19423,6.3771E-5
19424,2.7565E-5
19425,2.4953E-5
19426,9.1236E-5
19427,2.6258E-5
19428,7.9258E-5
19429,6.2058E-5
19430,1.6198E-5
19431,1.0E-7
19432,2.2553E-5
19433,6.6081E-5
19434,3.8376E-5
19435,2.5828E-5
19436,4.804E-5
19437,4.7769E-5
19438,5.0317E-5
19439,4.3222E-5
19440,2.8956E-5
19441,7.707E-5
19442,1.7122E-5
19443,2.0673E-5
19444,2.9741E-5
19445,4.4346E-5
19446,3.8759E-5
19447,3.2863E-5
19448,1.801E-5
19449,6.215E-5
19450,3.5028E-5
19451,6.6182E-5
19452,3.4839E-5
19453,3.5476E-5
19454,3.9955E-5
19455,1.0643E-5
19456,3.6393E-5
19457,5.2411E-5
19458,4.2123E-5
19459,3.2925E-5
19460,7.9071E-5
19461,7.1933E-5
19462,5.002E-5
19463,1.4414E-5
19464,1.8758E-5
19465,1.5844E-5
19466,3.5266E-5
19467,2.5758E-5
19468,8.1964E-5
19469,5.2262E-5
19470,3.9988E-5
19471,2.0439E-5
19472,3.0434E-5
19473,3.7496E-5
19474,3.1103E-5
19475,3.289E-5
19476,3.8768E-5
19477,1.6765E-5
19478,5.4935E-5
19479,2.4852E-5
19480,1.17078E-4
19481,3.9148E-5
19482,2.5207E-5
19483,3.664E-5
19484,7.2677E-5
19485,2.8082E-5
19486,3.5802E-5
19487,7.4332E-5
19488,2.1547E-5
19489,1.04E-7
19490,2.6184E-5
19491,2.1916E-5
19492,4.2199E-5
19493,1.6321E-5
19494,4.3948E-5
19495,5.8527E-5
19496,3.439E-5
19497,1.2594E-5
19498,2.9263E-5
19499,2.6578E-5
19500,2.5944E-5
19501,7.173E-5
19502,2.0599E-5
19503,4.4464E-5
19504,3.9449E-5
19505,4.6713E-5
19506,3.6109E-5
19507,4.368E-5
19508,2.1832E-5
19509,8.853E-5
19510,2.0232E-5
19511,1.5881E-5
19512,5.3411E-5
19513,2.9972E-5
19514,4.6958E-5
19515,6.3026E-5
19516,1.2913E-5
19517,5.0214E-5
19518,3.108E-5
19519,6.5728E-5
19520,4.2565E-5
19521,3.1563E-5
19522,3.2596E-5
19523,3.3908E-5
19524,3.1053E-5
19525,5.0321E-5
19526,3.7721E-5
19527,3.9392E-5
19528,6.0523E-5
19529,3.2267E-5
19530,4.3672E-5
19531,1.1125E-5
19532,6.2837E-5
19533,2.3925E-5
19534,4.4186E-5
19535,6.8619E-5
19536,1.3268E-5
19537,5.3961E-5
19538,3.4672E-5
19539,3.7885E-5
19540,2.7678E-5
19541,3.2224E-5
19542,3.2167E-5
19543,2.6461E-5
19544,4.8379E-5
19545,2.9635E-5
19546,7.5966E-5
19547,3.1202E-5
19548,4.0595E-5
19549,2.7118E-5
19550,2.216E-5
19551,3.8094E-5
19552,2.9244E-5
19553,1.1206E-5
19554,3.655E-5
19555,2.2461E-5
19556,6.1615E-5
19557,2.1285E-5
19558,6.2578E-5
19559,3.4304E-5
19560,7.258E-5
19561,3.3301E-5
19562,1.7991E-5
19563,2.9996E-5
19564,3.5521E-5
19565,2.6927E-5
19566,3.5041E-5
19567,6.1342E-5
19568,2.3082E-5
19569,3.9753E-5
19570,5.4591E-5
19571,3.425E-5
19572,5.065E-5
19573,3.7133E-5
19574,4.7328E-5
19575,1.7049E-5
19576,5.9937E-5
19577,1.06E-7
19578,1.811E-5
19579,1.3987E-5
19580,7.2964E-5
19581,7.1682E-5
19582,5.2865E-5
19583,3.9871E-5
19584,7.2972E-5
19585,5.7681E-5
19586,3.7676E-5
19587,3.9541E-5
19588,4.2339E-5
19589,2.4011E-5
19590,5.5935E-5
19591,3.8332E-5
19592,1.8422E-5
19593,1.9692E-5
19594,2.8144E-5
19595,3.1466E-5
19596,2.7914E-5
19597,4.3781E-5
19598,1.6421E-5
19599,4.0545E-5
19600,3.2857E-5
19601,6.4552E-5
19602,8.48398E-4
19603,3.8107E-5
19604,2.921E-5
19605,3.6217E-5
19606,2.1037E-5
19607,3.298E-5
19608,3.1947E-5
19609,9.867E-6
19610,4.2148E-5
19611,3.9574E-5
19612,3.0299E-5
19613,1.2125E-5
19614,4.5976E-5
19615,2.6621E-5
19616,4.644E-5
19617,7.873E-5
19618,4.4671E-5
19619,3.5285E-5
19620,1.1958E-5
19621,4.5077E-5
19622,4.6016E-5
19623,4.3353E-5
19624,3.8159E-5
19625,3.7431E-5
19626,6.1647E-5
19627,2.0686E-5
19628,2.8729E-5
19629,2.4967E-5
19630,2.5885E-5
19631,3.466E-5
19632,2.7752E-5
19633,5.1083E-5
19634,3.3E-5
19635,4.3177E-5
19636,5.8694E-5
19637,3.6454E-5
19638,4.6831E-5
19639,5.1832E-5
19640,5.5853E-5
19641,4.6508E-5
19642,6.3485E-5
19643,5.4421E-5
19644,6.2216E-5
19645,4.4894E-5
19646,1.2429E-5
19647,4.9808E-5
19648,0.001194467
19649,4.1837E-5
19650,3.3275E-5
19651,5.6164E-5
19652,5.204E-5
19653,3.2216E-5
19654,1.982E-5
19655,5.0026E-5
19656,4.9166E-5
19657,3.4115E-5
19658,3.8754E-5
19659,4.7262E-5
19660,5.3209E-5
19661,3.5912E-5
19662,3.8857E-5
19663,3.5597E-5
19664,5.3869E-5
19665,3.9515E-5
19666,2.8568E-5
19667,2.0287E-5
19668,3.7167E-5
19669,1.9328E-5
19670,3.9818E-5
19671,2.6704E-5
19672,5.0005E-5
19673,7.8787E-5
19674,2.1401E-5
19675,5.1696E-5
19676,2.6827E-5
19677,4.9712E-5
19678,5.4843E-5
19679,6.0539E-5
19680,3.4685E-5
19681,4.8072E-5
19682,3.6075E-5
19683,4.2961E-5
19684,3.4302E-5
19685,3.2241E-5
19686,4.2578E-5
19687,5.2271E-5
19688,5.1803E-5
19689,3.2464E-5
19690,3.8732E-5
19691,3.4072E-5
19692,1.923E-5
19693,1.06E-7
19694,3.2077E-5
19695,3.7472E-5
19696,3.9185E-5
19697,5.4509E-5
19698,4.7612E-5
19699,1.06E-7
19700,1.36E-7
19701,3.2748E-5
19702,2.6153E-5
19703,2.393E-5
19704,2.102E-5
19705,3.0765E-5
19706,3.6033E-5
19707,7.2039E-5
19708,4.2953E-5
19709,4.864E-5
19710,2.8615E-5
19711,4.9156E-5
19712,4.3099E-5
19713,6.3503E-5
19714,4.2134E-5
19715,4.1232E-5
19716,1.11E-7
19717,3.8421E-5
19718,6.1532E-5
19719,1.7262E-5
19720,4.3454E-5
19721,4.3737E-5
19722,2.2088E-5
19723,3.3137E-5
19724,5.1968E-5
19725,2.6007E-5
19726,3.9193E-5
19727,2.5756E-5
19728,0.096229621
19729,3.7119E-5
19730,2.9923E-5
19731,3.3846E-5
19732,5.4687E-5
19733,4.7531E-5
19734,4.6941E-5
19735,7.3168E-5
19736,5.7544E-5
19737,5.7497E-5
19738,4.5568E-5
19739,4.7183E-5
19740,2.95E-5
19741,4.4345E-5
19742,5.6332E-5
19743,2.2901E-5
19744,4.895E-5
19745,2.3216E-5
19746,4.8195E-5
19747,9.3152E-5
19748,1.2719E-5
19749,2.7488E-5
19750,3.6048E-5
19751,1.9955E-5
19752,2.856E-5
19753,2.7867E-5
19754,6.0816E-5
19755,9.3353E-5
19756,2.9899E-5
19757,2.9329E-5
19758,3.9469E-5
19759,1.8045E-5
19760,5.5601E-5
19761,3.0015E-5
19762,4.8898E-5
19763,2.5657E-5
19764,6.2756E-5
19765,4.423E-5
19766,4.5461E-5
19767,4.1701E-5
19768,3.4624E-5
19769,3.5432E-5
19770,5.8019E-5
19771,3.8234E-5
19772,6.1186E-5
19773,1.7965E-5
19774,2.7289E-5
19775,5.564E-5
19776,5.5643E-5
19777,2.9116E-5
19778,4.0152E-5
19779,2.33E-5
19780,3.4728E-5
19781,3.6937E-5
19782,4.1911E-5
19783,1.1049E-5
19784,4.2259E-5
19785,0.017469302
19786,4.5054E-5
19787,5.3804E-5
19788,3.3995E-5
19789,5.2178E-5
19790,4.2996E-5
19791,4.051E-5
19792,5.2664E-5
19793,4.8047E-5
19794,2.5793E-5
19795,3.8298E-5
19796,5.1351E-5
19797,1.3898E-5
19798,3.4111E-5
19799,4.6112E-5
19800,3.7914E-5
19801,3.3913E-5
19802,6.5401E-5
19803,4.348E-5
19804,5.1727E-5
19805,1.06E-7
19806,3.4656E-5
19807,1.2159E-5
19808,5.1197E-5
19809,4.0671E-5
19810,0.004090889
19811,3.8231E-5
19812,1.2099E-5
19813,3.5822E-5
19814,5.1963E-5
19815,1.568E-5
19816,5.1578E-5
19817,4.4457E-5
19818,3.3538E-5
19819,1.8329E-5
19820,2.0427E-5
19821,3.5437E-5
19822,7.5043E-5
19823,6.5477E-5
19824,2.8504E-5
19825,2.4632E-5
19826,7.0281E-5
19827,6.7219E-5
19828,3.8001E-5
19829,2.9969E-5
19830,2.0187E-5
19831,3.4574E-5
19832,3.036E-5
19833,5.846E-5
19834,3.4702E-5
19835,3.2749E-5
19836,1.1587E-5
19837,8.4215E-5
19838,4.2177E-5
19839,1.2E-7
19840,4.6558E-5
19841,1.1374E-5
19842,2.9826E-5
19843,5.2887E-5
19844,2.2212E-5
19845,1.9606E-5
19846,7.7321E-5
19847,8.6104E-5
19848,6.5297E-5
19849,2.9977E-5
19850,3.4809E-5
19851,3.3642E-5
19852,3.1416E-5
19853,3.9053E-5
19854,2.1451E-5
19855,4.9466E-5
19856,4.6676E-5
19857,3.9675E-5
19858,9.0424E-5
19859,5.2991E-5
19860,1.848E-5
19861,4.5591E-5
19862,5.0864E-5
19863,2.0798E-5
19864,1.1E-7
19865,4.6196E-5
19866,0.575099445
19867,6.5616E-5
19868,2.79E-5
19869,5.1853E-5
19870,5.4923E-5
19871,3.137E-5
19872,3.381E-5
19873,4.1117E-5
19874,3.1082E-5
19875,4.5265E-5
19876,1.4754E-5
19877,4.5893E-5
19878,3.0694E-5
19879,2.9722E-5
19880,3.3895E-5
19881,2.2809E-5
19882,3.1463E-5
19883,1.0211E-5
19884,5.2517E-5
19885,4.9008E-5
19886,2.9164E-5
19887,1.5754E-5
19888,4.1994E-5
19889,1.9277E-5
19890,6.8636E-5
19891,4.742E-5
19892,2.1695E-5
19893,2.224E-5
19894,6.4451E-5
19895,4.4265E-5
19896,4.6126E-5
19897,2.4094E-5
19898,5.0791E-5
19899,4.3798E-5
19900,4.2159E-5
19901,4.2184E-5
19902,4.9943E-5
19903,4.6635E-5
19904,4.3081E-5
19905,3.6244E-5
19906,7.5946E-5
19907,2.9809E-5
19908,4.8622E-5
19909,5.2112E-5
19910,1.3956E-5
19911,3.7338E-5
19912,1.5323E-5
19913,2.9027E-5
19914,6.5336E-5
19915,1.16E-7
19916,3.8327E-5
19917,2.2544E-5
19918,1.824E-5
19919,1.3842E-5
19920,2.8625E-5
19921,3.5701E-5
19922,4.1406E-5
19923,4.5508E-5
19924,3.6596E-5
19925,2.6891E-5
19926,3.8715E-5
19927,9.1226E-5
19928,5.6349E-5
19929,3.0376E-5
19930,5.7822E-5
19931,6.3831E-5
19932,1.7742E-5
19933,5.1973E-5
19934,4.3496E-5
19935,3.0335E-5
19936,6.0267E-5
19937,3.2308E-5
19938,2.8962E-5
19939,4.1805E-5
19940,6.4436E-5
19941,1.4496E-5
19942,2.4902E-5
19943,3.0784E-5
19944,2.6729E-5
19945,3.7983E-5
19946,5.0308E-5
19947,4.0798E-5
19948,3.3659E-5
19949,4.8337E-5
19950,2.1489E-5
19951,3.9467E-5
19952,3.4502E-5
19953,4.0694E-5
19954,2.4229E-5
19955,5.3819E-5
19956,8.474E-6
19957,1.1634E-5
19958,2.6409E-5
19959,5.35E-5
19960,2.74E-5
19961,2.9917E-5
19962,2.5282E-5
19963,3.1631E-5
19964,7.6717E-5
19965,1.09211E-4
19966,6.2635E-5
19967,1.0447E-5
19968,6.443E-5
19969,2.732E-5
19970,3.2508E-5
19971,2.6308E-5
19972,4.2562E-5
19973,3.594E-5
19974,1.1056E-5
19975,2.4096E-5
19976,6.4355E-5
19977,1.9518E-5
19978,3.2348E-5
19979,1.6132E-5
19980,1.8608E-5
19981,1.8564E-5
19982,3.9349E-5
19983,4.2348E-5
19984,7.4905E-5
19985,8.0689E-5
19986,5.4237E-5
19987,0.035150457
19988,3.6832E-5
19989,5.6598E-5
19990,4.4656E-5
19991,3.4613E-5
19992,4.8182E-5
19993,5.61953E-4
19994,5.4588E-5
19995,4.1478E-5
19996,1.4431E-5
19997,3.9137E-5
19998,3.8187E-5
19999,5.412E-5
20000,4.484E-5
20001,3.4815E-5
20002,3.3491E-5
20003,2.2305E-5
20004,4.765E-5
20005,4.2888E-5
20006,1.7574E-5
20007,6.2511E-5
20008,3.6598E-5
20009,5.3264E-5
20010,4.6011E-5
20011,4.2624E-5
20012,3.242E-5
20013,3.9633E-5
20014,3.8684E-5
20015,6.2986E-5
20016,4.3301E-5
20017,3.6973E-5
20018,5.1861E-5
20019,3.635E-5
20020,4.8856E-5
20021,4.2222E-5
20022,1.9518E-5
20023,1.0155E-5
20024,1.17901E-4
20025,5.1021E-5
20026,2.8414E-5
20027,3.7555E-5
20028,3.4483E-5
20029,5.4563E-5
20030,4.3583E-5
20031,2.8858E-5
20032,3.5354E-5
20033,6.6655E-5
20034,1.4648E-5
20035,7.4447E-5
20036,5.4342E-5
20037,3.9996E-5
20038,3.8494E-5
20039,5.531E-5
20040,4.3234E-5
20041,7.0914E-5
20042,4.5759E-5
20043,3.6679E-5
20044,3.2042E-5
20045,8.1672E-5
20046,8.2735E-5
20047,7.3121E-5
20048,2.0796E-5
20049,1.06E-7
20050,7.303E-5
20051,3.7876E-5
20052,3.4985E-5
20053,2.8741E-5
20054,3.2658E-5
20055,0.006085882
20056,5.1159E-5
20057,4.7888E-5
20058,2.9378E-5
20059,2.6858E-5
20060,4.9289E-5
20061,3.4075E-5
20062,4.4925E-5
20063,1.643E-5
20064,3.0493E-5
20065,5.4115E-5
20066,5.4869E-5
20067,2.6547E-5
20068,4.3408E-5
20069,6.7126E-5
20070,4.8647E-5
20071,7.128E-5
20072,3.1017E-5
20073,9.371E-6
20074,3.8474E-5
20075,1.679E-5
20076,5.7823E-5
20077,1.1479E-5
20078,6.3081E-5
20079,1.7734E-5
20080,5.0517E-5
20081,5.3337E-5
20082,3.4481E-5
20083,3.2412E-5
20084,2.0453E-5
20085,4.9965E-5
20086,5.143E-5
20087,1.2511E-5
20088,4.8733E-5
20089,3.5696E-5
20090,3.7021E-5
20091,3.6261E-5
20092,3.5753E-5
20093,1.632E-5
20094,3.1131E-5
20095,2.6891E-5
20096,5.5336E-5
20097,7.5182E-5
20098,3.3144E-5
20099,3.3795E-5
20100,1.8248E-5
20101,3.8278E-5
20102,2.6533E-5
20103,2.7009E-5
20104,3.0503E-5
20105,1.8108E-5
20106,4.1011E-5
20107,6.0956E-5
20108,2.815E-5
20109,4.6699E-5
20110,5.0047E-5
20111,3.2331E-5
20112,7.049E-5
20113,6.9228E-5
20114,4.9812E-5
20115,1.65E-7
20116,2.9918E-5
20117,2.0872E-5
20118,2.4326E-5
20119,5.514E-5
20120,4.8253E-5
20121,3.4993E-5
20122,3.1832E-5
20123,4.2435E-5
20124,2.9847E-5
20125,8.5768E-5
20126,3.4283E-5
20127,1.05E-7
20128,5.0545E-5
20129,1.4731E-5
20130,7.0047E-5
20131,4.1811E-5
20132,3.1852E-5
20133,5.0623E-5
20134,3.503E-5
20135,3.2067E-5
20136,4.3398E-5
20137,2.1299E-5
20138,5.0526E-5
20139,2.871E-5
20140,4.1116E-5
20141,3.9341E-5
20142,6.45E-5
20143,4.1837E-5
20144,5.2537E-5
20145,3.9331E-5
20146,4.4272E-5
20147,1.429E-5
20148,4.1195E-5
20149,2.9785E-5
20150,2.4966E-5
20151,0.0034054
20152,5.5003E-5
20153,2.2555E-5
20154,3.5715E-5
20155,1.5783E-5
20156,3.1838E-5
20157,7.8781E-5
20158,7.3346E-5
20159,1.4007E-5
20160,3.9365E-5
20161,4.2996E-5
20162,2.7165E-5
20163,3.1104E-5
20164,3.7835E-5
20165,7.2234E-5
20166,4.6244E-5
20167,3.1442E-5
20168,2.7872E-5
20169,2.6215E-5
20170,5.352E-5
20171,4.5392E-5
20172,3.25E-5
20173,3.0282E-5
20174,3.324E-5
20175,2.6502E-5
20176,4.8621E-5
20177,6.0297E-5
20178,1.1828E-5
20179,2.859E-5
20180,3.3425E-5
20181,1.14E-7
20182,4.1605E-5
20183,3.3865E-5
20184,4.8402E-5
20185,2.1825E-5
20186,6.8923E-5
20187,3.9238E-5
20188,1.05E-7
20189,3.882E-5
20190,3.8795E-5
20191,9.6637E-5
20192,3.7242E-5
20193,7.6588E-5
20194,1.8027E-5
20195,2.9199E-5
20196,4.0213E-5
20197,5.2261E-5
20198,8.3037E-5
20199,2.1114E-5
20200,4.1976E-5
20201,1.5394E-5
20202,2.9029E-5
20203,6.5196E-5
20204,3.3235E-5
20205,1.0434E-5
20206,3.8733E-5
20207,4.4085E-5
20208,2.8926E-5
20209,6.0964E-5
20210,4.351E-5
20211,1.7158E-5
20212,5.2491E-5
20213,5.3452E-5
20214,6.4059E-5
20215,2.6596E-5
20216,5.5238E-5
20217,3.6387E-5
20218,1.9399E-5
20219,4.1064E-5
20220,2.7369E-5
20221,2.2754E-5
20222,1.4787E-5
20223,1.6709E-5
20224,5.7561E-5
20225,4.9078E-5
20226,5.3174E-5
20227,3.2994E-5
20228,3.6211E-5
20229,8.613E-6
20230,2.1247E-5
20231,4.0472E-5
20232,1.04E-7
20233,3.0393E-5
20234,4.5876E-5
20235,5.6091E-5
20236,6.9399E-5
20237,3.6422E-5
20238,7.6274E-5
20239,4.7307E-5
20240,5.2939E-5
20241,4.6062E-5
20242,1.297E-5
20243,6.4308E-5
20244,4.3097E-5
20245,5.2883E-5
20246,4.0831E-5
20247,3.9872E-5
20248,6.5207E-5
20249,5.4959E-5
20250,4.7213E-5
20251,7.5441E-5
20252,5.3698E-5
20253,2.4023E-5
20254,1.0205E-5
20255,5.7751E-5
20256,6.2592E-5
20257,3.2438E-5
20258,1.6993E-5
20259,3.4064E-5
20260,7.0234E-5
20261,3.3671E-5
20262,4.3412E-5
20263,5.8225E-5
20264,4.7788E-5
20265,6.4444E-5
20266,3.4648E-5
20267,3.4178E-5
20268,4.6698E-5
20269,2.5546E-5
20270,2.6477E-5
20271,1.34E-7
20272,6.468E-5
20273,2.8545E-5
20274,1.7806E-5
20275,6.9396E-5
20276,5.4078E-5
20277,2.3216E-5
20278,4.2032E-5
20279,4.0342E-5
20280,3.9158E-5
20281,2.8396E-5
20282,2.5177E-5
20283,5.0148E-5
20284,1.7876E-5
20285,6.4606E-5
20286,3.1092E-5
20287,3.8357E-5
20288,2.6274E-5
20289,5.4375E-5
20290,3.2728E-5
20291,4.3973E-5
20292,4.3754E-5
20293,5.3051E-5
20294,1.22E-5
20295,5.0222E-5
20296,8.1722E-5
20297,2.3499E-5
20298,5.9722E-5
20299,4.9553E-5
20300,1.9297E-5
20301,1.12E-7
20302,6.3311E-5
20303,8.0297E-5
20304,2.6124E-5
20305,2.3315E-5
20306,4.6451E-5
20307,2.768E-5
20308,5.6457E-5
20309,3.6316E-5
20310,1.3871E-5
20311,2.3222E-5
20312,3.8977E-5
20313,1.5541E-5
20314,5.6996E-5
20315,3.9766E-5
20316,4.1102E-5
20317,1.11E-7
20318,4.2164E-5
20319,8.7496E-5
20320,2.9042E-5
20321,0.001342903
20322,4.5897E-5
20323,3.3568E-5
20324,6.9159E-5
20325,4.3911E-5
20326,4.6448E-5
20327,3.8174E-5
20328,4.732E-5
20329,1.6427E-5
20330,4.7397E-5
20331,4.3728E-5
20332,7.0736E-5
20333,4.0903E-5
20334,3.2871E-5
20335,6.135E-5
20336,5.9301E-5
20337,2.5319E-5
20338,3.2803E-5
20339,5.0114E-5
20340,3.1405E-5
20341,5.5954E-5
20342,3.8708E-5
20343,2.7193E-5
20344,8.8988E-5
20345,3.6999E-5
20346,5.7886E-5
20347,1.9062E-5
20348,1.1544E-5
20349,5.3681E-5
20350,1.1109E-5
20351,3.7465E-5
20352,3.6841E-5
20353,5.1729E-5
20354,2.0433E-5
20355,4.277E-5
20356,5.2872E-5
20357,2.4916E-5
20358,2.3811E-5
20359,5.3392E-5
20360,6.0065E-5
20361,4.9811E-5
20362,3.3421E-5
20363,3.908E-5
20364,3.9177E-5
20365,3.8852E-5
20366,4.361E-5
20367,5.5409E-5
20368,3.7576E-5
20369,2.4195E-5
20370,3.559E-5
20371,5.9233E-5
20372,5.9022E-5
20373,3.0411E-5
20374,3.9771E-5
20375,4.0521E-5
20376,5.1627E-5
20377,4.0906E-5
20378,4.407E-5
20379,9.0093E-5
20380,3.7345E-5
20381,3.9931E-5
20382,2.8652E-5
20383,4.9814E-5
20384,4.9508E-5
20385,6.2666E-5
20386,3.4978E-5
20387,3.288E-5
20388,2.4365E-5
20389,1.8762E-5
20390,5.1119E-5
20391,6.2659E-5
20392,1.8203E-5
20393,5.4426E-5
20394,2.2307E-5
20395,4.1976E-5
20396,6.4687E-5
20397,5.5173E-5
20398,4.1378E-5
20399,1.2667E-5
20400,4.784E-5
20401,5.909E-5
20402,1.0206E-5
20403,5.0722E-5
20404,1.0652E-5
20405,1.8539E-5
20406,2.1239E-5
20407,6.9419E-5
20408,4.9742E-5
20409,5.301E-5
20410,3.2182E-5
20411,3.467E-5
20412,4.3237E-5
20413,3.8322E-5
20414,4.8513E-5
20415,4.0341E-5
20416,4.3632E-5
20417,3.4377E-5
20418,3.8716E-5
20419,9.4401E-5
20420,4.5591E-5
20421,2.191E-5
20422,6.4172E-5
20423,4.7425E-5
20424,3.6108E-5
20425,1.9094E-5
20426,4.0478E-5
20427,3.5286E-5
20428,3.1634E-5
20429,3.1592E-5
20430,8.967E-6
20431,4.559E-5
20432,6.2625E-5
20433,3.6081E-5
20434,3.1629E-5
20435,7.8877E-5
20436,3.7749E-5
20437,3.9605E-5
20438,3.041E-5
20439,3.3407E-5
20440,3.2246E-5
20441,5.299E-5
20442,4.7472E-5
20443,1.5569E-5
20444,2.0214E-5
20445,5.1969E-5
20446,7.0792E-5
20447,5.4861E-5
20448,3.051E-5
20449,1.07E-7
20450,5.2459E-5
20451,2.4882E-5
20452,5.8391E-5
20453,3.1068E-5
20454,2.5411E-5
20455,4.7046E-5
20456,3.2761E-5
20457,3.7231E-5
20458,3.0289E-5
20459,4.157E-5
20460,4.4028E-5
20461,3.6196E-5
20462,4.2714E-5
20463,3.8175E-5
20464,1.069E-5
20465,5.774E-5
20466,5.0115E-5
20467,6.6847E-5
20468,1.5911E-5
20469,2.674E-5
20470,6.3311E-5
20471,4.2923E-5
20472,1.2091E-5
20473,9.931E-6
20474,3.8836E-5
20475,5.5096E-5
20476,6.7384E-5
20477,4.16152E-4
20478,4.7875E-5
20479,7.9531E-5
20480,1.9634E-5
20481,1.6598E-5
20482,2.7666E-5
20483,6.2545E-5
20484,4.2609E-5
20485,4.2037E-5
20486,2.1169E-5
20487,5.6242E-5
20488,2.8771E-5
20489,5.7345E-5
20490,1.8979E-5
20491,6.3145E-5
20492,4.7316E-5
20493,3.5863E-5
20494,2.27106E-4
20495,3.6765E-5
20496,3.0467E-5
20497,3.7323E-5
20498,2.2027E-5
20499,4.0561E-5
20500,3.9117E-5
20501,9.4E-6
20502,3.0724E-5
20503,1.9494E-5
20504,5.5528E-5
20505,8.2343E-5
20506,3.3585E-5
20507,2.2218E-5
20508,4.6494E-5
20509,3.6398E-5
20510,2.3365E-5
20511,3.3642E-5
20512,5.675E-5
20513,3.8245E-5
20514,1.17E-7
20515,5.9355E-5
20516,4.6689E-5
20517,4.0552E-5
20518,2.1376E-5
20519,1.2564E-5
20520,8.918E-6
20521,3.9616E-5
20522,2.9177E-5
20523,3.1207E-5
20524,1.8846E-5
20525,4.525E-5
20526,3.3024E-5
20527,2.975E-5
20528,6.0021E-5
20529,4.6823E-5
20530,3.237E-5
20531,3.9252E-5
20532,2.8431E-5
20533,4.4189E-5
20534,4.8731E-5
20535,5.4316E-5
20536,2.7637E-5
20537,6.9314E-5
20538,3.4979E-5
20539,2.8189E-5
20540,4.1888E-5
20541,5.3952E-5
20542,3.9968E-5
20543,4.2495E-5
20544,4.5874E-5
20545,1.2564E-5
20546,2.6671E-5
20547,5.3841E-5
20548,3.2975E-5
20549,5.4135E-5
20550,5.7914E-5
20551,5.5475E-5
20552,1.11E-7
20553,1.1492E-5
20554,6.0972E-5
20555,3.2881E-5
20556,2.5853E-5
20557,4.2008E-5
20558,6.2673E-5
20559,5.0546E-5
20560,6.9344E-5
20561,7.657E-5
20562,7.1448E-5
20563,3.3413E-5
20564,1.3492E-5
20565,4.0853E-5
20566,1.31E-7
20567,1.622E-5
20568,2.2698E-5
20569,3.2136E-5
20570,6.9297E-5
20571,2.9465E-5
20572,8.1545E-5
20573,1.3692E-5
20574,4.0866E-5
20575,4.7063E-5
20576,1.9863E-5
20577,6.1635E-5
20578,3.3642E-5
20579,5.646E-5
20580,2.5813E-5
20581,3.6698E-5
20582,6.7756E-5
20583,7.1656E-5
20584,5.3565E-5
20585,4.1847E-5
20586,6.4666E-5
20587,1.9879E-5
20588,4.0139E-5
20589,4.3648E-5
20590,1.043E-5
20591,4.9258E-5
20592,7.8164E-5
20593,5.8095E-5
20594,3.6883E-5
20595,4.8473E-5
20596,1.134E-5
20597,3.157E-5
20598,4.196E-5
20599,2.1492E-5
20600,7.4441E-5
20601,4.1075E-5
20602,4.6744E-5
20603,2.9108E-5
20604,5.833E-5
20605,3.6148E-5
20606,5.602E-5
20607,4.3276E-5
20608,3.6504E-5
20609,4.0564E-5
20610,3.9524E-5
20611,3.9591E-5
20612,2.0259E-5
20613,1.8232E-5
20614,1.28E-7
20615,2.8763E-5
20616,1.0524E-5
20617,4.2418E-5
20618,4.2785E-5
20619,3.3617E-5
20620,1.0133E-5
20621,1.8845E-5
20622,3.1408E-5
20623,4.0103E-5
20624,3.0448E-5
20625,3.7449E-5
20626,1.38E-7
20627,4.193E-5
20628,3.108E-5
20629,3.9528E-5
20630,4.7022E-5
20631,1.6216E-5
20632,2.8147E-5
20633,5.4417E-5
20634,4.253E-5
20635,2.387E-5
20636,5.1607E-5
20637,3.8174E-5
20638,6.0374E-5
20639,4.5319E-5
20640,4.5283E-5
20641,5.1709E-5
20642,2.5552E-5
20643,5.4657E-5
20644,5.1805E-5
20645,3.7115E-5
20646,4.3065E-5
20647,1.4973E-5
20648,3.6323E-5
20649,6.8323E-5
20650,1.3744E-5
20651,4.7806E-5
20652,3.5227E-5
20653,7.3384E-5
20654,3.6068E-5
20655,2.1757E-5
20656,3.2086E-5
20657,3.4163E-5
20658,4.0734E-5
20659,5.1962E-5
20660,6.3978E-5
20661,4.7451E-5
20662,6.0601E-5
20663,1.6505E-5
20664,5.3022E-5
20665,3.2356E-5
20666,2.6845E-5
20667,4.2697E-5
20668,5.078E-5
20669,1.1495E-5
20670,1.7003E-5
20671,3.7409E-5
20672,6.3398E-5
20673,6.2404E-5
20674,4.5112E-5
20675,8.1913E-5
20676,1.5355E-5
20677,2.7551E-5
20678,4.5469E-5
20679,2.6694E-5
20680,3.0107E-5
20681,2.0628E-5
20682,1.0381E-5
20683,3.3757E-5
20684,4.2595E-5
20685,6.4192E-5
20686,1.9838E-5
20687,5.5692E-5
20688,2.8159E-5
20689,1.034E-5
20690,3.8879E-5
20691,2.9141E-5
20692,2.1935E-5
20693,4.1568E-5
20694,6.3769E-5
20695,1.7327E-5
20696,2.9153E-5
20697,6.0567E-5
20698,4.638E-5
20699,3.2856E-5
20700,4.1863E-5
20701,2.4107E-5
20702,5.0412E-5
20703,3.9998E-5
20704,4.5194E-5
20705,5.4114E-5
20706,3.7434E-5
20707,5.1954E-5
20708,6.4175E-5
20709,2.5903E-5
20710,4.5847E-5
20711,4.5264E-5
20712,4.2463E-5
20713,3.3284E-5
20714,3.6901E-5
20715,4.7466E-5
20716,3.1277E-5
20717,7.1254E-5
20718,4.3608E-5
20719,3.8029E-5
20720,3.282E-5
20721,3.599E-5
20722,5.2221E-5
20723,5.6022E-5
20724,3.8785E-5
20725,5.2637E-5
20726,2.9167E-5
20727,5.1662E-5
20728,2.6531E-5
20729,3.4965E-5
20730,4.7505E-5
20731,5.7989E-5
20732,6.5461E-5
20733,1.6953E-5
20734,6.1813E-5
20735,3.1463E-5
20736,4.0142E-5
20737,4.6745E-5
20738,4.1056E-5
20739,7.691E-6
20740,4.8296E-5
20741,4.7777E-5
20742,2.2106E-5
20743,3.4344E-5
20744,4.3993E-5
20745,2.9727E-5
20746,0.001451004
20747,3.1426E-5
20748,7.352E-5
20749,4.6378E-5
20750,5.6693E-5
20751,5.3458E-5
20752,3.9177E-5
20753,4.4484E-5
20754,6.3907E-5
20755,3.121E-5
20756,6.1007E-5
20757,4.8616E-5
20758,2.7115E-5
20759,3.8406E-5
20760,3.2656E-5
20761,2.3475E-5
20762,4.6293E-5
20763,2.2706E-5
20764,3.3897E-5
20765,5.5787E-5
20766,5.3673E-5
20767,4.5053E-5
20768,6.349E-5
20769,5.3482E-5
20770,5.6166E-5
20771,3.9985E-5
20772,4.4439E-5
20773,1.969E-5
20774,7.476E-5
20775,3.2119E-5
20776,3.2802E-5
20777,3.692E-5
20778,3.2427E-5
20779,3.6642E-5
20780,1.4554E-5
20781,3.6621E-5
20782,3.1579E-5
20783,2.2868E-5
20784,5.6953E-5
20785,4.8493E-5
20786,6.7269E-5
20787,3.6721E-5
20788,1.5819E-5
20789,4.7146E-5
20790,2.1407E-5
20791,2.2873E-5
20792,4.2306E-5
20793,4.6245E-5
20794,3.9045E-5
20795,6.9362E-5
20796,1.4258E-5
20797,2.7626E-5
20798,8.8516E-5
20799,6.9645E-5
20800,6.8818E-5
20801,6.3505E-5
20802,4.3407E-5
20803,1.2731E-5
20804,5.8019E-5
20805,3.7802E-5
20806,7.6637E-5
20807,7.3357E-5
20808,3.9911E-5
20809,6.9984E-5
20810,7.9387E-5
20811,7.1227E-5
20812,6.0822E-5
20813,9.386E-6
20814,4.7899E-5
20815,5.1215E-5
20816,3.5553E-5
20817,4.248E-5
20818,6.5669E-5
20819,7.6196E-5
20820,6.0097E-5
20821,9.6883E-5
20822,3.3333E-5
20823,4.5039E-5
20824,8.909E-6
20825,7.0107E-5
20826,4.3269E-5
20827,5.8106E-5
20828,2.1543E-5
20829,1.1584E-5
20830,3.9245E-5
20831,5.4236E-5
20832,3.0128E-5
20833,1.04E-7
20834,6.0501E-5
20835,4.6799E-5
20836,4.3003E-5
20837,6.8797E-5
20838,3.4521E-5
20839,1.8538E-5
20840,4.9686E-5
20841,2.6381E-5
20842,2.0918E-5
20843,4.14E-5
20844,1.17E-7
20845,2.3492E-5
20846,4.6955E-5
20847,3.0521E-5
20848,2.1496E-5
20849,3.165E-5
20850,4.3995E-5
20851,6.4917E-5
20852,4.5845E-5
20853,4.6169E-5
20854,2.7632E-5
20855,5.8608E-5
20856,5.0966E-5
20857,1.5341E-5
20858,2.7812E-5
20859,4.6005E-5
20860,1.06E-7
20861,3.3304E-5
20862,8.4663E-5
20863,1.01E-7
20864,2.7414E-5
20865,2.9534E-5
20866,5.428E-5
20867,3.2815E-5
20868,2.4075E-5
20869,1.732E-5
20870,2.81E-5
20871,5.5938E-5
20872,3.4725E-5
20873,3.967E-5
20874,5.0782E-5
20875,1.6062E-5
20876,5.7394E-5
20877,2.3201E-5
20878,3.4715E-5
20879,3.2022E-5
20880,7.0757E-5
20881,3.829E-5
20882,6.7066E-5
20883,6.9694E-5
20884,2.6459E-5
20885,2.4252E-5
20886,5.2333E-5
20887,5.9149E-5
20888,6.803E-5
20889,4.3577E-5
20890,3.9914E-5
20891,2.4538E-5
20892,5.9065E-5
20893,2.2109E-5
20894,3.8315E-5
20895,2.2719E-5
20896,8.2773E-5
20897,3.3836E-5
20898,4.0965E-5
20899,6.4878E-5
20900,4.8833E-5
20901,2.375E-5
20902,5.5233E-5
20903,6.5253E-5
20904,5.0396E-5
20905,5.7311E-5
20906,3.2166E-5
20907,5.1328E-5
20908,3.3316E-5
20909,2.8052E-5
20910,6.1975E-5
20911,3.274E-5
20912,4.7478E-5
20913,4.8967E-5
20914,3.4835E-5
20915,2.1843E-5
20916,2.0607E-5
20917,4.2525E-5
20918,1.8732E-5
20919,5.2333E-5
20920,3.5825E-5
20921,3.747E-5
20922,4.0627E-5
20923,3.8716E-5
20924,5.2969E-5
20925,5.467E-5
20926,7.1045E-5
20927,5.1893E-5
20928,5.9819E-5
20929,4.2613E-5
20930,5.1392E-5
20931,4.1329E-5
20932,1.15E-7
20933,2.6123E-5
20934,2.0257E-5
20935,5.4914E-5
20936,4.1137E-5
20937,7.9089E-5
20938,6.5564E-5
20939,2.6603E-5
20940,1.8732E-5
20941,3.8997E-5
20942,7.5508E-5
20943,6.3666E-5
20944,5.4791E-5
20945,3.9588E-5
20946,5.5284E-5
20947,4.2471E-5
20948,3.6022E-5
20949,3.7884E-5
20950,5.7681E-5
20951,2.722E-5
20952,3.0922E-5
20953,5.7597E-5
20954,4.6805E-5
20955,2.4967E-5
20956,3.893E-5
20957,3.2864E-5
20958,3.0259E-5
20959,4.6547E-5
20960,3.9228E-5
20961,3.7037E-5
20962,3.8376E-5
20963,6.5754E-5
20964,2.6997E-5
20965,4.6967E-5
20966,3.6881E-5
20967,5.8969E-5
20968,4.778E-5
20969,5.2426E-5
20970,3.4893E-5
20971,4.3159E-5
20972,2.5843E-5
20973,2.233E-5
20974,5.3525E-5
20975,5.2627E-5
20976,1.4164E-5
20977,6.7771E-5
20978,2.8692E-5
20979,5.4066E-5
20980,4.9107E-5
20981,3.8496E-5
20982,1.1546E-5
20983,4.9819E-5
20984,2.1571E-5
20985,2.6265E-5
20986,5.6963E-5
20987,3.9182E-5
20988,5.6806E-5
20989,7.0857E-5
20990,4.9502E-5
20991,4.1228E-5
20992,5.904E-5
20993,3.4754E-5
20994,3.9451E-5
20995,4.2959E-5
20996,5.7387E-5
20997,5.4682E-5
20998,4.3491E-5
20999,2.1516E-5
21000,3.0196E-5
21001,1.8855E-5
21002,3.6173E-5
21003,5.7239E-5
21004,4.4735E-5
21005,4.2235E-5
21006,4.2424E-5
21007,2.5168E-5
21008,2.235E-5
21009,1.3189E-5
21010,4.5383E-5
21011,5.2227E-5
21012,4.1346E-5
21013,5.8165E-5
21014,3.909E-5
21015,2.6394E-5
21016,7.3411E-5
21017,2.9027E-5
21018,2.4785E-5
21019,5.0767E-5
21020,1.0074E-5
21021,3.0163E-5
21022,4.0879E-5
21023,3.5175E-5
21024,7.6704E-5
21025,3.0741E-5
21026,4.245E-5
21027,1.01884E-4
21028,4.965E-5
21029,2.7828E-5
21030,1.5419E-5
21031,5.7818E-5
21032,5.8944E-5
21033,6.5679E-5
21034,4.1233E-5
21035,4.526E-5
21036,2.6265E-5
21037,4.5454E-5
21038,4.827E-5
21039,5.0268E-5
21040,5.6268E-5
21041,3.5372E-5
21042,3.7853E-5
21043,7.7681E-5
21044,8.5156E-5
21045,3.4927E-5
21046,4.507E-5
21047,9.2327E-5
21048,2.0709E-5
21049,4.78E-5
21050,6.5052E-5
21051,3.392E-5
21052,3.7634E-5
21053,3.5389E-5
21054,1.6669E-5
21055,5.8033E-5
21056,5.2472E-5
21057,4.3267E-5
21058,4.0775E-5
21059,2.1523E-5
21060,2.8653E-5
21061,6.8795E-5
21062,4.6941E-5
21063,6.0351E-5
21064,3.5581E-5
21065,2.5997E-5
21066,5.1542E-5
21067,3.315E-5
21068,5.4421E-5
21069,1.6588E-5
21070,6.1562E-5
21071,5.4045E-5
21072,4.7588E-5
21073,1.2924E-5
21074,4.7828E-5
21075,1.3957E-5
21076,5.0509E-5
21077,3.9638E-5
21078,3.7861E-5
21079,5.0583E-5
21080,3.3432E-5
21081,4.5041E-5
21082,5.5066E-5
21083,2.1566E-5
21084,2.8995E-5
21085,5.679E-5
21086,3.9577E-5
21087,5.9094E-5
21088,0.012408238
21089,3.7296E-5
21090,4.1108E-5
21091,6.6719E-5
21092,1.5962E-5
21093,4.2626E-5
21094,4.7506E-5
21095,6.108E-5
21096,6.4361E-5
21097,7.7433E-5
21098,1.9343E-5
21099,6.0926E-5
21100,3.2658E-5
21101,7.1283E-5
21102,9.7E-8
21103,4.2918E-5
21104,2.298E-5
21105,2.7863E-5
21106,1.7642E-5
21107,2.1391E-5
21108,3.1196E-5
21109,2.2555E-5
21110,1.9345E-5
21111,5.2343E-5
21112,6.0722E-5
21113,2.9362E-5
21114,3.0634E-5
21115,3.5449E-5
21116,4.7477E-5
21117,6.2923E-5
21118,4.9442E-5
21119,4.3334E-5
21120,5.0472E-5
21121,3.782E-5
21122,3.2713E-5
21123,6.4104E-5
21124,1.6284E-5
21125,5.744E-5
21126,7.3414E-5
21127,2.5073E-5
21128,4.002E-5
21129,4.66E-5
21130,4.4472E-5
21131,2.6281E-5
21132,4.1164E-5
21133,6.3822E-5
21134,6.3189E-5
21135,7.6067E-5
21136,1.5587E-5
21137,6.9835E-5
21138,2.8574E-5
21139,3.7126E-5
21140,4.4836E-5
21141,4.8216E-5
21142,3.0068E-5
21143,5.411E-5
21144,5.6761E-5
21145,4.9529E-5
21146,3.4426E-5
21147,2.6699E-5
21148,3.6084E-5
21149,8.7231E-5
21150,4.0568E-5
21151,1.7726E-5
21152,4.7338E-5
21153,1.6813E-5
21154,1.16149E-4
21155,3.691E-5
21156,1.6932E-5
21157,5.7113E-5
21158,6.3201E-5
21159,4.256E-5
21160,4.2985E-5
21161,4.2962E-5
21162,5.2694E-5
21163,6.8705E-5
21164,5.6278E-5
21165,4.1534E-5
21166,3.643E-5
21167,4.5075E-5
21168,3.2991E-5
21169,2.0595E-5
21170,2.7509E-5
21171,6.9008E-5
21172,3.9311E-5
21173,5.132E-5
21174,2.9849E-5
21175,4.8803E-5
21176,2.5149E-5
21177,1.9528E-5
21178,2.8203E-5
21179,4.2006E-5
21180,4.5262E-5
21181,4.8639E-5
21182,3.8485E-5
21183,1.8454E-5
21184,4.0459E-5
21185,5.1681E-5
21186,2.3116E-5
21187,6.4973E-5
21188,4.0574E-5
21189,3.9002E-5
21190,4.2446E-5
21191,3.2732E-5
21192,5.4796E-5
21193,7.0994E-5
21194,3.9603E-5
21195,6.4115E-5
21196,2.4712E-5
21197,8.6461E-5
21198,5.8186E-5
21199,3.2763E-5
21200,1.9429E-5
21201,5.9926E-5
21202,6.343E-5
21203,5.5198E-5
21204,5.6578E-5
21205,5.034E-5
21206,3.6057E-5
21207,1.0141E-5
21208,5.8371E-5
21209,6.2211E-5
21210,4.9107E-5
21211,4.4179E-5
21212,2.4326E-5
21213,4.9719E-5
21214,3.7833E-5
21215,2.1237E-5
21216,1.6624E-5
21217,4.5191E-5
21218,3.5602E-5
21219,2.264E-5
21220,5.7868E-5
21221,3.3682E-5
21222,1.4279E-5
21223,6.5909E-5
21224,4.0811E-5
21225,3.7203E-5
21226,4.6021E-5
21227,3.4349E-5
21228,3.0272E-5
21229,1.7401E-5
21230,4.2354E-5
21231,7.2295E-5
21232,5.4536E-5
21233,3.9369E-5
21234,2.859E-5
21235,1.67E-7
21236,5.8125E-5
21237,3.2822E-5
21238,6.4602E-5
21239,3.5382E-5
21240,3.878E-5
21241,2.5859E-5
21242,6.3581E-5
21243,2.1002E-5
21244,5.3915E-5
21245,3.3631E-5
21246,3.5173E-5
21247,5.708E-5
21248,2.4408E-5
21249,9.5293E-5
21250,4.3515E-5
21251,6.9787E-5
21252,1.5963E-5
21253,3.0497E-5
21254,6.2813E-5
21255,5.2546E-5
21256,4.3934E-5
21257,5.9604E-5
21258,4.0857E-5
21259,6.3185E-5
21260,6.0882E-5
21261,4.8706E-5
21262,1.4191E-5
21263,1.9296E-5
21264,4.3962E-5
21265,8.0026E-5
21266,5.5757E-5
21267,3.9704E-5
21268,2.4727E-5
21269,3.3675E-5
21270,6.7669E-5
21271,6.2923E-5
21272,5.9146E-5
21273,6.7577E-5
21274,1.2968E-5
21275,4.5702E-5
21276,2.7426E-5
21277,5.2454E-5
21278,1.7069E-5
21279,3.3732E-5
21280,3.8459E-5
21281,3.6411E-5
21282,5.3777E-5
21283,5.6073E-5
21284,3.5471E-5
21285,7.1903E-5
21286,2.3166E-5
21287,7.7947E-5
21288,3.5487E-5
21289,1.4606E-5
21290,3.1864E-5
21291,2.1139E-5
21292,2.279E-5
21293,6.6856E-5
21294,1.8737E-5
21295,3.9464E-5
21296,6.6867E-5
21297,6.362E-5
21298,2.6332E-5
21299,4.439E-5
21300,4.5986E-5
21301,4.3942E-5
21302,4.0304E-5
21303,3.8502E-5
21304,9.6299E-5
21305,5.6289E-5
21306,8.546E-6
21307,4.0001E-5
21308,4.6305E-5
21309,2.7025E-5
21310,3.164E-5
21311,3.8538E-5
21312,6.6409E-5
21313,0.033577308
21314,4.3141E-5
21315,5.3274E-5
21316,3.3383E-5
21317,3.3389E-5
21318,6.0519E-5
21319,1.9357E-5
21320,2.5753E-5
21321,4.046E-5
21322,2.9919E-5
21323,6.4851E-5
21324,4.6713E-5
21325,7.5029E-5
21326,2.3797E-5
21327,3.5158E-5
21328,7.2736E-5
21329,6.2437E-5
21330,3.7697E-5
21331,2.2469E-5
21332,7.6496E-5
21333,2.4698E-5
21334,7.6654E-5
21335,3.046E-5
21336,4.3386E-5
21337,3.1291E-5
21338,4.5816E-5
21339,1.9882E-5
21340,3.2327E-5
21341,4.0523E-5
21342,4.8731E-5
21343,2.6553E-5
21344,1.4783E-5
21345,7.6001E-5
21346,7.2313E-5
21347,5.0663E-5
21348,3.2067E-5
21349,1.2E-7
21350,2.5974E-5
21351,6.3768E-5
21352,4.3715E-5
21353,5.6485E-5
21354,5.8654E-5
21355,6.7618E-5
21356,4.3776E-5
21357,6.397E-5
21358,3.5268E-5
21359,6.4633E-5
21360,5.9552E-5
21361,5.9566E-5
21362,3.486E-5
21363,3.5852E-5
21364,7.0984E-5
21365,4.4325E-5
21366,3.5176E-5
21367,4.2205E-5
21368,5.2827E-5
21369,3.2086E-5
21370,5.797E-5
21371,4.3553E-5
21372,3.2831E-5
21373,6.6376E-5
21374,3.6114E-5
21375,2.5841E-5
21376,4.8525E-5
21377,1.6468E-5
21378,3.3842E-5
21379,3.9358E-5
21380,2.442E-5
21381,4.0677E-5
21382,1.368E-5
21383,6.8735E-5
21384,5.8507E-5
21385,3.239E-5
21386,6.2707E-5
21387,3.6382E-5
21388,1.6523E-5
21389,6.9585E-5
21390,3.2772E-5
21391,5.1443E-5
21392,4.6669E-5
21393,4.3094E-5
21394,2.9278E-5
21395,5.0944E-5
21396,2.5661E-5
21397,4.3022E-5
21398,5.2159E-5
21399,5.0674E-5
21400,4.5281E-5
21401,4.5893E-5
21402,4.8255E-5
21403,2.2491E-5
21404,3.8358E-5
21405,3.8356E-5
21406,4.2929E-5
21407,6.4259E-5
21408,5.4001E-5
21409,3.6637E-5
21410,5.9479E-5
21411,5.0815E-5
21412,3.3278E-5
21413,2.6938E-5
21414,4.6811E-5
21415,3.2137E-5
21416,3.6933E-5
21417,4.1443E-5
21418,1.9222E-5
21419,4.1124E-5
21420,5.3136E-5
21421,8.8823E-5
21422,3.451E-5
21423,3.3858E-5
21424,6.641E-5
21425,9.3743E-5
21426,6.4718E-5
21427,5.7044E-5
21428,5.362E-5
21429,2.5791E-5
21430,5.1423E-5
21431,2.8675E-5
21432,2.6024E-5
21433,5.8342E-5
21434,5.7484E-5
21435,2.8931E-5
21436,7.9963E-5
21437,4.9516E-5
21438,5.6829E-5
21439,9.134E-6
21440,3.7553E-5
21441,1.1647E-5
21442,5.6661E-5
21443,3.9756E-5
21444,1.1439E-5
21445,2.9018E-5
21446,4.263E-5
21447,2.5998E-5
21448,8.1017E-5
21449,6.2743E-5
21450,6.1648E-5
21451,1.2257E-5
21452,4.5337E-5
21453,3.4702E-5
21454,4.2555E-5
21455,4.8123E-5
21456,2.2107E-5
21457,1.08E-7
21458,6.6309E-5
21459,6.0546E-5
21460,4.6089E-5
21461,2.5017E-5
21462,3.882E-5
21463,1.4296E-5
21464,4.5541E-5
21465,3.5479E-5
21466,4.2339E-5
21467,3.5491E-5
21468,5.8292E-5
21469,3.6366E-5
21470,4.3367E-5
21471,2.5327E-5
21472,4.6738E-5
21473,2.5326E-5
21474,6.5091E-5
21475,5.781E-5
21476,2.7324E-5
21477,5.3341E-5
21478,4.5932E-5
21479,4.4287E-5
21480,4.9892E-5
21481,4.7582E-5
21482,1.06E-7
21483,3.4721E-5
21484,5.2938E-5
21485,6.4866E-5
21486,2.1826E-5
21487,1.5766E-5
21488,3.0024E-5
21489,2.9179E-5
21490,1.4528E-5
21491,5.8178E-5
21492,4.334E-5
21493,4.4802E-5
21494,1.316E-5
21495,2.3084E-5
21496,7.3811E-5
21497,1.5107E-5
21498,4.0264E-5
21499,5.4649E-5
21500,4.4408E-5
21501,5.3773E-5
21502,4.3231E-5
21503,5.393E-5
21504,3.4247E-5
21505,3.5304E-5
21506,7.083E-5
21507,7.4036E-5
21508,2.1351E-5
21509,4.9654E-5
21510,1.5402E-5
21511,5.2596E-5
21512,6.2585E-5
21513,4.688E-5
21514,5.6281E-5
21515,6.7727E-5
21516,4.7757E-5
21517,6.6719E-5
21518,6.296E-5
21519,3.2743E-5
21520,1.4603E-5
21521,6.5184E-5
21522,2.4462E-5
21523,7.8582E-5
21524,3.6657E-5
21525,2.7556E-5
21526,4.85E-5
21527,5.4076E-5
21528,3.7389E-5
21529,7.948E-6
21530,1.9335E-5
21531,5.5312E-5
21532,1.9838E-5
21533,1.0401E-5
21534,5.908E-5
21535,4.0433E-5
21536,2.8926E-5
21537,5.595E-5
21538,3.844E-5
21539,4.8441E-5
21540,2.5792E-5
21541,0.017305151
21542,2.5773E-5
21543,4.6602E-5
21544,8.2474E-5
21545,6.823E-5
21546,3.9058E-5
21547,7.4788E-5
21548,3.9471E-5
21549,3.6731E-5
21550,6.0967E-5
21551,2.3316E-5
21552,4.4936E-5
21553,2.678E-5
21554,2.8552E-5
21555,3.4614E-5
21556,2.6055E-5
21557,2.1502E-5
21558,3.5403E-5
21559,1.9926E-5
21560,3.3773E-5
21561,2.5779E-5
21562,6.2412E-5
21563,2.2004E-5
21564,2.8783E-5
21565,6.4603E-5
21566,2.5544E-5
21567,8.6222E-5
21568,3.6131E-5
21569,7.8627E-5
21570,4.8116E-5
21571,5.9783E-5
21572,3.2724E-5
21573,7.6541E-5
21574,1.1791E-5
21575,3.3143E-5
21576,4.4772E-5
21577,2.5364E-5
21578,3.8243E-5
21579,1.0521E-5
21580,3.1631E-5
21581,4.5672E-5
21582,5.0936E-5
21583,1.807E-5
21584,1.3814E-5
21585,3.912E-5
21586,3.5692E-5
21587,6.3976E-5
21588,4.1354E-5
21589,2.6063E-5
21590,5.4242E-5
21591,2.0481E-5
21592,6.9434E-5
21593,4.5614E-5
21594,1.8E-5
21595,3.3226E-5
21596,6.0042E-5
21597,5.0834E-5
21598,5.7621E-5
21599,1.6723E-5
21600,6.0046E-5
21601,7.6774E-5
21602,1.4436E-5
21603,4.8493E-5
21604,2.373E-5
21605,1.6742E-5
21606,3.5175E-5
21607,4.1395E-5
21608,3.4852E-5
21609,4.3253E-5
21610,1.8707E-5
21611,3.1871E-5
21612,6.1367E-5
21613,2.35E-5
21614,5.6621E-5
21615,2.7721E-5
21616,4.3826E-5
21617,4.7411E-5
21618,7.2943E-5
21619,5.7438E-5
21620,1.8318E-5
21621,1.1339E-5
21622,2.1871E-5
21623,5.3157E-5
21624,4.8646E-5
21625,5.2922E-5
21626,4.3952E-5
21627,1.9741E-5
21628,1.17E-7
21629,4.0702E-5
21630,4.1239E-5
21631,8.3628E-5
21632,3.576E-5
21633,5.1766E-5
21634,4.9204E-5
21635,3.9767E-5
21636,2.1776E-5
21637,6.5955E-5
21638,5.0116E-5
21639,2.4139E-5
21640,5.9231E-5
21641,8.7211E-5
21642,2.6118E-5
21643,2.5673E-5
21644,4.6823E-5
21645,9.5E-8
21646,5.4265E-5
21647,3.0072E-5
21648,4.372E-5
21649,6.0003E-5
21650,2.4915E-5
21651,6.2038E-5
21652,3.1801E-5
21653,5.0362E-5
21654,2.2377E-5
21655,3.0498E-5
21656,5.6323E-5
21657,5.2482E-5
21658,1.4725E-5
21659,1.3062E-5
21660,3.2246E-5
21661,5.4067E-5
21662,3.5775E-5
21663,7.6451E-5
21664,1.1718E-5
21665,5.6065E-5
21666,4.8246E-5
21667,6.5487E-5
21668,3.8913E-5
21669,3.0051E-5
21670,6.9375E-5
21671,6.4187E-5
21672,2.2605E-5
21673,4.6282E-5
21674,3.9339E-5
21675,2.5439E-5
21676,3.7457E-5
21677,3.3843E-5
21678,0.007524991
21679,1.12E-7
21680,1.978E-5
21681,7.0252E-5
21682,4.8459E-5
21683,7.3186E-5
21684,0.013868416
21685,1.6486E-5
21686,5.1692E-5
21687,6.0908E-5
21688,6.7704E-5
21689,4.6072E-5
21690,4.4901E-5
21691,3.3671E-5
21692,2.2544E-5
21693,2.7922E-5
21694,4.4671E-5
21695,4.578E-5
21696,3.9814E-5
21697,1.0404E-5
21698,3.3385E-5
21699,3.921E-5
21700,2.9673E-5
21701,6.7957E-5
21702,3.7108E-5
21703,6.001E-5
21704,7.9137E-5
21705,2.497E-5
21706,2.2904E-5
21707,7.3578E-5
21708,4.0612E-5
21709,1.07E-7
21710,4.0258E-5
21711,3.7157E-5
21712,4.0295E-5
21713,1.9231E-5
21714,9.807E-6
21715,2.863E-5
21716,8.194E-5
21717,5.0801E-5
21718,4.8826E-5
21719,6.9536E-5
21720,2.7925E-5
21721,4.7327E-5
21722,5.9444E-5
21723,5.3685E-5
21724,3.058E-5
21725,4.9676E-5
21726,4.3893E-5
21727,5.4306E-5
21728,4.3187E-5
21729,2.473E-5
21730,7.1975E-5
21731,4.8942E-5
21732,6.3302E-5
21733,7.716E-5
21734,5.8781E-5
21735,9.8552E-5
21736,5.816E-5
21737,4.3E-5
21738,3.1824E-5
21739,3.8588E-5
21740,2.3233E-5
21741,5.4416E-5
21742,5.9126E-5
21743,5.2338E-5
21744,1.809E-5
21745,4.8812E-5
21746,3.9121E-5
21747,4.0992E-5
21748,3.0304E-5
21749,3.6252E-5
21750,5.5125E-5
21751,3.5327E-5
21752,1.9242E-5
21753,1.5187E-5
21754,3.3653E-5
21755,3.4026E-5
21756,3.5539E-5
21757,4.9096E-5
21758,3.4408E-5
21759,2.245E-5
21760,4.8084E-5
21761,4.1668E-5
21762,4.9068E-5
21763,2.8404E-5
21764,3.9764E-5
21765,6.3977E-5
21766,3.324E-5
21767,4.5044E-5
21768,4.4725E-5
21769,1.06458E-4
21770,3.2295E-5
21771,5.2657E-5
21772,4.9732E-5
21773,8.8732E-5
21774,5.7226E-5
21775,6.9853E-5
21776,3.3577E-5
21777,2.7283E-5
21778,4.6038E-5
21779,5.0414E-5
21780,2.4102E-5
21781,2.4002E-5
21782,2.6907E-5
21783,3.1599E-5
21784,3.9114E-5
21785,3.2329E-5
21786,5.5394E-5
21787,5.3014E-5
21788,5.527E-5
21789,2.7015E-5
21790,6.2024E-5
21791,6.1309E-5
21792,3.6484E-5
21793,4.9068E-5
21794,6.5432E-5
21795,4.1462E-5
21796,3.3377E-5
21797,9.0663E-5
21798,2.6825E-5
21799,1.9932E-5
21800,3.3331E-5
21801,4.2102E-5
21802,4.9461E-5
21803,4.3801E-5
21804,2.3434E-5
21805,1.5781E-5
21806,4.6365E-5
21807,4.5666E-5
21808,1.0189E-5
21809,4.1566E-5
21810,6.1828E-5
21811,4.6359E-5
21812,3.337E-5
21813,2.7995E-5
21814,1.9252E-5
21815,3.5484E-5
21816,5.1692E-5
21817,2.6782E-5
21818,3.6985E-5
21819,7.4315E-5
21820,3.6044E-5
21821,4.1851E-5
21822,2.3642E-5
21823,2.5334E-5
21824,5.1213E-5
21825,5.7543E-5
21826,7.3206E-5
21827,5.5245E-5
21828,2.5019E-5
21829,7.4691E-5
21830,4.405E-5
21831,5.6261E-5
21832,3.475E-5
21833,1.4998E-5
21834,5.1815E-5
21835,5.1502E-5
21836,6.9252E-5
21837,3.8148E-5
21838,3.9679E-5
21839,4.5325E-5
21840,5.9908E-5
21841,1.68E-7
21842,4.9425E-5
21843,3.3216E-5
21844,6.0278E-5
21845,9.3013E-5
21846,5.7129E-5
21847,2.9157E-5
21848,6.5085E-5
21849,7.0968E-5
21850,4.133E-5
21851,2.1501E-5
21852,6.5282E-5
21853,6.4013E-5
21854,2.3676E-5
21855,3.4999E-5
21856,4.2109E-5
21857,1.2226E-5
21858,3.6901E-5
21859,2.1484E-5
21860,1.8812E-5
21861,4.6119E-5
21862,9.4074E-5
21863,6.7904E-5
21864,2.3168E-5
21865,3.8321E-5
21866,6.7559E-5
21867,2.7567E-5
21868,7.062E-5
21869,4.9198E-5
21870,3.2814E-5
21871,3.2393E-5
21872,1.00183E-4
21873,6.8476E-5
21874,5.0664E-5
21875,5.6555E-5
21876,2.8558E-5
21877,6.4501E-5
21878,2.2735E-5
21879,4.6478E-5
21880,1.2151E-5
21881,2.3253E-5
21882,2.5054E-5
21883,5.2445E-5
21884,3.8088E-5
21885,7.4132E-5
21886,5.1856E-5
21887,5.4179E-5
21888,2.6066E-5
21889,6.5354E-5
21890,7.9251E-5
21891,8.8583E-5
21892,1.1545E-5
21893,2.7668E-5
21894,4.9776E-5
21895,5.9571E-5
21896,1.9643E-5
21897,1.10867E-4
21898,4.1565E-5
21899,1.9749E-5
21900,3.0706E-5
21901,2.9004E-5
21902,2.4475E-5
21903,3.6468E-5
21904,7.3834E-5
21905,3.0302E-5
21906,2.5225E-5
21907,5.2976E-5
21908,2.6863E-5
21909,3.9573E-5
21910,5.8468E-5
21911,1.6738E-5
21912,5.1876E-5
21913,3.7054E-5
21914,2.678E-5
21915,1.25E-7
21916,3.0897E-5
21917,2.5544E-5
21918,6.4417E-5
21919,7.7619E-5
21920,3.4723E-5
21921,7.5485E-5
21922,5.2141E-5
21923,3.3216E-5
21924,4.4663E-5
21925,5.0873E-5
21926,3.5867E-5
21927,3.6192E-5
21928,3.3685E-5
21929,6.6984E-5
21930,2.8418E-5
21931,4.0822E-5
21932,4.7816E-5
21933,6.4894E-5
21934,3.7162E-5
21935,5.1817E-5
21936,6.0095E-5
21937,4.3134E-5
21938,4.9936E-5
21939,3.5811E-5
21940,4.3204E-5
21941,1.6518E-5
21942,1.12E-7
21943,2.2534E-5
21944,5.0392E-5
21945,5.8662E-5
21946,3.9179E-5
21947,8.4097E-5
21948,3.6103E-5
21949,3.1953E-5
21950,2.3106E-5
21951,6.6804E-5
21952,2.8595E-5
21953,2.5314E-5
21954,5.184E-5
21955,1.895E-5
21956,4.4993E-5
21957,3.7026E-5
21958,2.1817E-5
21959,3.2327E-5
21960,2.8083E-5
21961,1.0205E-5
21962,1.1024E-5
21963,0.001992616
21964,4.9564E-5
21965,6.718E-5
21966,2.3968E-5
21967,3.7025E-5
21968,2.2336E-5
21969,9.9E-8
21970,3.2717E-5
21971,3.4509E-5
21972,1.04E-7
21973,9.9E-8
21974,9.7275E-5
21975,4.6192E-5
21976,4.1108E-5
21977,2.5316E-5
21978,5.7675E-5
21979,4.7008E-5
21980,3.6769E-5
21981,5.7218E-5
21982,8.5103E-5
21983,6.2187E-5
21984,2.9493E-5
21985,3.7006E-5
21986,3.9767E-5
21987,4.4152E-5
21988,4.2268E-5
21989,5.7567E-5
21990,4.2341E-5
21991,2.3181E-5
21992,5.7738E-5
21993,4.6608E-5
21994,3.8732E-5
21995,6.4112E-5
21996,2.8904E-5
21997,1.4521E-5
21998,2.2017E-5
21999,4.6657E-5
22000,5.8685E-5
22001,3.9863E-5
22002,3.1161E-5
22003,6.7146E-5
22004,3.3957E-5
22005,3.926E-5
22006,3.7197E-5
22007,5.3987E-5
22008,5.0317E-5
22009,4.2431E-5
22010,1.7956E-5
22011,7.9029E-5
22012,3.9482E-5
22013,3.3605E-5
22014,3.8151E-5
22015,9.691E-5
22016,6.8274E-5
22017,1.0275E-5
22018,3.333E-5
22019,3.574E-5
22020,4.3079E-5
22021,4.0754E-5
22022,5.5806E-5
22023,4.2386E-5
22024,1.1E-7
22025,5.5183E-5
22026,4.06E-5
22027,4.9318E-5
22028,2.7229E-5
22029,4.2552E-5
22030,4.2674E-5
22031,2.1925E-5
22032,4.3654E-5
22033,3.5428E-5
22034,2.1887E-5
22035,6.999E-5
22036,5.4868E-5
22037,5.3547E-5
22038,3.5691E-5
22039,6.2553E-5
22040,3.1847E-5
22041,1.1232E-5
22042,3.9267E-5
22043,6.4934E-5
22044,5.9855E-5
22045,8.352E-5
22046,5.4221E-5
22047,4.1829E-5
22048,6.4675E-5
22049,6.1482E-5
22050,2.1877E-5
22051,6.1413E-5
22052,2.9611E-5
22053,5.5437E-5
22054,3.9922E-5
22055,5.1043E-5
22056,2.1237E-5
22057,5.376E-5
22058,4.5232E-5
22059,3.4421E-5
22060,9.6104E-5
22061,2.783E-5
22062,5.1112E-5
22063,2.4812E-5
22064,2.1338E-5
22065,5.7987E-5
22066,5.603E-5
22067,6.1006E-5
22068,3.4329E-5
22069,3.2452E-5
22070,1.8286E-5
22071,5.0466E-5
22072,4.3187E-5
22073,4.5575E-5
22074,4.6338E-5
22075,5.1725E-5
22076,4.0744E-5
22077,6.0006E-5
22078,6.0881E-5
22079,7.6784E-5
22080,4.7202E-5
22081,9.7E-8
22082,3.6393E-5
22083,7.0627E-5
22084,4.6345E-5
22085,1.3378E-5
22086,1.09E-7
22087,4.6633E-5
22088,4.9418E-5
22089,2.4426E-5
22090,7.5233E-5
22091,5.6462E-5
22092,4.858E-5
22093,2.7298E-5
22094,5.8705E-5
22095,5.1757E-5
22096,3.8213E-5
22097,3.9254E-5
22098,4.6057E-5
22099,1.6944E-5
22100,5.3932E-5
22101,6.5262E-5
22102,3.2226E-5
22103,3.3663E-5
22104,4.371E-5
22105,6.0626E-5
22106,5.462E-5
22107,3.2357E-5
22108,2.6715E-5
22109,1.1674E-5
22110,6.525E-5
22111,2.86E-5
22112,4.6737E-5
22113,3.6304E-5
22114,3.5932E-5
22115,2.2893E-5
22116,5.7342E-5
22117,1.18E-7
22118,5.2288E-5
22119,5.3788E-5
22120,1.6212E-5
22121,2.666E-5
22122,7.3439E-5
22123,1.7555E-5
22124,3.2252E-5
22125,3.0438E-5
22126,5.2365E-5
22127,6.911E-5
22128,4.2315E-5
22129,2.2541E-5
22130,3.4811E-5
22131,2.2349E-5
22132,6.6436E-5
22133,5.7708E-5
22134,4.9127E-5
22135,3.8866E-5
22136,5.8357E-5
22137,1.3405E-5
22138,3.7837E-5
22139,0.010219448
22140,3.6682E-5
22141,4.2318E-5
22142,6.1034E-5
22143,1.5682E-5
22144,6.6371E-5
22145,3.8887E-5
22146,7.1659E-5
22147,4.1747E-5
22148,2.9652E-5
22149,6.5497E-5
22150,2.6697E-5
22151,4.6134E-5
22152,2.8925E-5
22153,4.2595E-5
22154,5.5662E-5
22155,1.479E-5
22156,3.1627E-5
22157,6.5061E-5
22158,2.1931E-5
22159,4.247E-5
22160,6.3014E-5
22161,5.4976E-5
22162,4.5352E-5
22163,2.7617E-5
22164,1.5635E-5
22165,3.4374E-5
22166,4.658E-5
22167,2.8746E-5
22168,3.4761E-5
22169,4.3242E-5
22170,3.1076E-5
22171,5.6194E-5
22172,4.5923E-5
22173,4.6163E-5
22174,5.4652E-5
22175,2.4784E-5
22176,2.2024E-5
22177,3.5915E-5
22178,8.2192E-5
22179,7.1904E-5
22180,7.3916E-5
22181,3.3439E-5
22182,3.6085E-5
22183,5.0997E-5
22184,1.2E-5
22185,3.2855E-5
22186,5.7801E-5
22187,3.6434E-5
22188,6.0765E-5
22189,5.6832E-5
22190,3.8714E-5
22191,5.8225E-5
22192,8.3986E-5
22193,6.6542E-5
22194,1.2127E-5
22195,7.5447E-5
22196,4.906E-5
22197,2.303E-5
22198,5.2343E-5
22199,4.7492E-5
22200,1.07E-7
22201,6.169E-5
22202,5.1207E-5
22203,5.9773E-5
22204,3.6684E-5
22205,2.4598E-5
22206,6.9854E-5
22207,3.5313E-5
22208,5.7312E-5
22209,7.1508E-5
22210,3.6292E-5
22211,3.7951E-5
22212,4.6006E-5
22213,4.5461E-5
22214,5.5172E-5
22215,6.4975E-5
22216,5.5734E-5
22217,4.193E-5
22218,0.076753591
22219,8.1932E-5
22220,3.442E-5
22221,2.6303E-5
22222,2.7575E-5
22223,6.4538E-5
22224,1.457E-5
22225,4.7509E-5
22226,1.0896E-5
22227,5.3393E-5
22228,6.8639E-5
22229,5.5665E-5
22230,2.8303E-5
22231,6.4925E-5
22232,7.6875E-5
22233,4.1942E-5
22234,1.9991E-5
22235,4.7062E-5
22236,2.9338E-5
22237,3.2434E-5
22238,4.9052E-5
22239,4.4283E-5
22240,4.8803E-5
22241,1.7245E-5
22242,5.5604E-5
22243,3.7182E-5
22244,1.6622E-5
22245,2.8463E-5
22246,6.5621E-5
22247,2.0033E-5
22248,4.7312E-5
22249,3.974E-5
22250,6.6521E-5
22251,5.3937E-5
22252,1.9532E-5
22253,3.2612E-5
22254,3.0936E-5
22255,4.276E-5
22256,6.4005E-5
22257,8.7747E-5
22258,3.5024E-5
22259,6.8912E-5
22260,2.1684E-5
22261,3.3446E-5
22262,3.1357E-5
22263,6.4901E-5
22264,7.4779E-5
22265,3.9349E-5
22266,3.6151E-5
22267,5.1141E-5
22268,2.6408E-5
22269,3.7236E-5
22270,4.6657E-5
22271,3.4414E-5
22272,2.8983E-5
22273,4.5437E-5
22274,3.8527E-5
22275,5.1992E-5
22276,3.6667E-5
22277,2.6241E-5
22278,2.7898E-5
22279,2.5906E-5
22280,6.5666E-5
22281,4.375E-5
22282,3.9502E-5
22283,3.7539E-5
22284,5.6223E-5
22285,4.6223E-5
22286,4.0868E-5
22287,1.07E-7
22288,3.3524E-5
22289,4.8873E-5
22290,6.9879E-5
22291,9.5038E-5
22292,8.5031E-5
22293,4.8346E-5
22294,3.0744E-5
22295,4.7129E-5
22296,4.7284E-5
22297,7.1585E-5
22298,3.3627E-5
22299,2.6369E-5
22300,3.031E-5
22301,3.3262E-5
22302,4.6969E-5
22303,3.2255E-5
22304,7.6835E-5
22305,3.2346E-5
22306,2.5432E-5
22307,2.9505E-5
22308,9.219E-5
22309,6.6431E-5
22310,5.0573E-5
22311,4.3188E-5
22312,6.2903E-5
22313,3.7892E-5
22314,7.5021E-5
22315,1.2524E-5
22316,3.2654E-5
22317,6.2698E-5
22318,8.4213E-5
22319,7.2339E-5
22320,5.6787E-5
22321,6.5494E-5
22322,3.752E-5
22323,6.827E-5
22324,3.5021E-5
22325,5.0865E-5
22326,6.1668E-5
22327,5.7634E-5
22328,1.1792E-5
22329,5.8998E-5
22330,1.1295E-5
22331,6.716E-5
22332,3.5266E-5
22333,4.1514E-5
22334,5.8993E-5
22335,2.9105E-5
22336,2.4325E-5
22337,3.4892E-5
22338,5.3541E-5
22339,4.1362E-5
22340,2.5232E-5
22341,3.6646E-5
22342,4.3659E-5
22343,5.8945E-5
22344,1.71E-5
22345,4.1034E-5
22346,4.2347E-5
22347,4.1643E-5
22348,3.8117E-5
22349,3.5252E-5
22350,3.6232E-5
22351,4.1071E-5
22352,5.3119E-5
22353,3.4641E-5
22354,1.3736E-5
22355,4.5239E-5
22356,4.3443E-5
22357,4.4958E-5
22358,4.6444E-5
22359,4.2937E-5
22360,3.6081E-5
22361,4.5395E-5
22362,4.1027E-5
22363,3.149E-5
22364,4.3038E-5
22365,4.9439E-5
22366,5.533E-5
22367,4.2396E-5
22368,0.019945736
22369,4.054E-5
22370,6.0983E-5
22371,3.199E-5
22372,1.4136E-5
22373,5.1501E-5
22374,4.8522E-5
22375,7.4187E-5
22376,3.3616E-5
22377,7.8032E-5
22378,4.3877E-5
22379,3.739E-5
22380,3.4144E-5
22381,2.2081E-5
22382,6.2726E-5
22383,3.681E-5
22384,4.2386E-5
22385,5.3606E-5
22386,7.7061E-5
22387,1.8714E-5
22388,4.4651E-5
22389,1.8441E-5
22390,1.3237E-5
22391,4.278E-5
22392,8.4349E-5
22393,2.7611E-5
22394,7.803E-5
22395,5.8325E-5
22396,5.3856E-5
22397,3.7056E-5
22398,5.027E-5
22399,2.6823E-5
22400,7.0689E-5
22401,1.007E-5
22402,7.0004E-5
22403,7.0427E-5
22404,9.7E-8
22405,2.7004E-5
22406,8.4878E-5
22407,3.7458E-5
22408,3.2979E-5
22409,7.4317E-5
22410,1.1061E-5
22411,2.7229E-5
22412,6.3998E-5
22413,7.6025E-5
22414,5.4703E-5
22415,3.2537E-5
22416,5.6149E-5
22417,5.6916E-5
22418,1.8102E-5
22419,4.2962E-5
22420,4.3014E-5
22421,7.1598E-5
22422,6.7842E-5
22423,2.08E-5
22424,4.7115E-5
22425,3.0325E-5
22426,3.4862E-5
22427,3.9634E-5
22428,2.5419E-5
22429,4.6271E-5
22430,7.4382E-5
22431,4.6187E-5
22432,2.1337E-5
22433,5.4502E-5
22434,5.475E-5
22435,1.02E-7
22436,4.569E-5
22437,4.1188E-5
22438,2.7258E-5
22439,5.5561E-5
22440,5.6155E-5
22441,2.8417E-5
22442,1.25E-7
22443,4.8215E-5
22444,1.02E-7
22445,2.3932E-5
22446,3.7042E-5
22447,3.2316E-5
22448,3.6358E-5
22449,5.6181E-5
22450,5.6765E-5
22451,5.8012E-5
22452,5.9492E-5
22453,2.9341E-5
22454,1.1231E-5
22455,6.0157E-5
22456,2.4659E-5
22457,5.6458E-5
22458,2.8315E-5
22459,3.2412E-5
22460,5.19E-5
22461,3.8749E-5
22462,6.9026E-5
22463,4.2203E-5
22464,4.8548E-5
22465,7.5832E-5
22466,4.5834E-5
22467,5.0725E-5
22468,6.3208E-5
22469,5.8365E-5
22470,4.4068E-5
22471,4.7578E-5
22472,2.7041E-5
22473,4.7701E-5
22474,4.4476E-5
22475,1.12799E-4
22476,5.141E-5
22477,3.6157E-5
22478,6.876E-5
22479,3.4497E-5
22480,3.0794E-5
22481,5.5148E-5
22482,8.4932E-5
22483,3.0915E-5
22484,6.4586E-5
22485,4.3873E-5
22486,5.2922E-5
22487,4.0125E-5
22488,7.8377E-5
22489,8.0484E-5
22490,4.6405E-5
22491,0.013107654
22492,7.8509E-5
22493,3.9279E-5
22494,2.7445E-5
22495,7.3575E-5
22496,3.9434E-5
22497,5.3657E-5
22498,3.7432E-5
22499,4.5096E-5
22500,6.2124E-5
22501,4.7006E-5
22502,5.2066E-5
22503,4.7893E-5
22504,9.4697E-5
22505,6.6796E-5
22506,5.3733E-5
22507,2.1961E-5
22508,3.2506E-5
22509,8.882E-6
22510,4.5276E-5
22511,5.8298E-5
22512,4.4406E-5
22513,5.2438E-5
22514,5.8149E-5
22515,3.082E-5
22516,6.3622E-5
22517,3.1943E-5
22518,2.6907E-5
22519,4.7331E-5
22520,1.8785E-5
22521,4.4799E-5
22522,5.3543E-5
22523,9.112E-6
22524,1.2966E-5
22525,7.3063E-5
22526,7.7385E-5
22527,4.2498E-5
22528,3.2005E-5
22529,6.7648E-5
22530,4.184E-5
22531,4.3713E-5
22532,5.8455E-5
22533,5.5509E-5
22534,6.9766E-5
22535,5.9057E-5
22536,1.8511E-5
22537,5.1218E-5
22538,7.805E-5
22539,3.0138E-5
22540,4.4977E-5
22541,2.6599E-5
22542,3.2546E-5
22543,6.1214E-5
22544,6.9197E-5
22545,7.2107E-5
22546,3.0648E-5
22547,3.8638E-5
22548,1.8542E-5
22549,5.6548E-5
22550,4.17E-5
22551,3.4286E-5
22552,5.1495E-5
22553,2.5872E-5
22554,8.4764E-5
22555,6.4632E-5
22556,3.1287E-5
22557,5.373E-5
22558,2.8294E-5
22559,1.09E-7
22560,4.1273E-5
22561,2.9198E-5
22562,4.4962E-5
22563,3.2885E-5
22564,4.2063E-5
22565,1.19E-7
22566,4.389E-5
22567,5.0002E-5
22568,3.0538E-5
22569,2.1216E-5
22570,6.9061E-5
22571,6.1424E-5
22572,4.2783E-5
22573,7.8618E-5
22574,8.1126E-5
22575,5.0768E-5
22576,4.198E-5
22577,3.0441E-5
22578,4.0775E-5
22579,5.9957E-5
22580,3.5606E-5
22581,8.6335E-5
22582,4.656E-5
22583,5.0346E-5
22584,4.1282E-5
22585,2.285E-5
22586,6.4415E-5
22587,5.9132E-5
22588,4.9803E-5
22589,1.2839E-5
22590,3.0965E-5
22591,2.4961E-5
22592,5.0977E-5
22593,5.1141E-5
22594,2.3887E-5
22595,1.6491E-5
22596,1.641E-5
22597,4.6658E-5
22598,3.72E-5
22599,6.408E-5
22600,6.6712E-5
22601,3.3442E-5
22602,3.8125E-5
22603,1.7368E-5
22604,5.3447E-5
22605,3.8531E-5
22606,4.1941E-5
22607,1.09E-7
22608,3.5429E-5
22609,3.5199E-5
22610,4.8932E-5
22611,3.4756E-5
22612,6.1811E-5
22613,3.7019E-5
22614,2.6098E-5
22615,4.8191E-5
22616,1.02E-7
22617,6.6316E-5
22618,4.6131E-5
22619,5.7721E-5
22620,5.363E-5
22621,1.576E-5
22622,4.3722E-5
22623,3.222E-5
22624,2.4246E-5
22625,3.8227E-5
22626,2.5379E-5
22627,5.7319E-5
22628,5.4269E-5
22629,2.9213E-5
22630,5.1973E-5
22631,6.6535E-5
22632,5.3217E-5
22633,3.35E-5
22634,5.7597E-5
22635,6.4325E-5
22636,5.86E-5
22637,2.7064E-5
22638,3.6831E-5
22639,5.4662E-5
22640,6.588E-5
22641,5.4104E-5
22642,5.9733E-5
22643,4.3868E-5
22644,5.3648E-5
22645,4.6406E-5
22646,7.2778E-5
22647,2.9717E-5
22648,2.1677E-5
22649,1.6482E-5
22650,1.3974E-5
22651,5.748E-5
22652,5.232E-5
22653,1.8713E-5
22654,4.6557E-5
22655,6.0302E-5
22656,5.7728E-5
22657,3.6429E-5
22658,1.8797E-5
22659,6.4208E-5
22660,3.182E-5
22661,1.03E-7
22662,4.6003E-5
22663,9.7622E-5
22664,1.3133E-5
22665,6.4617E-5
22666,6.4887E-5
22667,1.07E-7
22668,6.5656E-5
22669,3.293E-5
22670,6.4807E-5
22671,6.6125E-5
22672,2.5954E-5
22673,9.245E-6
22674,3.2283E-5
22675,3.9482E-5
22676,1.08E-7
22677,5.5746E-5
22678,1.05E-7
22679,3.1134E-5
22680,2.8799E-5
22681,4.1388E-5
22682,6.3222E-5
22683,1.4826E-5
22684,2.3989E-5
22685,2.8554E-5
22686,1.6473E-5
22687,4.4728E-5
22688,4.4803E-5
22689,6.0346E-5
22690,3.4636E-5
22691,6.9754E-5
22692,5.6852E-5
22693,4.4135E-5
22694,3.4781E-5
22695,6.3431E-5
22696,5.3202E-5
22697,3.1584E-5
22698,5.002E-5
22699,6.7916E-5
22700,6.7678E-5
22701,4.4513E-5
22702,3.5199E-5
22703,3.9719E-5
22704,4.0977E-5
22705,9.97E-6
22706,2.8296E-5
22707,4.8123E-5
22708,4.5988E-5
22709,5.1926E-5
22710,5.5742E-5
22711,7.3402E-5
22712,2.1486E-5
22713,3.7763E-5
22714,4.3014E-5
22715,2.3102E-5
22716,3.1416E-5
22717,2.8796E-5
22718,5.8558E-5
22719,3.4967E-5
22720,5.2109E-5
22721,4.7915E-5
22722,2.9816E-5
22723,5.4166E-5
22724,0.014154694
22725,5.5362E-5
22726,3.533E-5
22727,1.5403E-5
22728,5.8262E-5
22729,3.9959E-5
22730,6.0136E-5
22731,3.8041E-5
22732,4.5183E-5
22733,6.0796E-5
22734,1.13291E-4
22735,6.2984E-5
22736,3.169E-5
22737,4.5806E-5
22738,4.63412E-4
22739,5.5006E-5
22740,3.1266E-5
22741,4.844E-5
22742,3.8586E-5
22743,4.2246E-5
22744,1.5199E-5
22745,3.0133E-5
22746,2.2483E-5
22747,5.7177E-5
22748,2.754E-5
22749,4.8072E-5
22750,5.6205E-5
22751,7.0518E-5
22752,1.1929E-5
22753,3.6237E-5
22754,4.3638E-5
22755,5.7779E-5
22756,4.3204E-5
22757,3.7041E-5
22758,4.3983E-5
22759,5.2891E-5
22760,1.3468E-5
22761,7.4036E-5
22762,4.6363E-5
22763,4.5934E-5
22764,4.4136E-5
22765,5.5201E-5
22766,5.7102E-5
22767,6.0445E-5
22768,3.9573E-5
22769,4.3625E-5
22770,1.3185E-5
22771,7.305E-5
22772,3.6981E-5
22773,2.9444E-5
22774,3.0088E-5
22775,2.7884E-5
22776,6.3248E-5
22777,5.9386E-5
22778,4.662E-5
22779,3.3861E-5
22780,9.7328E-5
22781,2.244E-5
22782,5.7387E-5
22783,6.2061E-5
22784,3.1956E-5
22785,2.3318E-5
22786,3.1591E-5
22787,4.3087E-5
22788,3.8666E-5
22789,3.6416E-5
22790,2.6047E-5
22791,3.0703E-5
22792,9.093E-5
22793,1.5625E-5
22794,5.9076E-5
22795,3.898E-5
22796,4.3583E-5
22797,3.6836E-5
22798,2.9793E-5
22799,2.6241E-5
22800,7.0678E-5
22801,5.5955E-5
22802,6.2777E-5
22803,5.9757E-5
22804,2.9598E-5
22805,1.8799E-5
22806,2.7068E-5
22807,4.3441E-5
22808,3.6933E-5
22809,3.2256E-5
22810,3.341E-5
22811,6.3946E-5
22812,2.7527E-5
22813,5.3206E-5
22814,4.7929E-5
22815,7.0618E-5
22816,3.216E-5
22817,4.9026E-5
22818,8.0176E-5
22819,4.1455E-5
22820,4.5888E-5
22821,7.8716E-5
22822,4.3301E-5
22823,1.0244E-4
22824,5.0887E-5
22825,3.4028E-5
22826,4.2557E-5
22827,6.8281E-5
22828,6.505E-5
22829,4.0287E-5
22830,5.26E-5
22831,3.2667E-5
22832,6.9597E-5
22833,3.3298E-5
22834,5.3168E-5
22835,3.2403E-5
22836,3.1211E-5
22837,6.1932E-5
22838,4.106E-5
22839,2.0431E-5
22840,4.8323E-5
22841,5.9234E-5
22842,3.5392E-5
22843,1.9608E-5
22844,6.8318E-5
22845,9.5682E-5
22846,1.5154E-5
22847,4.7475E-5
22848,6.9149E-5
22849,4.0215E-5
22850,2.6872E-5
22851,2.8941E-5
22852,5.0235E-5
22853,3.7096E-5
22854,1.2607E-5
22855,5.2303E-5
22856,4.3428E-5
22857,4.6572E-5
22858,3.1146E-5
22859,5.4474E-5
22860,4.1501E-5
22861,7.6053E-5
22862,5.5101E-5
22863,4.233E-5
22864,2.259E-5
22865,6.73948E-4
22866,1.4667E-5
22867,6.8206E-5
22868,3.148E-5
22869,2.6836E-5
22870,4.6376E-5
22871,6.5675E-5
22872,2.8882E-5
22873,5.7256E-5
22874,4.9861E-5
22875,3.6389E-5
22876,2.5267E-5
22877,8.027E-5
22878,4.3844E-5
22879,3.2057E-5
22880,4.9355E-5
22881,6.6521E-5
22882,4.0744E-5
22883,5.5395E-5
22884,3.7335E-5
22885,4.9013E-5
22886,2.2195E-5
22887,3.3924E-5
22888,5.5869E-5
22889,1.317E-5
22890,2.2154E-5
22891,3.942E-5
22892,4.2246E-5
22893,3.9358E-5
22894,3.3111E-5
22895,2.5944E-5
22896,2.7934E-5
22897,2.969E-5
22898,1.3875E-5
22899,3.3971E-5
22900,7.617E-5
22901,4.5335E-5
22902,8.6065E-5
22903,5.371E-5
22904,2.1085E-5
22905,8.063E-5
22906,2.9488E-5
22907,1.1146E-5
22908,4.9628E-5
22909,7.5932E-5
22910,4.7111E-5
22911,7.1902E-5
22912,4.7106E-5
22913,4.2624E-5
22914,6.3696E-5
22915,1.6151E-5
22916,5.1819E-5
22917,3.3561E-5
22918,4.2353E-5
22919,2.6644E-5
22920,5.9314E-5
22921,1.08E-7
22922,5.4857E-5
22923,2.7694E-5
22924,5.6016E-5
22925,5.707E-5
22926,3.9171E-5
22927,7.213E-5
22928,7.6196E-5
22929,5.45E-5
22930,3.7251E-5
22931,3.6964E-5
22932,7.4771E-5
22933,3.3953E-5
22934,3.5629E-5
22935,5.5719E-5
22936,1.685E-5
22937,2.9939E-5
22938,9.49E-6
22939,5.3789E-5
22940,4.9415E-5
22941,5.7388E-5
22942,2.903E-5
22943,5.1512E-5
22944,9.531E-6
22945,4.5417E-5
22946,4.5963E-5
22947,3.7175E-5
22948,3.2386E-5
22949,2.9012E-5
22950,3.0417E-5
22951,1.11E-7
22952,4.6327E-5
22953,5.4518E-5
22954,4.0782E-5
22955,4.6886E-5
22956,2.416E-5
22957,2.5182E-5
22958,4.6246E-5
22959,3.4092E-5
22960,1.8423E-5
22961,4.207E-5
22962,3.6406E-5
22963,4.6717E-5
22964,2.8639E-5
22965,6.2892E-5
22966,1.0607E-5
22967,2.581E-5
22968,1.8866E-5
22969,1.01221E-4
22970,4.0195E-5
22971,1.4202E-5
22972,3.179E-5
22973,6.2485E-5
22974,3.7837E-5
22975,7.7778E-5
22976,1.91E-5
22977,6.4859E-5
22978,6.504E-5
22979,2.8503E-5
22980,6.1493E-5
22981,4.0174E-5
22982,4.1292E-5
22983,4.133E-5
22984,1.9247E-5
22985,2.9873E-5
22986,4.8511E-5
22987,5.1448E-5
22988,4.4253E-5
22989,4.6472E-5
22990,4.6534E-5
22991,5.8447E-5
22992,4.1071E-5
22993,4.6313E-5
22994,3.3543E-5
22995,7.249E-5
22996,3.5589E-5
22997,2.9729E-5
22998,4.4218E-5
22999,4.7358E-5
23000,3.5717E-5
23001,1.8994E-5
23002,2.5929E-5
23003,2.4074E-5
23004,6.5546E-5
23005,2.2526E-5
23006,4.1732E-5
23007,2.1502E-5
23008,2.0247E-5
23009,5.9494E-5
23010,4.3697E-5
23011,3.4452E-5
23012,4.4382E-5
23013,5.7853E-5
23014,1.6377E-5
23015,6.4544E-5
23016,7.0024E-5
23017,7.0823E-5
23018,4.3836E-5
23019,4.6819E-5
23020,5.8629E-5
23021,7.0374E-5
23022,5.0482E-5
23023,2.7108E-5
23024,1.7342E-5
23025,5.9125E-5
23026,5.3256E-5
23027,1.07E-7
23028,5.4656E-5
23029,5.9376E-5
23030,2.9058E-5
23031,4.0834E-5
23032,1.76759E-4
23033,4.8572E-5
23034,3.5949E-5
23035,5.9765E-5
23036,4.6125E-5
23037,9.6687E-5
23038,6.4433E-5
23039,2.212E-5
23040,5.0498E-5
23041,4.9708E-5
23042,3.7929E-5
23043,4.5394E-5
23044,3.833E-5
23045,4.3243E-5
23046,6.7936E-5
23047,4.7081E-5
23048,4.7205E-5
23049,3.1902E-5
23050,2.4325E-5
23051,6.4963E-5
23052,7.8033E-5
23053,5.869E-5
23054,3.8297E-5
23055,5.6174E-5
23056,3.7341E-5
23057,3.7323E-5
23058,7.4721E-5
23059,8.0761E-5
23060,7.3494E-5
23061,9.4074E-5
23062,4.1264E-5
23063,5.0135E-5
23064,5.8681E-5
23065,3.1876E-5
23066,2.1263E-5
23067,2.9389E-5
23068,7.0045E-5
23069,2.5281E-5
23070,3.2155E-5
23071,7.0828E-5
23072,3.9775E-5
23073,4.2788E-5
23074,4.1705E-5
23075,4.9484E-5
23076,1.9807E-5
23077,4.4245E-5
23078,4.736E-5
23079,2.2106E-5
23080,8.8342E-5
23081,2.7011E-5
23082,4.4005E-5
23083,4.4057E-5
23084,6.6916E-5
23085,3.1883E-5
23086,6.5009E-5
23087,4.781E-5
23088,1.08E-7
23089,8.2337E-5
23090,6.173E-5
23091,4.8746E-5
23092,2.1196E-5
23093,1.6611E-5
23094,5.4232E-5
23095,5.3162E-5
23096,3.2336E-5
23097,6.0558E-5
23098,5.0209E-5
23099,4.3806E-5
23100,4.4761E-5
23101,6.1615E-5
23102,1.8635E-5
23103,8.6113E-5
23104,2.6731E-5
23105,5.765E-5
23106,7.1469E-5
23107,3.9231E-5
23108,5.4446E-5
23109,9.7984E-5
23110,2.6039E-5
23111,5.4771E-5
23112,5.0881E-5
23113,5.0143E-5
23114,3.9903E-5
23115,5.4728E-5
23116,1.4522E-5
23117,6.3372E-5
23118,5.5264E-5
23119,5.676E-5
23120,6.1224E-5
23121,5.6863E-5
23122,6.7887E-5
23123,5.8963E-5
23124,3.1545E-5
23125,2.9831E-5
23126,1.7994E-5
23127,7.7396E-5
23128,4.2491E-5
23129,1.5372E-5
23130,1.0353E-5
23131,3.6679E-5
23132,5.4522E-5
23133,5.7062E-5
23134,3.6817E-5
23135,2.5442E-5
23136,4.3202E-5
23137,3.9608E-5
23138,6.8935E-5
23139,5.6557E-5
23140,4.3858E-5
23141,4.8827E-5
23142,4.8603E-5
23143,5.7446E-5
23144,3.3203E-5
23145,1.8647E-5
23146,5.1512E-5
23147,2.432E-5
23148,2.2216E-5
23149,2.9393E-5
23150,7.296E-5
23151,4.9775E-5
23152,4.7061E-5
23153,2.1341E-5
23154,4.3712E-5
23155,5.128E-5
23156,3.9887E-5
23157,4.7625E-5
23158,7.3479E-5
23159,4.4953E-5
23160,2.3373E-5
23161,3.7842E-5
23162,4.3007E-5
23163,2.6011E-5
23164,3.8552E-5
23165,3.9844E-5
23166,4.0831E-5
23167,3.9449E-5
23168,5.0389E-5
23169,3.6846E-5
23170,6.3609E-5
23171,6.4381E-5
23172,3.9458E-5
23173,4.3607E-5
23174,4.3924E-5
23175,5.1851E-5
23176,2.3529E-5
23177,6.7336E-5
23178,5.9079E-5
23179,2.5485E-5
23180,5.4974E-5
23181,3.5893E-5
23182,3.1822E-5
23183,3.7069E-5
23184,2.916E-5
23185,3.3811E-5
23186,4.3201E-5
23187,5.7878E-5
23188,4.4326E-5
23189,4.4174E-5
23190,3.4679E-5
23191,5.8859E-5
23192,5.2352E-5
23193,6.4012E-5
23194,1.1633E-5
23195,2.9632E-5
23196,6.037E-5
23197,4.1688E-5
23198,1.4552E-5
23199,4.1773E-5
23200,1.48E-5
23201,5.1743E-5
23202,6.4805E-5
23203,2.3284E-5
23204,4.4086E-5
23205,3.4079E-5
23206,6.0479E-5
23207,8.5373E-5
23208,4.7943E-5
23209,6.5495E-5
23210,0.008508493
23211,1.06E-7
23212,2.0877E-5
23213,4.12994E-4
23214,3.8426E-5
23215,5.8338E-5
23216,1.0145E-5
23217,7.6607E-5
23218,7.123E-5
23219,4.2057E-5
23220,4.6788E-5
23221,4.6382E-5
23222,6.9116E-5
23223,3.2575E-5
23224,3.5073E-5
23225,7.9766E-5
23226,2.1877E-5
23227,3.2336E-5
23228,3.2453E-5
23229,5.122E-5
23230,7.4271E-5
23231,2.3295E-5
23232,6.4332E-5
23233,7.3862E-5
23234,4.691E-5
23235,6.2561E-5
23236,5.8146E-5
23237,5.0165E-5
23238,2.2732E-5
23239,6.1439E-5
23240,3.5272E-5
23241,4.7801E-5
23242,2.1106E-5
23243,2.51414E-4
23244,3.324E-5
23245,4.0236E-5
23246,1.8955E-5
23247,3.6789E-5
23248,1.4669E-5
23249,6.5002E-5
23250,5.4023E-5
23251,1.6589E-5
23252,2.9022E-5
23253,3.1577E-5
23254,4.0051E-5
23255,5.6547E-5
23256,5.737E-5
23257,3.2494E-5
23258,4.0692E-5
23259,3.8198E-5
23260,1.27882E-4
23261,4.5781E-5
23262,4.286E-5
23263,5.4011E-5
23264,4.6135E-5
23265,4.0898E-5
23266,3.2462E-5
23267,3.4059E-5
23268,0.002244825
23269,3.0916E-5
23270,1.0E-7
23271,3.6416E-5
23272,2.634E-5
23273,2.6402E-5
23274,2.5811E-5
23275,6.3711E-5
23276,4.8584E-5
23277,6.8988E-5
23278,4.0234E-5
23279,3.5581E-5
23280,6.4739E-5
23281,4.2921E-5
23282,2.6649E-5
23283,2.4906E-5
23284,5.5972E-5
23285,5.2101E-5
23286,3.4948E-5
23287,8.4933E-5
23288,3.3736E-5
23289,1.7998E-5
23290,2.9803E-5
23291,6.4905E-5
23292,7.0939E-5
23293,1.7507E-5
23294,5.1458E-5
23295,4.2461E-5
23296,3.0341E-5
23297,4.2721E-5
23298,2.5979E-5
23299,4.329E-5
23300,4.7412E-5
23301,3.1787E-5
23302,4.1242E-5
23303,3.5496E-5
23304,6.2916E-5
23305,4.2414E-5
23306,5.9338E-5
23307,2.8555E-5
23308,4.2339E-5
23309,4.9369E-5
23310,3.9679E-5
23311,6.0852E-5
23312,3.0693E-5
23313,8.2653E-5
23314,1.9618E-5
23315,3.6191E-5
23316,4.5482E-5
23317,6.3332E-5
23318,3.8954E-5
23319,4.9842E-5
23320,5.1601E-5
23321,6.3484E-5
23322,5.1863E-5
23323,2.7283E-5
23324,3.7735E-5
23325,5.7979E-5
23326,3.1495E-5
23327,5.2919E-5
23328,5.414E-5
23329,1.8005E-5
23330,8.4673E-5
23331,5.5204E-5
23332,5.1202E-5
23333,5.6878E-5
23334,6.7579E-5
23335,6.1146E-5
23336,4.9209E-5
23337,6.3285E-5
23338,5.0528E-5
23339,3.663E-5
23340,1.816E-5
23341,4.4235E-5
23342,5.8375E-5
23343,4.5046E-5
23344,2.4594E-5
23345,4.3385E-5
23346,3.8962E-5
23347,2.7498E-5
23348,1.00121E-4
23349,3.0153E-5
23350,2.2668E-5
23351,5.9394E-5
23352,4.5743E-5
23353,6.0659E-5
23354,5.7524E-5
23355,4.5113E-5
23356,1.6723E-5
23357,4.6893E-5
23358,6.1376E-5
23359,6.1477E-5
23360,4.9899E-5
23361,8.3991E-5
23362,2.0743E-5
23363,5.9499E-5
23364,5.4768E-5
23365,4.2271E-5
23366,9.6196E-5
23367,3.7718E-5
23368,6.2102E-5
23369,4.6833E-5
23370,5.0339E-5
23371,7.8113E-5
23372,1.5565E-5
23373,2.2465E-5
23374,2.3873E-5
23375,8.4626E-5
23376,2.4429E-5
23377,4.7592E-5
23378,2.3512E-5
23379,4.6817E-5
23380,4.6548E-5
23381,2.4784E-5
23382,4.4133E-5
23383,3.5139E-5
23384,2.2069E-5
23385,4.2674E-5
23386,2.6857E-5
23387,4.9045E-5
23388,3.5954E-5
23389,5.7901E-5
23390,2.4862E-5
23391,3.0791E-5
23392,4.4894E-5
23393,3.2291E-5
23394,4.9209E-5
23395,5.6283E-5
23396,7.3108E-5
23397,2.8715E-5
23398,5.2712E-5
23399,8.2135E-5
23400,4.9519E-5
23401,6.1847E-5
23402,3.5342E-5
23403,2.9225E-5
23404,2.3352E-5
23405,1.8215E-5
23406,4.1949E-5
23407,3.896E-5
23408,6.6793E-5
23409,4.342E-5
23410,1.9893E-5
23411,3.0463E-5
23412,6.1558E-5
23413,1.6055E-5
23414,3.9308E-5
23415,1.1681E-5
23416,7.2232E-5
23417,4.2235E-5
23418,7.5011E-5
23419,2.6638E-5
23420,1.2583E-5
23421,3.3678E-5
23422,5.3174E-5
23423,5.8604E-5
23424,6.928E-5
23425,6.5964E-5
23426,1.4292E-5
23427,4.52861E-4
23428,5.3439E-5
23429,6.3002E-5
23430,6.1993E-5
23431,3.6073E-5
23432,4.8202E-5
23433,2.9275E-5
23434,3.0907E-5
23435,5.2342E-5
23436,3.4349E-5
23437,1.4786E-5
23438,5.3563E-5
23439,3.3245E-5
23440,1.37E-7
23441,2.4324E-5
23442,6.5256E-5
23443,3.4326E-5
23444,9.4912E-5
23445,6.0691E-5
23446,5.6893E-5
23447,6.3569E-5
23448,2.3454E-5
23449,3.9352E-5
23450,5.7266E-5
23451,7.0964E-5
23452,4.9821E-5
23453,1.8386E-5
23454,3.8761E-5
23455,3.561E-5
23456,4.6595E-5
23457,2.4152E-5
23458,6.5665E-5
23459,5.892E-5
23460,3.6667E-5
23461,1.6226E-5
23462,5.8937E-5
23463,2.0611E-5
23464,6.4803E-5
23465,5.6045E-5
23466,7.6177E-5
23467,2.511E-5
23468,7.3699E-5
23469,2.1261E-5
23470,4.3995E-5
23471,5.7273E-5
23472,3.8164E-5
23473,4.8662E-5
23474,6.2637E-5
23475,4.2392E-5
23476,5.8841E-5
23477,5.1224E-5
23478,4.8544E-5
23479,3.2441E-5
23480,4.4072E-5
23481,2.1884E-5
23482,7.1084E-5
23483,1.4981E-5
23484,4.8445E-5
23485,3.2886E-5
23486,3.8053E-5
23487,5.6481E-5
23488,3.7873E-5
23489,1.6084E-5
23490,3.3762E-5
23491,3.5507E-5
23492,3.7153E-5
23493,3.5412E-5
23494,2.7596E-5
23495,1.9692E-5
23496,3.5269E-5
23497,3.4372E-5
23498,6.5929E-5
23499,5.3059E-5
23500,2.1497E-5
23501,3.2804E-5
23502,4.4264E-5
23503,4.15236E-4
23504,6.0853E-5
23505,1.00604E-4
23506,7.7085E-5
23507,4.7866E-5
23508,2.6764E-5
23509,6.3663E-5
23510,2.5877E-5
23511,2.4393E-5
23512,6.0523E-5
23513,1.9136E-5
23514,1.11E-7
23515,5.8292E-5
23516,2.207E-5
23517,4.748E-5
23518,2.7809E-5
23519,1.1256E-5
23520,6.2979E-5
23521,1.5254E-5
23522,5.6047E-5
23523,4.5393E-5
23524,5.4614E-5
23525,2.2131E-5
23526,9.466E-6
23527,5.2357E-5
23528,5.456E-5
23529,5.8167E-5
23530,1.03E-7
23531,6.0062E-5
23532,7.1905E-5
23533,5.9705E-5
23534,2.711E-5
23535,8.2189E-5
23536,4.2754E-5
23537,5.1589E-5
23538,8.7635E-5
23539,5.8683E-5
23540,4.0523E-5
23541,6.0553E-5
23542,4.8952E-5
23543,2.5782E-5
23544,3.3323E-5
23545,5.8734E-5
23546,8.2213E-5
23547,4.3823E-5
23548,6.5066E-5
23549,4.9381E-5
23550,8.382E-5
23551,5.231E-5
23552,6.5217E-5
23553,5.4242E-5
23554,7.7165E-5
23555,3.7305E-5
23556,4.0972E-5
23557,8.3809E-5
23558,5.838E-5
23559,2.5121E-5
23560,3.8916E-5
23561,3.5738E-5
23562,3.6221E-5
23563,3.8663E-5
23564,5.2972E-5
23565,1.6381E-5
23566,6.0529E-5
23567,4.7139E-5
23568,4.1922E-5
23569,5.715E-5
23570,4.6966E-5
23571,4.0634E-5
23572,6.2608E-5
23573,7.8554E-5
23574,3.9449E-5
23575,6.4E-5
23576,5.4672E-5
23577,3.7357E-5
23578,4.6254E-5
23579,6.5627E-5
23580,3.2737E-5
23581,5.4243E-5
23582,5.5253E-5
23583,4.8573E-5
23584,3.1701E-5
23585,1.14E-7
23586,8.94E-5
23587,2.8626E-5
23588,4.006E-5
23589,4.2596E-5
23590,3.9063E-5
23591,4.0249E-5
23592,6.3078E-5
23593,2.2234E-5
23594,1.6903E-5
23595,6.4987E-5
23596,8.0734E-5
23597,1.3662E-5
23598,5.97E-5
23599,8.5851E-5
23600,4.4413E-5
23601,6.5259E-5
23602,3.3664E-5
23603,5.3526E-5
23604,4.8687E-5
23605,4.2755E-5
23606,4.096E-5
23607,1.526E-5
23608,5.2534E-5
23609,4.2522E-5
23610,1.0867E-5
23611,4.0328E-5
23612,4.4951E-5
23613,1.9222E-5
23614,5.268E-5
23615,5.396E-5
23616,5.9479E-5
23617,7.2091E-5
23618,7.0093E-5
23619,6.1804E-5
23620,4.4092E-5
23621,3.9055E-5
23622,2.8401E-5
23623,3.3638E-5
23624,3.9983E-5
23625,2.8621E-5
23626,6.2367E-5
23627,4.644E-5
23628,6.8853E-5
23629,3.7123E-5
23630,8.9445E-5
23631,8.2033E-5
23632,6.9312E-5
23633,7.0207E-5
23634,3.7035E-5
23635,4.6459E-5
23636,4.0263E-5
23637,4.3691E-5
23638,4.2659E-5
23639,2.7248E-5
23640,7.9416E-5
23641,2.5152E-5
23642,2.2927E-5
23643,6.46E-5
23644,6.3897E-5
23645,6.5286E-5
23646,2.2373E-5
23647,6.5478E-5
23648,6.0288E-5
23649,7.3311E-5
23650,3.9182E-5
23651,5.6287E-5
23652,5.963E-5
23653,4.2604E-5
23654,3.5503E-5
23655,4.7333E-5
23656,7.3567E-5
23657,6.0093E-5
23658,5.0309E-5
23659,2.7225E-5
23660,5.395E-5
23661,5.0691E-5
23662,3.198E-5
23663,8.0325E-5
23664,4.5741E-5
23665,5.6873E-5
23666,4.8785E-5
23667,6.8273E-5
23668,7.1313E-5
23669,5.5365E-5
23670,6.9723E-5
23671,5.9932E-5
23672,4.749E-5
23673,5.4322E-5
23674,1.808E-5
23675,7.4446E-5
23676,4.7656E-5
23677,5.2561E-5
23678,3.2658E-5
23679,4.1694E-5
23680,3.8583E-5
23681,6.1475E-5
23682,5.6285E-5
23683,3.5602E-5
23684,7.2329E-5
23685,4.647E-5
23686,2.896E-5
23687,3.9975E-5
23688,6.0411E-5
23689,8.2063E-5
23690,3.3799E-5
23691,6.4418E-5
23692,3.0018E-5
23693,4.1388E-5
23694,7.4444E-5
23695,9.5808E-5
23696,8.5281E-5
23697,7.7747E-5
23698,3.6208E-5
23699,5.4569E-5
23700,4.2825E-5
23701,3.7605E-5
23702,4.3626E-5
23703,3.1865E-5
23704,4.3333E-5
23705,5.7691E-5
23706,4.3939E-5
23707,6.7557E-5
23708,2.6473E-5
23709,2.7289E-5
23710,3.671E-5
23711,7.3942E-5
23712,6.784E-6
23713,4.6602E-5
23714,5.1415E-5
23715,2.3855E-5
23716,8.9069E-5
23717,3.8338E-5
23718,1.5361E-5
23719,3.3619E-5
23720,5.126E-5
23721,5.5492E-5
23722,3.2507E-5
23723,6.8224E-5
23724,3.2813E-5
23725,9.3028E-5
23726,6.4742E-5
23727,4.4648E-5
23728,4.9251E-5
23729,2.6373E-5
23730,4.3122E-5
23731,6.8809E-5
23732,4.9483E-5
23733,3.984E-5
23734,3.7377E-5
23735,4.8452E-5
23736,6.0229E-5
23737,2.172E-5
23738,6.0436E-5
23739,4.6777E-5
23740,4.3366E-5
23741,1.939E-5
23742,1.9491E-5
23743,4.3288E-5
23744,3.3437E-5
23745,5.9411E-5
23746,1.5443E-5
23747,7.6338E-5
23748,2.5877E-5
23749,2.06E-5
23750,6.3134E-5
23751,3.5021E-5
23752,3.1347E-5
23753,2.3963E-5
23754,3.5793E-5
23755,3.4566E-5
23756,2.515E-5
23757,4.9442E-5
23758,3.3542E-5
23759,4.2175E-5
23760,6.6857E-5
23761,5.4613E-5
23762,5.793E-5
23763,2.2996E-5
23764,6.9635E-5
23765,1.9731E-5
23766,3.4574E-5
23767,4.3156E-5
23768,6.8274E-5
23769,3.5185E-5
23770,3.9554E-5
23771,4.2737E-5
23772,8.5723E-5
23773,5.0606E-5
23774,1.9492E-5
23775,3.6465E-5
23776,5.0722E-5
23777,4.7897E-5
23778,2.8729E-5
23779,4.7397E-5
23780,5.4696E-5
23781,3.7019E-5
23782,6.1268E-5
23783,5.9506E-5
23784,4.2101E-5
23785,4.3389E-5
23786,3.0134E-5
23787,6.0317E-5
23788,4.9518E-5
23789,6.0642E-5
23790,6.2188E-5
23791,4.7204E-5
23792,4.0579E-5
23793,6.0965E-5
23794,5.127E-5
23795,1.2729E-5
23796,1.00043E-4
23797,5.5604E-5
23798,4.914E-5
23799,1.2831E-5
23800,4.4575E-5
23801,8.1588E-5
23802,4.4341E-5
23803,9.9592E-5
23804,1.13E-7
23805,5.1426E-5
23806,3.1992E-5
23807,9.6983E-5
23808,1.4051E-5
23809,3.0919E-5
23810,1.727E-5
23811,5.3818E-5
23812,5.3402E-5
23813,1.3695E-5
23814,5.1036E-5
23815,5.4892E-5
23816,4.9101E-5
23817,3.9998E-5
23818,5.9458E-5
23819,3.8241E-5
23820,4.7395E-5
23821,5.8061E-5
23822,4.6143E-5
23823,2.2106E-5
23824,6.6712E-5
23825,3.4368E-5
23826,5.1485E-5
23827,3.899E-5
23828,4.2587E-5
23829,4.2253E-5
23830,0.00174182
23831,4.8834E-5
23832,5.4107E-5
23833,8.3731E-5
23834,1.27E-7
23835,4.373E-5
23836,8.2492E-5
23837,3.996E-5
23838,5.1769E-5
23839,6.3284E-5
23840,5.3003E-5
23841,5.0948E-5
23842,5.2089E-5
23843,3.4447E-5
23844,3.8356E-5
23845,1.5089E-5
23846,3.0056E-5
23847,4.4274E-5
23848,4.4708E-5
23849,8.8938E-5
23850,6.1772E-5
23851,2.1287E-5
23852,4.4154E-5
23853,5.3413E-5
23854,2.6972E-5
23855,1.6562E-5
23856,5.2092E-5
23857,3.598E-5
23858,4.8794E-5
23859,2.1462E-5
23860,7.2681E-5
23861,4.4616E-5
23862,6.808E-5
23863,6.4843E-5
23864,7.6627E-5
23865,1.7379E-5
23866,3.6704E-5
23867,4.3348E-5
23868,3.6389E-5
23869,4.2515E-5
23870,2.4367E-5
23871,4.1079E-5
23872,6.9669E-5
23873,8.6883E-5
23874,3.9061E-5
23875,6.0786E-5
23876,6.5588E-5
23877,4.6841E-5
23878,8.7866E-5
23879,1.1915E-5
23880,3.6741E-5
23881,0.004577688
23882,1.852E-5
23883,2.9079E-5
23884,4.4024E-5
23885,3.4703E-5
23886,4.8713E-5
23887,5.6444E-5
23888,3.4974E-5
23889,3.7536E-5
23890,7.0616E-5
23891,4.9368E-5
23892,5.5605E-5
23893,3.7618E-5
23894,1.6221E-5
23895,6.5132E-5
23896,4.7099E-5
23897,6.6644E-5
23898,3.1981E-5
23899,4.7398E-5
23900,5.1992E-5
23901,5.0624E-5
23902,4.8829E-5
23903,2.6875E-5
23904,8.5627E-5
23905,8.376E-5
23906,6.4107E-5
23907,4.7987E-5
23908,1.9109E-5
23909,4.2228E-5
23910,2.2962E-5
23911,1.6741E-5
23912,3.9822E-5
23913,4.5975E-5
23914,4.3238E-5
23915,3.0561E-5
23916,4.6993E-5
23917,3.8244E-5
23918,6.3791E-5
23919,3.7019E-5
23920,1.09E-7
23921,3.5604E-5
23922,7.9004E-5
23923,8.4825E-5
23924,5.9126E-5
23925,3.0079E-5
23926,2.1677E-5
23927,3.8569E-5
23928,2.9414E-5
23929,3.6991E-5
23930,3.3432E-5
23931,4.0586E-5
23932,6.5221E-5
23933,4.2214E-5
23934,6.4922E-5
23935,3.5133E-5
23936,2.803E-5
23937,4.4883E-5
23938,5.1903E-5
23939,4.3383E-5
23940,6.0606E-5
23941,9.1461E-5
23942,8.1369E-5
23943,5.0798E-5
23944,4.6352E-5
23945,4.6737E-5
23946,3.43E-5
23947,0.110686265
23948,3.9783E-5
23949,3.0996E-5
23950,6.5823E-5
23951,3.4731E-5
23952,5.2306E-5
23953,4.0703E-5
23954,4.2647E-5
23955,3.9336E-5
23956,2.0831E-5
23957,4.2695E-5
23958,6.5194E-5
23959,4.6301E-5
23960,5.918E-5
23961,6.0366E-5
23962,3.9649E-5
23963,7.7117E-5
23964,8.851E-5
23965,4.6757E-5
23966,5.8569E-5
23967,4.9215E-5
23968,7.4292E-5
23969,7.1599E-5
23970,5.1206E-5
23971,5.5946E-5
23972,6.0077E-5
23973,3.7258E-5
23974,1.2104E-5
23975,3.3304E-5
23976,4.94E-5
23977,3.5859E-5
23978,3.2363E-5
23979,4.1357E-5
23980,4.0111E-5
23981,5.9566E-5
23982,4.7688E-5
23983,1.4724E-5
23984,3.2263E-5
23985,2.5938E-5
23986,3.8465E-5
23987,3.5357E-5
23988,1.04163E-4
23989,4.7117E-5
23990,7.9521E-5
23991,9.1054E-5
23992,6.924E-5
23993,5.3088E-5
23994,3.6918E-5
23995,3.3611E-5
23996,2.0176E-5
23997,4.8583E-5
23998,7.3751E-5
23999,4.551E-5
24000,2.8419E-5
24001,3.6865E-5
24002,6.2173E-5
24003,3.8205E-5
24004,2.8688E-5
24005,6.2188E-5
24006,4.1703E-5
24007,5.1239E-5
24008,4.524E-5
24009,5.9973E-5
24010,2.2137E-5
24011,4.7631E-5
24012,6.0644E-5
24013,2.1101E-5
24014,8.6129E-5
24015,5.8416E-5
24016,3.3812E-5
24017,6.5033E-5
24018,2.5881E-5
24019,4.9978E-5
24020,3.5123E-5
24021,1.25E-7
24022,8.9524E-5
24023,2.8097E-5
24024,2.6245E-5
24025,5.6078E-5
24026,5.553E-5
24027,2.3221E-5
24028,4.6957E-5
24029,4.8567E-5
24030,3.8844E-5
24031,6.8409E-5
24032,5.6016E-5
24033,5.9317E-5
24034,4.8908E-5
24035,3.3681E-5
24036,6.1919E-5
24037,3.9815E-5
24038,4.5091E-5
24039,5.7142E-5
24040,1.09E-7
24041,3.1123E-5
24042,7.1653E-5
24043,1.4485E-5
24044,4.8255E-5
24045,2.6566E-5
24046,6.9726E-5
24047,1.4138E-5
24048,7.0867E-5
24049,4.2416E-5
24050,5.4236E-5
24051,2.8594E-5
24052,9.411E-6
24053,5.5576E-5
24054,4.7136E-5
24055,5.4471E-5
24056,8.5948E-5
24057,4.2871E-5
24058,6.6301E-5
24059,6.2732E-5
24060,4.9758E-5
24061,2.7658E-5
24062,3.3172E-5
24063,3.6975E-5
24064,6.2734E-5
24065,8.5108E-5
24066,1.25E-7
24067,7.1297E-5
24068,3.6656E-5
24069,9.9052E-5
24070,6.3773E-5
24071,4.272E-5
24072,5.2134E-5
24073,4.7155E-5
24074,3.9691E-5
24075,3.8465E-5
24076,7.824E-5
24077,3.1169E-5
24078,3.6754E-5
24079,5.3345E-5
24080,5.4709E-5
24081,2.4025E-5
24082,7.6255E-5
24083,4.1348E-5
24084,5.4823E-5
24085,5.5295E-5
24086,3.0877E-5
24087,5.1397E-5
24088,5.4195E-5
24089,4.1383E-5
24090,4.595E-5
24091,3.6392E-5
24092,2.5977E-5
24093,3.2872E-5
24094,3.858E-5
24095,6.0137E-5
24096,9.5474E-5
24097,5.6793E-5
24098,4.0036E-5
24099,4.9611E-5
24100,1.5893E-5
24101,1.41E-7
24102,8.9546E-5
24103,5.4632E-5
24104,4.9057E-5
24105,4.9661E-5
24106,2.6272E-5
24107,5.7607E-5
24108,3.7996E-5
24109,6.5488E-5
24110,6.3711E-5
24111,5.4328E-5
24112,4.5387E-5
24113,4.6615E-5
24114,5.0856E-5
24115,6.5274E-5
24116,4.061E-5
24117,4.5396E-5
24118,2.5697E-5
24119,2.5768E-5
24120,2.9212E-5
24121,2.6468E-5
24122,2.4804E-5
24123,6.3288E-5
24124,3.8354E-5
24125,1.2484E-5
24126,3.6309E-5
24127,5.3425E-5
24128,1.8848E-5
24129,4.4728E-5
24130,3.4861E-5
24131,5.6348E-5
24132,7.138E-5
24133,5.5709E-5
24134,5.9047E-5
24135,6.2843E-5
24136,4.0368E-5
24137,5.5854E-5
24138,3.8942E-5
24139,4.2007E-5
24140,7.0575E-5
24141,7.6775E-5
24142,4.9376E-5
24143,4.3453E-5
24144,2.8312E-5
24145,3.4043E-5
24146,8.1455E-5
24147,3.2209E-5
24148,4.8434E-5
24149,4.1395E-5
24150,5.9699E-5
24151,3.8281E-5
24152,5.4223E-5
24153,7.3377E-5
24154,5.7119E-5
24155,5.8748E-5
24156,1.6061E-5
24157,1.9093E-5
24158,6.218E-5
24159,2.7056E-5
24160,1.9437E-5
24161,5.7236E-5
24162,4.2125E-5
24163,4.1916E-5
24164,4.2644E-5
24165,7.1474E-5
24166,3.8224E-5
24167,3.705E-5
24168,3.474E-5
24169,7.0907E-5
24170,2.4622E-5
24171,1.01207E-4
24172,4.5961E-5
24173,9.6044E-5
24174,6.53E-5
24175,8.3356E-5
24176,4.2815E-5
24177,4.2556E-5
24178,7.0016E-5
24179,1.9802E-5
24180,7.3966E-5
24181,4.2302E-5
24182,4.3338E-5
24183,5.792E-5
24184,4.3629E-5
24185,5.8911E-5
24186,6.0227E-5
24187,8.545E-5
24188,4.8423E-5
24189,4.9677E-5
24190,3.8453E-5
24191,5.8739E-5
24192,1.8531E-5
24193,5.1617E-5
24194,2.8947E-5
24195,9.416E-6
24196,6.1977E-5
24197,5.7676E-5
24198,2.5899E-5
24199,5.0046E-5
24200,3.3053E-5
24201,3.5663E-5
24202,6.4145E-5
24203,2.3623E-5
24204,3.0737E-5
24205,3.0549E-5
24206,5.5933E-5
24207,6.3314E-5
24208,2.5102E-5
24209,1.2E-7
24210,2.4198E-5
24211,5.3902E-5
24212,6.4873E-5
24213,3.5992E-5
24214,5.6476E-5
24215,4.6448E-5
24216,4.1361E-5
24217,2.5841E-5
24218,4.2618E-5
24219,5.9167E-5
24220,6.3965E-5
24221,5.7962E-5
24222,5.1183E-5
24223,1.6464E-5
24224,2.1424E-5
24225,3.9103E-5
24226,5.8331E-5
24227,5.2067E-5
24228,5.7355E-5
24229,4.1691E-5
24230,6.9193E-5
24231,5.0811E-5
24232,6.5278E-5
24233,2.8382E-5
24234,3.9306E-5
24235,6.7809E-5
24236,5.0977E-5
24237,4.6634E-5
24238,4.6361E-5
24239,4.7671E-5
24240,3.064E-5
24241,2.6673E-5
24242,5.6848E-5
24243,5.5945E-5
24244,4.8305E-5
24245,8.1961E-5
24246,8.9003E-5
24247,5.6708E-5
24248,7.572E-5
24249,2.5881E-5
24250,7.8184E-5
24251,3.7727E-5
24252,8.623E-5
24253,5.0217E-5
24254,5.422E-5
24255,1.2509E-5
24256,2.4558E-5
24257,6.3853E-5
24258,5.1356E-5
24259,3.5142E-5
24260,4.7145E-5
24261,4.468E-5
24262,5.7885E-5
24263,6.984E-5
24264,5.8499E-5
24265,4.1094E-5
24266,3.5226E-5
24267,5.9114E-5
24268,4.6777E-5
24269,5.243E-5
24270,6.8767E-5
24271,2.5177E-5
24272,3.8636E-5
24273,5.7471E-5
24274,6.7105E-5
24275,1.6102E-5
24276,4.8297E-5
24277,1.7457E-5
24278,6.4812E-5
24279,8.1418E-5
24280,5.1952E-5
24281,2.1276E-5
24282,4.2474E-5
24283,4.7965E-5
24284,4.0885E-5
24285,4.463E-5
24286,4.7372E-5
24287,6.1019E-5
24288,7.4232E-5
24289,5.7499E-5
24290,2.5329E-5
24291,6.4155E-5
24292,3.6016E-5
24293,6.5973E-5
24294,4.7112E-5
24295,6.4953E-5
24296,2.18905E-4
24297,1.5464E-5
24298,4.9835E-5
24299,1.7063E-5
24300,3.9869E-5
24301,4.6028E-5
24302,4.1645E-5
24303,6.7069E-5
24304,6.6136E-5
24305,7.0286E-5
24306,5.5985E-5
24307,5.3478E-5
24308,5.6221E-5
24309,4.1901E-5
24310,3.331E-5
24311,5.9202E-5
24312,5.3448E-5
24313,5.166E-5
24314,0.009127685
24315,3.4535E-5
24316,5.5931E-5
24317,4.5216E-5
24318,3.6842E-5
24319,7.6765E-5
24320,7.3764E-5
24321,3.9621E-5
24322,3.0456E-5
24323,3.9353E-5
24324,1.6828E-5
24325,6.599E-5
24326,5.2275E-5
24327,3.2378E-5
24328,4.8652E-5
24329,5.5132E-5
24330,7.2317E-5
24331,5.6367E-5
24332,3.6754E-5
24333,2.2052E-5
24334,4.3749E-5
24335,5.6821E-5
24336,6.4456E-5
24337,5.7053E-5
24338,5.3182E-5
24339,7.7225E-5
24340,6.4399E-5
24341,3.4971E-5
24342,6.3237E-5
24343,4.5371E-5
24344,6.1954E-5
24345,6.5124E-5
24346,6.60667E-4
24347,8.6966E-5
24348,2.6504E-5
24349,2.7639E-5
24350,3.244E-5
24351,6.6292E-5
24352,2.7299E-5
24353,6.1536E-5
24354,4.6375E-5
24355,6.3643E-5
24356,7.8465E-5
24357,5.4195E-5
24358,8.3225E-5
24359,5.4988E-5
24360,4.7627E-5
24361,1.8985E-5
24362,8.2192E-5
24363,6.3055E-5
24364,3.2088E-5
24365,3.2504E-5
24366,4.5723E-5
24367,7.0055E-5
24368,5.0483E-5
24369,5.7832E-5
24370,7.5541E-5
24371,6.0141E-5
24372,5.8459E-5
24373,3.7498E-5
24374,4.1136E-5
24375,4.6284E-5
24376,5.9011E-5
24377,4.6364E-5
24378,4.3668E-5
24379,6.7535E-5
24380,5.1105E-5
24381,3.3858E-5
24382,5.7094E-5
24383,4.9617E-5
24384,3.0184E-5
24385,2.7589E-5
24386,4.1768E-5
24387,3.9451E-5
24388,3.9941E-5
24389,3.8382E-5
24390,4.2373E-5
24391,3.4437E-5
24392,5.5656E-5
24393,4.7636E-5
24394,7.4662E-5
24395,1.00321E-4
24396,4.253E-5
24397,5.2689E-5
24398,1.6334E-5
24399,4.5057E-5
24400,4.8578E-5
24401,6.9441E-5
24402,4.3838E-5
24403,8.1262E-5
24404,1.6508E-5
24405,5.7867E-5
24406,3.501E-5
24407,5.0709E-5
24408,6.8329E-5
24409,4.0766E-5
24410,4.8538E-5
24411,3.4381E-5
24412,7.0073E-5
24413,7.5706E-5
24414,3.5515E-5
24415,6.6112E-5
24416,8.4258E-5
24417,3.3112E-5
24418,6.2782E-5
24419,7.2946E-5
24420,6.0016E-5
24421,2.5729E-5
24422,6.588E-5
24423,6.7178E-5
24424,4.439E-5
24425,5.5717E-5
24426,5.3426E-5
24427,6.624E-5
24428,4.3064E-5
24429,6.8628E-5
24430,5.0987E-5
24431,5.5872E-5
24432,7.0369E-5
24433,4.0005E-5
24434,2.4961E-5
24435,6.4923E-5
24436,2.9958E-5
24437,5.2949E-5
24438,2.8374E-5
24439,4.8698E-5
24440,5.5973E-5
24441,6.4327E-5
24442,5.4512E-5
24443,4.128E-5
24444,6.3965E-5
24445,8.3533E-5
24446,5.5387E-5
24447,5.9279E-5
24448,1.6751E-5
24449,3.4693E-5
24450,6.5453E-5
24451,4.3557E-5
24452,4.4321E-5
24453,6.0273E-5
24454,7.09E-5
24455,4.2628E-5
24456,3.5167E-5
24457,4.7228E-5
24458,2.2616E-5
24459,3.7524E-5
24460,2.6445E-5
24461,8.5936E-5
24462,2.6409E-5
24463,3.895E-5
24464,3.0391E-5
24465,5.7161E-5
24466,3.9948E-5
24467,5.9516E-5
24468,8.218E-5
24469,9.3895E-5
24470,4.4983E-5
24471,4.1414E-5
24472,6.5026E-5
24473,3.7383E-5
24474,2.5261E-5
24475,5.54E-5
24476,4.5877E-5
24477,4.8474E-5
24478,9.862E-6
24479,5.2625E-5
24480,0.001072291
24481,4.8811E-5
24482,5.4645E-5
24483,3.7954E-5
24484,6.0014E-5
24485,6.7907E-5
24486,1.0656E-5
24487,2.3757E-5
24488,4.767E-5
24489,5.5772E-5
24490,2.8822E-5
24491,5.6834E-5
24492,6.8074E-5
24493,4.7337E-5
24494,4.3344E-5
24495,4.0011E-5
24496,5.6448E-5
24497,6.2737E-5
24498,7.0821E-5
24499,7.9256E-5
24500,2.056E-5
24501,1.19E-7
24502,5.2426E-5
24503,4.0917E-5
24504,3.2154E-5
24505,3.1769E-5
24506,3.5258E-5
24507,9.9222E-5
24508,5.9862E-5
24509,3.3357E-5
24510,3.6197E-5
24511,3.6814E-5
24512,4.3469E-5
24513,2.7729E-5
24514,6.1595E-5
24515,4.4183E-5
24516,8.1417E-5
24517,3.4051E-5
24518,3.6927E-5
24519,1.0682E-5
24520,4.0963E-5
24521,3.9911E-5
24522,8.4269E-5
24523,4.1684E-5
24524,1.7661E-5
24525,5.55E-5
24526,4.1137E-5
24527,7.4179E-5
24528,4.8838E-5
24529,2.1632E-5
24530,5.3526E-5
24531,5.745E-5
24532,4.0084E-5
24533,3.811E-5
24534,5.8622E-5
24535,5.4448E-5
24536,7.0339E-5
24537,2.9727E-5
24538,3.9392E-5
24539,4.0463E-5
24540,8.4592E-5
24541,5.5606E-5
24542,1.0286E-5
24543,4.8269E-5
24544,3.7778E-5
24545,4.1667E-5
24546,3.8443E-5
24547,2.1354E-5
24548,1.6799E-5
24549,3.8467E-5
24550,6.0981E-5
24551,5.9793E-5
24552,3.2043E-5
24553,6.5657E-5
24554,3.6769E-5
24555,5.1402E-5
24556,4.4136E-5
24557,4.6961E-5
24558,9.3624E-5
24559,1.2806E-5
24560,4.6134E-5
24561,3.066E-5
24562,4.8063E-5
24563,6.9597E-5
24564,3.9344E-5
24565,1.29E-7
24566,4.2537E-5
24567,5.3974E-5
24568,4.8814E-5
24569,2.5208E-5
24570,2.8979E-5
24571,8.51E-5
24572,3.8133E-5
24573,6.5019E-5
24574,5.5822E-5
24575,5.2518E-5
24576,1.9543E-5
24577,4.7455E-5
24578,5.3249E-5
24579,5.7716E-5
24580,6.1016E-5
24581,3.1865E-5
24582,3.5745E-5
24583,4.2537E-5
24584,6.0506E-5
24585,4.0154E-5
24586,3.9684E-5
24587,4.3521E-5
24588,3.865E-5
24589,3.2663E-5
24590,4.7113E-5
24591,2.8154E-5
24592,6.0676E-5
24593,4.2953E-5
24594,1.0352E-5
24595,4.8216E-5
24596,1.9807E-5
24597,6.213E-5
24598,3.3823E-5
24599,5.0793E-5
24600,4.7128E-5
24601,4.6094E-5
24602,3.0645E-5
24603,2.9018E-5
24604,7.0814E-5
24605,4.1786E-5
24606,8.0189E-5
24607,5.2923E-5
24608,9.794E-5
24609,2.2322E-5
24610,4.9422E-5
24611,1.0438E-5
24612,9.1248E-5
24613,2.5814E-5
24614,4.5699E-5
24615,1.2116E-5
24616,7.0437E-5
24617,2.8696E-5
24618,6.853E-5
24619,7.5651E-5
24620,1.1106E-5
24621,1.09E-7
24622,4.2E-5
24623,6.9609E-5
24624,6.958E-5
24625,8.6667E-5
24626,4.8203E-5
24627,1.01E-7
24628,2.9132E-5
24629,1.501E-5
24630,7.9529E-5
24631,6.9838E-5
24632,4.9513E-5
24633,2.9385E-5
24634,2.916E-5
24635,2.6138E-5
24636,5.421E-5
24637,8.2394E-5
24638,5.2843E-5
24639,3.227E-5
24640,5.8424E-5
24641,3.5737E-5
24642,2.0396E-5
24643,1.6267E-5
24644,2.9713E-5
24645,4.6792E-5
24646,3.2437E-5
24647,3.1862E-5
24648,1.7093E-5
24649,2.986E-5
24650,6.3955E-5
24651,6.7367E-5
24652,1.319E-5
24653,6.0289E-5
24654,3.3319E-5
24655,5.0052E-5
24656,5.1713E-5
24657,5.4133E-5
24658,4.2832E-5
24659,5.0021E-5
24660,5.4967E-5
24661,4.9383E-5
24662,8.5146E-5
24663,2.9921E-5
24664,5.7785E-5
24665,6.6459E-5
24666,2.5407E-5
24667,6.0998E-5
24668,1.14058E-4
24669,5.2997E-5
24670,0.02480318
24671,3.755E-5
24672,5.0805E-5
24673,4.3244E-5
24674,3.8298E-5
24675,3.5752E-5
24676,4.4117E-5
24677,4.0158E-5
24678,5.6404E-5
24679,2.39E-5
24680,4.7522E-5
24681,2.5329E-5
24682,6.2942E-5
24683,7.6767E-5
24684,1.2975E-5
24685,4.4916E-5
24686,8.021E-5
24687,7.0869E-5
24688,3.9905E-5
24689,5.1513E-5
24690,1.0463E-4
24691,4.7835E-5
24692,8.4844E-5
24693,5.527E-5
24694,3.5071E-5
24695,5.5383E-5
24696,7.2092E-5
24697,0.004089125
24698,1.05031E-4
24699,4.1516E-5
24700,2.928E-5
24701,4.4435E-5
24702,6.5957E-5
24703,2.7144E-5
24704,4.8844E-5
24705,4.9274E-5
24706,7.1884E-5
24707,1.03E-7
24708,6.0842E-5
24709,2.6791E-5
24710,3.8372E-5
24711,3.2569E-5
24712,5.1487E-5
24713,4.6282E-5
24714,6.4405E-5
24715,1.8577E-5
24716,5.2301E-5
24717,5.08E-5
24718,5.171E-5
24719,0.015690638
24720,5.5502E-5
24721,4.4799E-5
24722,1.8978E-5
24723,7.445E-5
24724,5.2954E-5
24725,4.9007E-5
24726,5.8224E-5
24727,2.182E-5
24728,4.1879E-5
24729,4.2984E-5
24730,6.6295E-5
24731,2.3263E-5
24732,9.1191E-5
24733,4.6794E-5
24734,4.6636E-5
24735,5.0875E-5
24736,5.1068E-5
24737,0.036330403
24738,1.3153E-5
24739,3.5208E-5
24740,1.05953E-4
24741,1.8918E-5
24742,5.0965E-5
24743,5.1324E-5
24744,5.45E-5
24745,4.2192E-5
24746,4.3634E-5
24747,4.6597E-5
24748,2.7273E-5
24749,8.3267E-5
24750,1.6347E-5
24751,5.3811E-5
24752,5.1848E-5
24753,7.4251E-5
24754,2.3726E-5
24755,3.7363E-5
24756,5.985E-5
24757,4.0658E-5
24758,7.2216E-5
24759,7.2822E-5
24760,7.9357E-5
24761,4.5541E-5
24762,5.6545E-5
24763,1.018E-5
24764,7.8716E-5
24765,4.6549E-5
24766,4.6545E-5
24767,3.0848E-5
24768,4.3909E-5
24769,6.0374E-5
24770,5.1651E-5
24771,5.6153E-5
24772,1.0413E-5
24773,3.6739E-5
24774,3.0738E-5
24775,4.1423E-5
24776,4.5847E-5
24777,5.73E-5
24778,4.2959E-5
24779,6.218E-5
24780,3.4024E-5
24781,5.8771E-5
24782,4.258E-5
24783,5.6887E-5
24784,3.463E-5
24785,3.2229E-5
24786,2.8461E-5
24787,1.10391E-4
24788,5.607E-5
24789,7.7224E-5
24790,2.3625E-5
24791,4.9175E-5
24792,7.1276E-5
24793,5.6425E-5
24794,3.9501E-5
24795,2.1599E-5
24796,4.6413E-5
24797,3.2505E-5
24798,8.1833E-5
24799,8.4324E-5
24800,4.4975E-5
24801,3.23E-5
24802,2.4183E-5
24803,4.4679E-5
24804,5.2908E-5
24805,5.1425E-5
24806,3.9176E-5
24807,3.7376E-5
24808,5.0455E-5
24809,3.0218E-5
24810,5.5493E-5
24811,6.4739E-5
24812,7.0369E-5
24813,2.6129E-5
24814,6.0205E-5
24815,5.247E-5
24816,6.8911E-5
24817,5.0869E-5
24818,4.8161E-5
24819,3.5493E-5
24820,4.1287E-5
24821,2.6539E-5
24822,8.8899E-5
24823,3.0686E-5
24824,1.05015E-4
24825,3.8476E-5
24826,5.9756E-5
24827,7.9494E-5
24828,5.3242E-5
24829,4.3192E-5
24830,7.1642E-5
24831,0.006597973
24832,4.4699E-5
24833,2.939E-5
24834,5.3287E-5
24835,5.9901E-5
24836,3.2518E-5
24837,2.1896E-5
24838,3.2911E-5
24839,4.9939E-5
24840,2.5415E-5
24841,3.6745E-5
24842,3.1689E-5
24843,2.9376E-5
24844,5.2753E-5
24845,6.9723E-5
24846,2.0031E-5
24847,3.0923E-5
24848,6.7319E-5
24849,3.5496E-5
24850,3.5922E-5
24851,1.1901E-5
24852,2.9796E-5
24853,3.421E-5
24854,5.0476E-5
24855,7.4281E-5
24856,4.426E-5
24857,4.4624E-5
24858,6.5154E-5
24859,4.0044E-5
24860,2.8816E-5
24861,3.6847E-5
24862,9.0586E-5
24863,1.8517E-5
24864,3.3337E-5
24865,6.3332E-5
24866,8.4816E-5
24867,3.9916E-5
24868,5.3929E-5
24869,4.4283E-5
24870,4.1931E-5
24871,4.5376E-5
24872,4.9861E-5
24873,8.381E-5
24874,7.9695E-5
24875,4.0913E-5
24876,0.038034437
24877,4.7046E-5
24878,2.7766E-5
24879,4.0949E-5
24880,4.9112E-5
24881,4.5129E-5
24882,1.0033E-5
24883,6.5854E-5
24884,6.2642E-5
24885,1.7532E-5
24886,4.3704E-5
24887,4.6473E-5
24888,6.2855E-5
24889,2.9482E-5
24890,3.6704E-5
24891,3.5371E-5
24892,3.1429E-5
24893,6.9983E-5
24894,2.9615E-5
24895,2.71E-5
24896,8.1463E-5
24897,7.2586E-5
24898,6.0824E-5
24899,4.2923E-5
24900,5.3545E-5
24901,1.4701E-5
24902,6.4933E-5
24903,6.4237E-5
24904,6.4232E-5
24905,6.6727E-5
24906,6.0902E-5
24907,3.3755E-5
24908,5.9535E-5
24909,2.8079E-5
24910,5.6809E-5
24911,4.2762E-5
24912,4.9617E-5
24913,4.7018E-5
24914,1.1732E-5
24915,4.7745E-5
24916,4.5319E-5
24917,4.8168E-5
24918,8.7181E-5
24919,6.8999E-5
24920,5.6652E-5
24921,2.4417E-5
24922,5.4395E-5
24923,2.9696E-5
24924,9.4988E-5
24925,4.9105E-5
24926,4.9032E-5
24927,5.5988E-5
24928,5.8823E-5
24929,7.0616E-5
24930,4.2699E-5
24931,1.0E-7
24932,2.626E-5
24933,6.2516E-5
24934,6.5512E-5
24935,7.9416E-5
24936,4.5639E-5
24937,2.8998E-5
24938,7.3764E-5
24939,4.5769E-5
24940,5.6523E-5
24941,5.3895E-5
24942,1.8117E-5
24943,5.2493E-5
24944,3.4619E-5
24945,1.4293E-5
24946,6.9843E-5
24947,5.8694E-5
24948,5.8535E-5
24949,3.8488E-5
24950,6.3229E-5
24951,5.7043E-5
24952,2.348E-5
24953,6.8359E-5
24954,5.9565E-5
24955,0.00316048
24956,4.228E-5
24957,9.6456E-5
24958,4.3324E-5
24959,5.0318E-5
24960,5.6992E-5
24961,6.5452E-5
24962,4.9009E-5
24963,6.539E-5
24964,8.2418E-5
24965,4.8624E-5
24966,2.7732E-5
24967,1.13E-7
24968,7.2448E-5
24969,6.9157E-5
24970,3.9492E-5
24971,6.8849E-5
24972,6.7478E-5
24973,5.3734E-5
24974,6.4935E-5
24975,3.5358E-5
24976,3.9147E-5
24977,6.7784E-5
24978,7.8399E-5
24979,3.8429E-5
24980,4.5189E-5
24981,6.1009E-5
24982,3.015E-5
24983,5.9666E-5
24984,6.4614E-5
24985,4.1446E-5
24986,4.695E-5
24987,5.684E-5
24988,3.1488E-5
24989,3.3155E-5
24990,3.9053E-5
24991,4.9851E-5
24992,4.0798E-5
24993,1.1152E-5
24994,6.1915E-5
24995,6.974E-5
24996,4.2003E-5
24997,5.766E-5
24998,3.4655E-5
24999,4.971E-5
25000,3.6196E-5
25001,5.4575E-5
25002,1.7638E-5
25003,7.1293E-5
25004,5.9552E-5
25005,4.0792E-5
25006,4.899E-5
25007,7.1192E-5
25008,2.0952E-5
25009,4.6964E-5
25010,8.5237E-5
25011,5.7874E-5
25012,4.1518E-5
25013,3.2033E-5
25014,4.6073E-5
25015,5.5833E-5
25016,1.8726E-5
25017,4.1448E-5
25018,2.9513E-5
25019,8.9648E-5
25020,2.6232E-5
25021,3.5354E-5
25022,1.1491E-5
25023,5.3363E-5
25024,4.1005E-5
25025,4.7015E-5
25026,3.9856E-5
25027,1.46E-7
25028,2.3002E-5
25029,5.4919E-5
25030,5.8037E-5
25031,3.2557E-5
25032,1.03238E-4
25033,5.5575E-5
25034,3.2106E-5
25035,4.3288E-5
25036,3.1923E-5
25037,1.4695E-5
25038,8.4241E-5
25039,3.9255E-5
25040,9.5033E-5
25041,8.3335E-5
25042,3.9558E-5
25043,5.8721E-5
25044,4.6709E-5
25045,5.2517E-5
25046,4.3661E-5
25047,4.6396E-5
25048,4.2179E-5
25049,2.8084E-5
25050,2.7871E-5
25051,5.2302E-5
25052,4.377E-5
25053,3.5753E-5
25054,3.5012E-5
25055,8.8123E-5
25056,2.6652E-5
25057,5.0984E-5
25058,3.1663E-5
25059,3.6879E-5
25060,5.7414E-5
25061,3.576E-5
25062,5.3159E-5
25063,4.7358E-5
25064,4.3089E-5
25065,5.1624E-5
25066,5.3841E-5
25067,4.2396E-5
25068,4.5896E-5
25069,3.5939E-5
25070,6.0164E-5
25071,2.7586E-5
25072,6.6245E-5
25073,7.284E-5
25074,5.6505E-5
25075,3.5276E-5
25076,2.6081E-5
25077,4.3305E-5
25078,4.3926E-5
25079,7.246E-5
25080,3.2788E-5
25081,4.6338E-5
25082,5.3947E-5
25083,8.8097E-5
25084,7.0598E-5
25085,5.4906E-5
25086,1.21E-7
25087,4.3212E-5
25088,6.3059E-5
25089,8.5941E-5
25090,2.8772E-5
25091,4.7907E-5
25092,2.2158E-5
25093,8.334E-5
25094,2.3423E-5
25095,5.7165E-5
25096,4.0063E-5
25097,6.4536E-5
25098,4.6973E-5
25099,7.1679E-5
25100,4.3017E-5
25101,1.845E-5
25102,2.5324E-5
25103,5.3405E-5
25104,3.0872E-5
25105,5.4148E-5
25106,4.2823E-5
25107,5.2455E-5
25108,3.7377E-5
25109,5.4964E-5
25110,4.8814E-5
25111,7.2503E-5
25112,5.8355E-5
25113,3.8699E-5
25114,6.495E-5
25115,4.1268E-5
25116,9.3071E-5
25117,7.3481E-5
25118,8.1733E-5
25119,7.6323E-5
25120,4.8749E-5
25121,3.7202E-5
25122,2.7561E-5
25123,3.3816E-5
25124,4.0951E-5
25125,3.3711E-5
25126,3.8148E-5
25127,5.2029E-5
25128,6.0121E-5
25129,2.9893E-5
25130,5.0378E-5
25131,1.5812E-5
25132,1.9608E-5
25133,3.7302E-5
25134,5.5636E-5
25135,3.8134E-5
25136,5.5391E-5
25137,4.2833E-5
25138,4.9391E-5
25139,9.0271E-5
25140,6.3867E-5
25141,7.2555E-5
25142,3.7258E-5
25143,1.2111E-5
25144,5.5584E-5
25145,6.2538E-5
25146,1.13213E-4
25147,5.6317E-5
25148,7.7022E-5
25149,1.8205E-5
25150,3.2593E-5
25151,3.9376E-5
25152,6.4356E-5
25153,9.3016E-5
25154,4.2759E-5
25155,2.0788E-5
25156,6.1273E-5
25157,8.6126E-5
25158,7.4047E-5
25159,4.2061E-5
25160,1.5588E-5
25161,6.6178E-5
25162,4.8038E-5
25163,8.5328E-5
25164,4.4947E-5
25165,5.4239E-5
25166,3.8158E-5
25167,5.0019E-5
25168,3.1888E-5
25169,1.3916E-5
25170,3.9303E-5
25171,8.3582E-5
25172,1.11E-7
25173,5.63E-5
25174,7.209E-5
25175,4.7418E-5
25176,1.5651E-5
25177,5.8498E-5
25178,5.4929E-5
25179,7.5754E-5
25180,4.5388E-5
25181,7.4614E-5
25182,3.2501E-5
25183,2.3946E-5
25184,4.8809E-5
25185,5.8254E-5
25186,3.0773E-5
25187,6.3651E-5
25188,2.192E-5
25189,5.4457E-5
25190,4.0206E-5
25191,6.4511E-5
25192,4.9403E-5
25193,8.7882E-5
25194,5.918E-5
25195,6.4604E-5
25196,6.0521E-5
25197,4.3554E-5
25198,3.3613E-5
25199,3.7948E-5
25200,4.2662E-5
25201,4.492E-5
25202,5.6156E-5
25203,2.8072E-5
25204,6.4677E-5
25205,1.54073E-4
25206,5.0134E-5
25207,6.6342E-5
25208,5.7745E-5
25209,7.7874E-5
25210,4.6292E-5
25211,4.3487E-5
25212,2.5897E-5
25213,3.5894E-5
25214,2.382E-5
25215,5.5087E-5
25216,4.7848E-5
25217,8.3233E-5
25218,2.638E-5
25219,6.4497E-5
25220,2.6433E-5
25221,7.8267E-5
25222,6.096E-5
25223,2.5274E-5
25224,1.15E-7
25225,4.7905E-5
25226,2.9245E-5
25227,5.1399E-5
25228,5.9071E-5
25229,1.3453E-5
25230,4.1077E-5
25231,4.5667E-5
25232,8.9963E-5
25233,3.6506E-5
25234,8.1073E-5
25235,5.7074E-5
25236,6.9451E-5
25237,7.9198E-5
25238,5.9795E-5
25239,6.0882E-5
25240,6.0682E-5
25241,5.1252E-5
25242,1.1479E-5
25243,3.296E-5
25244,3.5563E-5
25245,4.3185E-5
25246,4.8138E-5
25247,6.3326E-5
25248,4.52E-5
25249,4.2574E-5
25250,5.632E-5
25251,5.6424E-5
25252,5.8366E-5
25253,7.2168E-5
25254,1.12E-7
25255,6.1371E-5
25256,6.3211E-5
25257,8.4983E-5
25258,5.0733E-5
25259,1.25E-7
25260,1.9053E-5
25261,4.8711E-5
25262,5.5521E-5
25263,5.885E-5
25264,6.0703E-5
25265,3.9622E-5
25266,5.5387E-5
25267,6.5237E-5
25268,5.7747E-5
25269,4.7953E-5
25270,5.4537E-5
25271,5.226E-5
25272,1.28E-5
25273,1.3696E-5
25274,4.3232E-5
25275,5.9294E-5
25276,6.4398E-5
25277,5.7209E-5
25278,3.6817E-5
25279,7.5013E-5
25280,7.6683E-5
25281,8.461E-5
25282,6.1899E-5
25283,6.464E-5
25284,3.1547E-5
25285,8.2918E-5
25286,3.8758E-5
25287,9.4058E-5
25288,2.8979E-5
25289,5.6103E-5
25290,5.3419E-5
25291,6.9182E-5
25292,4.0912E-5
25293,4.873E-5
25294,1.1531E-5
25295,8.814E-5
25296,6.8453E-5
25297,7.4685E-5
25298,7.0742E-5
25299,4.2528E-5
25300,6.5882E-5
25301,4.9009E-5
25302,5.1844E-5
25303,3.9633E-5
25304,9.0095E-5
25305,7.5965E-5
25306,1.8332E-5
25307,5.5428E-5
25308,4.9379E-5
25309,5.8776E-5
25310,2.5819E-5
25311,4.0091E-5
25312,4.6832E-5
25313,7.4437E-5
25314,5.766E-5
25315,4.9357E-5
25316,4.8326E-5
25317,6.4116E-5
25318,3.2099E-5
25319,7.4388E-5
25320,3.4684E-5
25321,8.313E-5
25322,3.0234E-5
25323,2.3266E-5
25324,3.223E-5
25325,2.5121E-5
25326,5.7345E-5
25327,4.5192E-5
25328,4.6549E-5
25329,4.8501E-5
25330,3.434E-5
25331,7.6108E-5
25332,7.1952E-5
25333,4.2738E-5
25334,4.8566E-5
25335,5.7621E-5
25336,6.4162E-5
25337,3.7003E-5
25338,2.6721E-5
25339,6.7452E-5
25340,3.5339E-5
25341,3.319E-5
25342,3.7793E-5
25343,5.5706E-5
25344,4.365E-5
25345,5.0224E-5
25346,5.5799E-5
25347,7.646E-6
25348,4.0187E-5
25349,3.8362E-5
25350,6.7141E-5
25351,7.1037E-5
25352,4.1114E-5
25353,4.8504E-5
25354,3.6567E-5
25355,3.8912E-5
25356,2.6262E-5
25357,5.6254E-5
25358,7.5077E-5
25359,3.426E-5
25360,2.9712E-5
25361,5.7512E-5
25362,9.1439E-5
25363,1.2264E-5
25364,4.0254E-5
25365,3.2744E-5
25366,7.3293E-5
25367,5.0429E-5
25368,6.1923E-5
25369,5.0171E-5
25370,5.3127E-5
25371,5.9841E-5
25372,6.5122E-5
25373,4.668E-5
25374,5.4064E-5
25375,2.931E-5
25376,7.0092E-5
25377,4.9759E-5
25378,6.4446E-5
25379,6.8569E-5
25380,3.4801E-5
25381,5.2865E-5
25382,4.6224E-5
25383,3.1392E-5
25384,4.5578E-5
25385,4.7045E-5
25386,4.9189E-5
25387,5.201E-5
25388,1.3303E-5
25389,5.864E-5
25390,4.243E-5
25391,4.03E-5
25392,6.4459E-5
25393,6.8208E-5
25394,5.9253E-5
25395,7.1082E-5
25396,4.0016E-5
25397,5.8102E-5
25398,7.7805E-5
25399,7.8109E-5
25400,7.0705E-5
25401,7.6885E-5
25402,4.8317E-5
25403,5.2827E-5
25404,5.004E-5
25405,4.0598E-5
25406,3.1415E-5
25407,5.8499E-5
25408,6.0401E-5
25409,3.2978E-5
25410,4.4409E-5
25411,2.2418E-5
25412,3.625E-5
25413,1.0134E-5
25414,6.1275E-5
25415,4.5501E-5
25416,6.5351E-5
25417,3.9295E-5
25418,3.9326E-5
25419,5.74E-5
25420,3.0005E-5
25421,3.661E-5
25422,4.1018E-5
25423,6.0558E-5
25424,4.8382E-5
25425,3.4594E-5
25426,6.4047E-5
25427,8.4583E-5
25428,4.3006E-5
25429,2.1537E-5
25430,3.7601E-5
25431,3.7966E-5
25432,4.8342E-5
25433,7.1198E-5
25434,3.9087E-5
25435,5.8596E-5
25436,4.2467E-5
25437,5.5534E-5
25438,7.0471E-5
25439,5.8985E-5
25440,4.2874E-5
25441,6.9132E-5
25442,4.111E-5
25443,5.0447E-5
25444,2.3079E-5
25445,7.2039E-5
25446,7.1105E-5
25447,3.387E-5
25448,5.6073E-5
25449,6.4427E-5
25450,4.2148E-5
25451,4.0428E-5
25452,3.4812E-5
25453,5.2766E-5
25454,6.8503E-5
25455,5.0705E-5
25456,5.2282E-5
25457,4.0333E-5
25458,3.6754E-5
25459,3.7379E-5
25460,4.1896E-5
25461,5.3757E-5
25462,5.3405E-5
25463,6.4043E-5
25464,4.2075E-5
25465,5.5962E-5
25466,9.708E-5
25467,3.9755E-5
25468,6.1299E-5
25469,1.9279E-5
25470,5.1329E-5
25471,6.4926E-5
25472,5.7041E-5
25473,3.9402E-5
25474,5.0249E-5
25475,4.7503E-5
25476,4.5435E-5
25477,4.9625E-5
25478,6.5218E-5
25479,7.008E-5
25480,1.36E-7
25481,3.2032E-5
25482,4.9663E-5
25483,5.6228E-5
25484,4.7394E-5
25485,3.1216E-5
25486,5.8867E-5
25487,3.8987E-5
25488,5.4628E-5
25489,3.8072E-5
25490,3.2722E-5
25491,3.292E-5
25492,2.6406E-5
25493,4.1424E-5
25494,7.3108E-5
25495,4.764E-5
25496,4.1969E-5
25497,4.2054E-5
25498,3.2591E-5
25499,5.1085E-5
25500,7.3127E-5
25501,1.07758E-4
25502,5.9873E-5
25503,5.3E-5
25504,3.0258E-5
25505,2.5008E-5
25506,3.7959E-5
25507,4.1817E-5
25508,5.4151E-5
25509,5.3635E-5
25510,3.518E-5
25511,4.7177E-5
25512,4.3343E-5
25513,3.4388E-5
25514,5.624E-5
25515,3.5244E-5
25516,4.0341E-5
25517,5.0297E-5
25518,7.9239E-5
25519,8.8382E-5
25520,5.7062E-5
25521,7.1471E-5
25522,4.3159E-5
25523,6.0298E-5
25524,3.004E-5
25525,5.8271E-5
25526,1.19512E-4
25527,4.2879E-5
25528,3.1629E-5
25529,5.8801E-5
25530,6.9631E-5
25531,2.182E-5
25532,8.2874E-5
25533,7.1711E-5
25534,5.4438E-5
25535,4.8521E-5
25536,5.9198E-5
25537,7.059E-5
25538,7.4804E-5
25539,7.8432E-5
25540,5.1641E-5
25541,5.1983E-5
25542,7.9121E-5
25543,6.361E-5
25544,7.3126E-5
25545,9.4269E-5
25546,9.9961E-5
25547,7.2375E-5
25548,2.8893E-5
25549,5.96E-5
25550,5.4838E-5
25551,5.479E-5
25552,5.0345E-5
25553,3.9552E-5
25554,5.8641E-5
25555,4.4767E-5
25556,2.8297E-5
25557,5.5289E-5
25558,1.6936E-5
25559,2.1564E-5
25560,5.6493E-5
25561,3.5405E-5
25562,3.2753E-5
25563,3.8485E-5
25564,7.5487E-5
25565,3.722E-5
25566,4.8359E-5
25567,5.8135E-5
25568,3.4787E-5
25569,3.2147E-5
25570,4.7264E-5
25571,6.1479E-5
25572,8.6022E-5
25573,2.2099E-5
25574,4.6597E-5
25575,5.3171E-5
25576,4.4488E-5
25577,2.5397E-5
25578,4.464E-5
25579,4.6831E-5
25580,7.1841E-5
25581,7.2682E-5
25582,9.8645E-5
25583,3.8657E-5
25584,7.0174E-5
25585,6.3608E-5
25586,4.3175E-5
25587,6.0162E-5
25588,1.8476E-5
25589,7.4965E-5
25590,7.9337E-5
25591,7.7197E-5
25592,5.9851E-5
25593,3.8122E-5
25594,9.2145E-5
25595,4.9375E-5
25596,3.0021E-5
25597,9.6271E-5
25598,8.638E-5
25599,6.6921E-5
25600,4.6353E-5
25601,3.4983E-5
25602,4.7745E-5
25603,2.121E-5
25604,7.7706E-5
25605,6.0534E-5
25606,2.6378E-5
25607,5.5761E-5
25608,1.05E-7
25609,5.3609E-5
25610,2.6716E-5
25611,5.8558E-5
25612,3.5979E-5
25613,3.8011E-5
25614,7.1091E-5
25615,6.5748E-5
25616,6.117E-5
25617,2.9549E-5
25618,1.2114E-5
25619,3.0658E-5
25620,5.0649E-5
25621,5.8001E-5
25622,6.8793E-5
25623,5.4764E-5
25624,1.3713E-5
25625,5.7798E-5
25626,6.3738E-5
25627,2.3579E-5
25628,7.4585E-5
25629,4.8124E-5
25630,5.6127E-5
25631,7.4515E-5
25632,6.1235E-5
25633,7.5962E-5
25634,3.9483E-5
25635,3.6532E-5
25636,5.4635E-5
25637,1.7989E-5
25638,3.3148E-5
25639,8.2322E-5
25640,5.5409E-5
25641,5.7763E-5
25642,3.0488E-5
25643,4.6143E-5
25644,6.0909E-5
25645,6.0771E-5
25646,3.9699E-5
25647,7.3313E-5
25648,1.4501E-5
25649,6.3264E-5
25650,5.5754E-5
25651,5.447E-5
25652,3.2043E-5
25653,5.5219E-5
25654,2.6734E-5
25655,0.002115585
25656,4.7476E-5
25657,3.8324E-5
25658,4.7106E-5
25659,5.4666E-5
25660,7.4821E-5
25661,6.0967E-5
25662,2.904E-5
25663,6.539E-5
25664,4.773E-5
25665,5.2209E-5
25666,3.4459E-5
25667,9.9705E-5
25668,1.5166E-5
25669,6.6495E-5
25670,8.2002E-5
25671,1.8891E-5
25672,6.4821E-5
25673,2.845E-5
25674,5.1254E-5
25675,5.9626E-5
25676,4.1531E-5
25677,4.5939E-5
25678,5.8999E-5
25679,3.7827E-5
25680,4.3345E-5
25681,6.7329E-5
25682,4.1633E-5
25683,8.4778E-5
25684,6.244E-5
25685,6.1725E-5
25686,3.6931E-5
25687,4.4365E-5
25688,2.1446E-5
25689,2.5094E-5
25690,5.549E-5
25691,5.1733E-5
25692,5.2227E-5
25693,1.441E-5
25694,2.6096E-5
25695,2.3578E-5
25696,5.2183E-5
25697,7.5275E-5
25698,3.2802E-5
25699,5.8795E-5
25700,6.1419E-5
25701,6.4282E-5
25702,3.7314E-5
25703,6.2185E-5
25704,4.3808E-5
25705,2.9361E-5
25706,7.4228E-5
25707,2.6847E-5
25708,3.3251E-5
25709,0.00457563
25710,4.1444E-5
25711,4.8183E-5
25712,4.9517E-5
25713,3.4772E-5
25714,5.3059E-5
25715,6.841E-5
25716,3.449E-5
25717,9.8817E-5
25718,4.6037E-5
25719,6.71E-5
25720,4.3263E-5
25721,3.4201E-5
25722,5.2831E-5
25723,8.1161E-5
25724,6.2516E-5
25725,8.0632E-5
25726,4.2352E-5
25727,4.809E-5
25728,7.8249E-5
25729,4.7209E-5
25730,5.0271E-5
25731,7.2459E-5
25732,7.9782E-5
25733,5.8051E-5
25734,4.7605E-5
25735,3.6661E-5
25736,6.38E-5
25737,6.4037E-5
25738,5.6752E-5
25739,1.6825E-5
25740,5.5572E-5
25741,3.1007E-5
25742,2.0525E-5
25743,5.0541E-5
25744,1.06E-7
25745,3.7933E-5
25746,3.4517E-5
25747,6.9397E-5
25748,5.6243E-5
25749,0.001470225
25750,4.9851E-5
25751,5.4312E-5
25752,4.3375E-5
25753,1.9324E-5
25754,4.5288E-5
25755,3.8757E-5
25756,6.4237E-5
25757,5.1222E-5
25758,8.9337E-5
25759,5.4669E-5
25760,4.4632E-5
25761,4.8411E-5
25762,1.5405E-5
25763,1.2767E-5
25764,2.6703E-5
25765,3.3452E-5
25766,4.0981E-5
25767,3.29E-5
25768,9.3382E-5
25769,3.1813E-5
25770,5.8983E-5
25771,4.7553E-5
25772,5.2692E-5
25773,8.5866E-5
25774,5.1655E-5
25775,5.3489E-5
25776,2.7376E-5
25777,5.0043E-5
25778,5.2118E-5
25779,7.6751E-5
25780,3.7018E-5
25781,4.6215E-5
25782,3.7422E-5
25783,3.972E-5
25784,4.4625E-5
25785,5.7464E-5
25786,6.3241E-5
25787,8.0824E-5
25788,5.532E-5
25789,2.6699E-5
25790,1.8172E-5
25791,5.1729E-5
25792,5.0633E-5
25793,7.7332E-5
25794,6.5172E-5
25795,4.9529E-5
25796,4.2344E-5
25797,5.2065E-5
25798,6.0183E-5
25799,2.8218E-5
25800,7.1699E-5
25801,5.1644E-5
25802,4.2836E-5
25803,4.8751E-5
25804,4.2108E-5
25805,5.0045E-5
25806,6.3056E-5
25807,1.5747E-5
25808,6.7254E-5
25809,3.5469E-5
25810,6.2081E-5
25811,5.5792E-5
25812,4.7187E-5
25813,3.1936E-5
25814,4.4729E-5
25815,5.1058E-5
25816,4.3347E-5
25817,2.5613E-5
25818,2.127E-5
25819,5.5457E-5
25820,5.0287E-5
25821,3.1888E-5
25822,3.4522E-5
25823,5.7392E-5
25824,6.4607E-5
25825,1.2474E-5
25826,6.672E-5
25827,3.5833E-5
25828,6.0203E-5
25829,3.2738E-5
25830,1.3367E-5
25831,4.4886E-5
25832,5.5664E-5
25833,4.3426E-5
25834,6.7179E-5
25835,5.6678E-5
25836,7.759E-5
25837,6.9373E-5
25838,7.08E-5
25839,3.101E-5
25840,5.1234E-5
25841,2.754E-5
25842,6.161E-5
25843,8.0359E-5
25844,4.4486E-5
25845,6.5133E-5
25846,3.2345E-5
25847,2.2087E-5
25848,6.4277E-5
25849,7.9338E-5
25850,5.9031E-5
25851,4.7926E-5
25852,6.5012E-5
25853,4.2541E-5
25854,5.8434E-5
25855,3.7199E-5
25856,3.9074E-5
25857,6.2662E-5
25858,3.0865E-5
25859,6.1914E-5
25860,8.443E-5
25861,3.6646E-5
25862,3.8131E-5
25863,3.9656E-5
25864,3.8759E-5
25865,4.1319E-5
25866,4.6358E-5
25867,4.5092E-5
25868,4.8782E-5
25869,6.873E-5
25870,7.7619E-5
25871,4.9233E-5
25872,3.776E-5
25873,5.9571E-5
25874,6.5566E-5
25875,2.5327E-5
25876,3.5493E-5
25877,4.8967E-5
25878,4.4408E-5
25879,1.0847E-5
25880,3.8593E-5
25881,5.9269E-5
25882,6.1287E-5
25883,8.1951E-5
25884,5.4656E-5
25885,3.8835E-5
25886,4.8439E-5
25887,4.2994E-5
25888,4.5287E-5
25889,8.9173E-5
25890,5.338E-5
25891,2.0903E-5
25892,6.5902E-5
25893,6.1527E-5
25894,8.3551E-5
25895,1.0625E-5
25896,4.3902E-5
25897,1.0675E-5
25898,5.5915E-5
25899,3.578E-5
25900,2.3146E-5
25901,1.3207E-5
25902,5.3021E-5
25903,5.1329E-5
25904,4.0286E-5
25905,2.5488E-5
25906,3.9311E-5
25907,1.4953E-5
25908,6.6136E-5
25909,4.3266E-5
25910,6.8089E-5
25911,3.0519E-5
25912,4.1174E-5
25913,4.9179E-5
25914,1.8799E-5
25915,4.9589E-5
25916,6.2932E-5
25917,1.16741E-4
25918,8.5752E-5
25919,9.9418E-5
25920,3.3022E-5
25921,1.6613E-5
25922,5.2584E-5
25923,5.8516E-5
25924,5.0931E-5
25925,8.0572E-5
25926,7.4548E-5
25927,1.5069E-5
25928,3.3951E-5
25929,3.7553E-5
25930,7.5446E-5
25931,6.3854E-5
25932,5.887E-5
25933,5.5818E-5
25934,1.05589E-4
25935,4.7438E-5
25936,5.6048E-5
25937,9.8E-8
25938,4.1935E-5
25939,2.5859E-5
25940,6.4869E-5
25941,6.1201E-5
25942,1.421E-5
25943,7.2977E-5
25944,2.7956E-5
25945,7.3942E-5
25946,4.0258E-5
25947,7.7415E-5
25948,5.295E-5
25949,4.176E-5
25950,4.2623E-5
25951,7.0563E-5
25952,6.3993E-5
25953,4.2943E-5
25954,7.0625E-5
25955,5.8479E-5
25956,5.5631E-5
25957,4.2151E-5
25958,2.6657E-5
25959,6.4958E-5
25960,3.1879E-5
25961,2.6254E-5
25962,2.8551E-5
25963,5.1082E-5
25964,4.725E-5
25965,4.6449E-5
25966,4.6427E-5
25967,4.821E-5
25968,5.4748E-5
25969,6.0493E-5
25970,7.6733E-5
25971,2.673E-5
25972,3.5077E-5
25973,6.3457E-5
25974,6.6889E-5
25975,6.424E-5
25976,5.7362E-5
25977,5.2286E-5
25978,4.3046E-5
25979,6.4952E-5
25980,3.4787E-5
25981,3.4662E-5
25982,2.5287E-5
25983,5.4231E-5
25984,8.1729E-5
25985,4.0961E-5
25986,6.4814E-5
25987,6.5398E-5
25988,4.8167E-5
25989,7.6342E-5
25990,3.0562E-5
25991,1.8507E-5
25992,5.8934E-5
25993,7.2022E-5
25994,2.9363E-5
25995,4.0853E-5
25996,5.3907E-5
25997,5.0463E-5
25998,6.2805E-5
25999,3.1979E-5
26000,3.4502E-5
26001,6.46E-5
26002,4.5933E-5
26003,3.5464E-5
26004,4.3892E-5
26005,7.8785E-5
26006,3.4718E-5
26007,6.7444E-5
26008,8.6506E-5
26009,4.4016E-5
26010,3.4182E-5
26011,3.5915E-5
26012,4.3155E-5
26013,6.2122E-5
26014,8.662E-5
26015,5.0359E-5
26016,3.3899E-5
26017,3.0098E-5
26018,7.1503E-5
26019,2.1885E-5
26020,2.6806E-5
26021,5.4176E-5
26022,2.3689E-5
26023,6.6139E-5
26024,3.8925E-5
26025,1.1894E-5
26026,2.6977E-5
26027,7.329E-5
26028,5.6944E-5
26029,6.4825E-5
26030,2.2774E-5
26031,6.3637E-5
26032,6.9242E-5
26033,4.8372E-5
26034,6.7071E-5
26035,4.6322E-5
26036,6.0894E-5
26037,6.9694E-5
26038,1.645E-5
26039,3.3846E-5
26040,6.2534E-5
26041,8.1832E-5
26042,4.496E-5
26043,4.5968E-5
26044,3.6537E-5
26045,6.6468E-5
26046,4.3066E-5
26047,4.165E-5
26048,4.4611E-5
26049,5.4882E-5
26050,4.8308E-5
26051,5.5207E-5
26052,5.3013E-5
26053,6.404E-5
26054,3.8736E-5
26055,4.835E-5
26056,3.008E-5
26057,6.8287E-5
26058,3.7781E-5
26059,3.5073E-5
26060,4.4433E-5
26061,4.2016E-5
26062,4.4845E-5
26063,6.2022E-5
26064,3.661E-5
26065,1.13052E-4
26066,6.5652E-5
26067,7.1307E-5
26068,5.2015E-5
26069,4.7658E-5
26070,6.1942E-5
26071,6.1789E-5
26072,4.981E-5
26073,2.633E-5
26074,7.6495E-5
26075,7.9213E-5
26076,4.3592E-5
26077,5.2354E-5
26078,4.8401E-5
26079,6.8098E-5
26080,1.0263E-4
26081,7.5777E-5
26082,8.2532E-5
26083,6.451E-5
26084,6.7518E-5
26085,8.9219E-5
26086,4.4359E-5
26087,7.8777E-5
26088,5.984E-5
26089,3.3259E-5
26090,5.9695E-5
26091,3.8761E-5
26092,5.9299E-5
26093,6.8379E-5
26094,4.3392E-5
26095,3.3942E-5
26096,6.4059E-5
26097,7.8957E-5
26098,1.3083E-5
26099,7.1187E-5
26100,6.0836E-5
26101,6.045E-5
26102,5.5985E-5
26103,0.010265394
26104,5.4571E-5
26105,5.0903E-5
26106,2.5792E-5
26107,5.0297E-5
26108,4.5216E-5
26109,3.7084E-5
26110,5.1569E-5
26111,7.0944E-5
26112,5.915E-5
26113,4.4274E-5
26114,6.4323E-5
26115,4.2568E-5
26116,3.8802E-5
26117,2.6506E-5
26118,3.9578E-5
26119,6.0076E-5
26120,3.524E-5
26121,8.6288E-5
26122,7.1018E-5
26123,5.7515E-5
26124,4.6431E-5
26125,5.3372E-5
26126,5.6301E-5
26127,0.026994156
26128,1.29E-7
26129,5.7694E-5
26130,2.9322E-5
26131,5.5877E-5
26132,5.2949E-5
26133,4.7353E-5
26134,4.8483E-5
26135,6.8586E-5
26136,3.1196E-5
26137,3.3015E-5
26138,7.5908E-5
26139,4.3926E-5
26140,4.9334E-5
26141,6.2489E-5
26142,4.5652E-5
26143,4.1369E-5
26144,5.9568E-5
26145,4.3651E-5
26146,4.2158E-5
26147,3.7179E-5
26148,8.8218E-5
26149,7.2625E-5
26150,6.57E-5
26151,5.5465E-5
26152,0.001139192
26153,5.8559E-5
26154,2.4691E-5
26155,2.5387E-5
26156,5.736E-5
26157,9.7148E-5
26158,6.5256E-5
26159,6.4962E-5
26160,7.7357E-5
26161,5.2401E-5
26162,2.5704E-5
26163,4.2809E-5
26164,5.005E-5
26165,6.2827E-5
26166,4.6687E-5
26167,1.9252E-5
26168,3.3293E-5
26169,5.0066E-5
26170,6.5076E-5
26171,4.0023E-5
26172,7.3535E-5
26173,5.8816E-5
26174,0.003901027
26175,3.9437E-5
26176,7.7693E-5
26177,5.4857E-5
26178,3.3335E-5
26179,4.1801E-5
26180,2.2126E-5
26181,6.8497E-5
26182,2.0889E-5
26183,4.7601E-5
26184,7.4861E-5
26185,6.4074E-5
26186,4.0523E-5
26187,6.5442E-5
26188,5.0715E-5
26189,7.4935E-5
26190,4.648E-5
26191,5.342E-5
26192,5.7138E-5
26193,0.047273895
26194,6.0603E-5
26195,2.9072E-5
26196,8.2433E-5
26197,6.6554E-5
26198,2.8175E-5
26199,8.7397E-5
26200,5.2243E-5
26201,3.2497E-5
26202,1.1224E-5
26203,6.0159E-5
26204,2.3908E-5
26205,3.2102E-5
26206,8.0602E-5
26207,7.2377E-5
26208,4.2395E-5
26209,7.9284E-5
26210,6.6313E-5
26211,3.9274E-5
26212,3.3878E-5
26213,5.1143E-5
26214,3.2305E-5
26215,5.4392E-5
26216,8.8375E-5
26217,4.2602E-5
26218,4.0618E-5
26219,9.8483E-5
26220,4.3019E-5
26221,4.0778E-5
26222,4.2536E-5
26223,6.4275E-5
26224,7.746E-5
26225,5.1272E-5
26226,1.685E-5
26227,6.1828E-5
26228,4.2429E-5
26229,6.5451E-5
26230,7.4238E-5
26231,3.4897E-5
26232,4.8483E-5
26233,7.2191E-5
26234,1.425E-5
26235,5.9925E-5
26236,4.9489E-5
26237,6.7375E-5
26238,5.8933E-5
26239,4.8083E-5
26240,1.36565E-4
26241,7.4638E-5
26242,6.5232E-5
26243,3.6901E-5
26244,4.7801E-5
26245,4.6463E-5
26246,1.4077E-5
26247,3.8598E-5
26248,4.2136E-5
26249,5.0886E-5
26250,5.2713E-5
26251,6.0447E-5
26252,6.2871E-5
26253,6.7581E-5
26254,2.6455E-5
26255,3.9067E-5
26256,4.2869E-5
26257,5.603E-5
26258,1.00573E-4
26259,6.0335E-5
26260,5.2015E-5
26261,2.9898E-5
26262,4.2793E-5
26263,6.3426E-5
26264,7.9634E-5
26265,8.1318E-5
26266,2.2603E-5
26267,5.2565E-5
26268,7.0872E-5
26269,5.2957E-5
26270,3.7584E-5
26271,3.6684E-5
26272,6.7233E-5
26273,5.5256E-5
26274,7.1928E-5
26275,3.5914E-5
26276,8.0238E-5
26277,4.7761E-5
26278,5.6884E-5
26279,6.0093E-5
26280,7.4435E-5
26281,3.5815E-5
26282,5.8647E-5
26283,5.4701E-5
26284,6.0406E-5
26285,1.4891E-5
26286,4.4077E-5
26287,1.07327E-4
26288,6.5363E-5
26289,4.2277E-5
26290,5.7349E-5
26291,3.1795E-5
26292,4.1142E-5
26293,4.212E-5
26294,3.2853E-5
26295,3.5969E-5
26296,6.3041E-5
26297,5.556E-5
26298,6.0311E-5
26299,5.4898E-5
26300,4.1819E-5
26301,3.944E-5
26302,5.9149E-5
26303,9.8629E-5
26304,6.5343E-5
26305,0.072331336
26306,5.7912E-5
26307,3.3931E-5
26308,3.8861E-5
26309,6.7584E-5
26310,8.6342E-5
26311,6.4341E-5
26312,2.4824E-5
26313,4.443E-5
26314,8.3638E-5
26315,5.61E-5
26316,8.8125E-5
26317,8.6146E-5
26318,5.0675E-5
26319,7.0763E-5
26320,3.5223E-5
26321,4.7403E-5
26322,3.7464E-5
26323,5.708E-5
26324,6.0365E-5
26325,6.4343E-5
26326,6.3503E-5
26327,6.3921E-5
26328,6.5457E-5
26329,7.3776E-5
26330,6.4169E-5
26331,5.1382E-5
26332,4.0177E-5
26333,0.015295013
26334,8.1954E-5
26335,6.0044E-5
26336,5.4179E-5
26337,4.5478E-5
26338,5.5886E-5
26339,7.0271E-5
26340,5.2786E-5
26341,1.3717E-5
26342,4.5002E-5
26343,3.6253E-5
26344,3.3475E-5
26345,5.3494E-5
26346,3.2287E-5
26347,3.4258E-5
26348,5.4586E-5
26349,8.3093E-5
26350,3.0729E-5
26351,5.4566E-5
26352,2.5579E-5
26353,6.4021E-5
26354,9.7E-5
26355,7.5934E-5
26356,6.9783E-5
26357,4.9559E-5
26358,3.7482E-5
26359,6.3635E-5
26360,3.6193E-5
26361,2.2833E-5
26362,7.1946E-5
26363,3.4134E-5
26364,3.434E-5
26365,8.9798E-5
26366,6.4886E-5
26367,6.0001E-5
26368,4.3023E-5
26369,1.4439E-5
26370,5.0607E-5
26371,9.0476E-5
26372,7.577E-5
26373,5.3478E-5
26374,4.7809E-5
26375,7.0789E-5
26376,5.1331E-5
26377,7.2598E-5
26378,7.9175E-5
26379,5.1958E-5
26380,5.2814E-5
26381,4.1356E-5
26382,6.1734E-5
26383,6.978E-5
26384,8.4302E-5
26385,5.6979E-5
26386,4.6043E-5
26387,6.384E-5
26388,7.4794E-5
26389,5.877E-5
26390,2.6192E-5
26391,4.0503E-5
26392,5.7053E-5
26393,2.7602E-5
26394,4.4856E-5
26395,3.9624E-5
26396,6.4119E-5
26397,5.2192E-5
26398,3.3492E-5
26399,2.9166E-5
26400,6.5093E-5
26401,3.5949E-5
26402,3.6576E-5
26403,5.8599E-5
26404,7.5717E-5
26405,2.3726E-5
26406,6.12E-5
26407,5.9438E-5
26408,6.8179E-5
26409,3.4002E-5
26410,6.4223E-5
26411,7.9692E-5
26412,4.937E-5
26413,5.879E-5
26414,5.8609E-5
26415,7.5401E-5
26416,5.1748E-5
26417,4.4803E-5
26418,3.4464E-5
26419,1.5118E-5
26420,4.2708E-5
26421,4.0471E-5
26422,5.6318E-5
26423,7.4117E-5
26424,5.9561E-5
26425,5.7181E-5
26426,4.354E-5
26427,4.6573E-5
26428,1.6868E-5
26429,6.4585E-5
26430,4.1146E-5
26431,8.2141E-5
26432,2.5381E-5
26433,4.3595E-5
26434,6.3369E-5
26435,3.5085E-5
26436,4.2305E-5
26437,4.8731E-5
26438,5.4007E-5
26439,4.8062E-5
26440,6.9825E-5
26441,3.9939E-5
26442,6.3687E-5
26443,4.3752E-5
26444,7.1369E-5
26445,4.2433E-5
26446,6.0355E-5
26447,4.4906E-5
26448,9.16597E-4
26449,5.7669E-5
26450,5.2719E-5
26451,7.0433E-5
26452,7.4386E-5
26453,3.356E-5
26454,5.792E-5
26455,4.0007E-5
26456,2.1202E-5
26457,6.3975E-5
26458,2.6635E-5
26459,7.4184E-5
26460,2.7867E-5
26461,7.9585E-5
26462,5.6369E-5
26463,1.05167E-4
26464,5.509E-5
26465,5.5511E-5
26466,7.1147E-5
26467,8.3298E-5
26468,4.9769E-5
26469,2.621E-5
26470,6.4762E-5
26471,4.0793E-5
26472,4.9806E-5
26473,5.5933E-5
26474,3.0784E-5
26475,5.6821E-5
26476,5.2769E-5
26477,4.4289E-5
26478,6.8699E-5
26479,8.4415E-5
26480,7.5151E-5
26481,4.991E-5
26482,1.8372E-5
26483,3.7655E-5
26484,3.5645E-5
26485,6.1096E-5
26486,4.3787E-5
26487,8.4622E-5
26488,5.5777E-5
26489,5.6949E-5
26490,4.5471E-5
26491,5.3773E-5
26492,4.3311E-5
26493,6.3783E-5
26494,5.4963E-5
26495,2.8723E-5
26496,4.3708E-5
26497,2.2916E-5
26498,3.9357E-5
26499,6.0228E-5
26500,4.4041E-5
26501,6.9131E-5
26502,6.4879E-5
26503,7.3882E-5
26504,4.6121E-5
26505,3.8584E-5
26506,5.3123E-5
26507,4.8217E-5
26508,1.98499E-4
26509,6.7782E-5
26510,6.6247E-5
26511,5.2112E-5
26512,3.2531E-5
26513,3.8399E-5
26514,3.9579E-5
26515,5.9397E-5
26516,3.9455E-5
26517,4.7753E-5
26518,7.4333E-5
26519,7.6223E-5
26520,5.9834E-5
26521,3.6909E-5
26522,4.1596E-5
26523,2.5404E-5
26524,4.3403E-5
26525,5.2285E-5
26526,8.2115E-5
26527,7.519E-5
26528,7.376E-5
26529,4.273E-5
26530,5.464E-5
26531,4.3119E-5
26532,7.1279E-5
26533,5.9096E-5
26534,9.1575E-5
26535,5.1256E-5
26536,5.5359E-5
26537,5.4853E-5
26538,5.9974E-5
26539,5.0956E-5
26540,6.554E-5
26541,6.6874E-5
26542,3.3831E-5
26543,6.5341E-5
26544,6.5932E-5
26545,6.5651E-5
26546,8.5603E-5
26547,4.6406E-5
26548,4.8901E-5
26549,9.1707E-5
26550,4.05E-5
26551,3.3012E-5
26552,8.555E-5
26553,5.2822E-5
26554,7.1536E-5
26555,4.277E-5
26556,3.0512E-5
26557,6.7538E-5
26558,5.8086E-5
26559,4.4567E-5
26560,3.9111E-5
26561,3.0913E-5
26562,4.1989E-5
26563,4.5545E-5
26564,6.1817E-5
26565,5.8384E-5
26566,6.5395E-5
26567,7.9001E-5
26568,7.4258E-5
26569,4.9448E-5
26570,5.2221E-5
26571,7.0176E-5
26572,3.2669E-5
26573,3.9242E-5
26574,6.5147E-5
26575,1.13835E-4
26576,5.2699E-5
26577,4.7476E-5
26578,5.7203E-5
26579,9.382E-5
26580,2.9162E-5
26581,4.415E-5
26582,1.807E-5
26583,8.6972E-5
26584,5.9656E-5
26585,6.3891E-5
26586,5.109E-5
26587,4.0694E-5
26588,3.2165E-5
26589,6.2472E-5
26590,4.5274E-5
26591,5.1972E-5
26592,5.8147E-5
26593,6.9825E-5
26594,5.8634E-5
26595,5.6578E-5
26596,2.2179E-5
26597,1.5849E-5
26598,7.665E-5
26599,4.9572E-5
26600,9.8576E-5
26601,5.5221E-5
26602,4.932E-5
26603,8.0672E-5
26604,7.3998E-5
26605,5.9997E-5
26606,4.4257E-5
26607,7.0876E-5
26608,8.1531E-5
26609,1.39061E-4
26610,5.6771E-5
26611,4.5472E-5
26612,6.2217E-5
26613,6.0601E-5
26614,6.9915E-5
26615,6.9076E-5
26616,3.6186E-5
26617,2.5402E-5
26618,3.9481E-5
26619,1.1206E-5
26620,6.0811E-5
26621,8.0682E-5
26622,8.5069E-5
26623,6.5488E-5
26624,5.6615E-5
26625,4.3856E-5
26626,2.8954E-5
26627,2.906E-5
26628,4.8701E-5
26629,4.2707E-5
26630,5.6128E-5
26631,5.2345E-5
26632,2.0808E-5
26633,5.1322E-5
26634,2.6751E-5
26635,3.1274E-5
26636,6.9913E-5
26637,5.498E-5
26638,2.3467E-5
26639,6.8207E-5
26640,7.0218E-5
26641,3.2495E-5
26642,5.525E-5
26643,6.1247E-5
26644,8.764E-5
26645,6.7134E-5
26646,3.6648E-5
26647,7.7798E-5
26648,5.4587E-5
26649,4.267E-5
26650,6.3465E-5
26651,3.709E-5
26652,2.4831E-5
26653,5.0417E-5
26654,5.9394E-5
26655,4.9809E-5
26656,3.6809E-5
26657,3.2251E-5
26658,6.2935E-5
26659,6.6937E-5
26660,7.4208E-5
26661,6.5049E-5
26662,6.4061E-5
26663,4.6562E-5
26664,7.2979E-5
26665,4.77261E-4
26666,5.4983E-5
26667,9.7E-8
26668,8.0538E-5
26669,5.6823E-5
26670,2.4019E-5
26671,5.4523E-5
26672,8.1054E-5
26673,5.4997E-5
26674,9.0637E-5
26675,5.8E-5
26676,5.4051E-5
26677,5.5334E-5
26678,2.4596E-5
26679,5.5253E-5
26680,5.7802E-5
26681,4.7527E-5
26682,4.8231E-5
26683,6.5898E-5
26684,5.5991E-5
26685,7.8941E-5
26686,1.4414E-5
26687,9.0566E-5
26688,2.4967E-5
26689,2.2571E-5
26690,3.4639E-5
26691,5.9702E-5
26692,6.5147E-5
26693,6.2891E-5
26694,4.4969E-5
26695,6.0537E-5
26696,4.8997E-5
26697,7.9848E-5
26698,6.3446E-5
26699,6.4703E-5
26700,4.0373E-5
26701,3.7304E-5
26702,3.6159E-5
26703,1.4772E-5
26704,4.8412E-5
26705,4.2888E-5
26706,3.9485E-5
26707,4.9941E-5
26708,7.259E-5
26709,4.8421E-5
26710,7.41E-5
26711,4.1906E-5
26712,7.0746E-5
26713,4.7112E-5
26714,6.507E-5
26715,9.9563E-5
26716,4.8726E-5
26717,6.4896E-5
26718,4.3448E-5
26719,7.7469E-5
26720,2.6505E-5
26721,8.4492E-5
26722,3.936E-5
26723,2.5604E-5
26724,6.8785E-5
26725,5.6041E-5
26726,4.4654E-5
26727,8.682E-5
26728,7.3222E-5
26729,4.0842E-5
26730,8.7047E-5
26731,5.6761E-5
26732,5.7177E-5
26733,6.0095E-5
26734,6.3966E-5
26735,5.9788E-5
26736,6.9047E-5
26737,2.3007E-5
26738,6.8694E-5
26739,9.4736E-5
26740,3.2148E-5
26741,6.4444E-5
26742,7.9117E-5
26743,3.3992E-5
26744,3.912E-5
26745,5.4311E-5
26746,7.2374E-5
26747,2.5964E-5
26748,6.5965E-5
26749,5.9306E-5
26750,6.5731E-5
26751,2.589E-5
26752,7.5482E-5
26753,8.728E-5
26754,2.6752E-5
26755,0.012889187
26756,2.63576E-4
26757,4.1442E-5
26758,3.796E-5
26759,4.1434E-5
26760,6.3125E-5
26761,6.5773E-5
26762,1.8284E-5
26763,3.7169E-5
26764,4.8628E-5
26765,3.9459E-5
26766,4.7562E-5
26767,4.196E-5
26768,2.1762E-5
26769,5.2282E-5
26770,5.8335E-5
26771,3.9084E-5
26772,8.5682E-5
26773,3.4919E-5
26774,2.8559E-5
26775,6.9484E-5
26776,7.4883E-5
26777,4.4049E-5
26778,5.3133E-5
26779,4.7207E-5
26780,4.205E-5
26781,3.675E-5
26782,5.8056E-5
26783,6.8938E-5
26784,4.0263E-5
26785,4.5394E-5
26786,3.0975E-5
26787,9.5726E-5
26788,3.5141E-5
26789,6.0749E-5
26790,5.7509E-5
26791,4.7141E-5
26792,5.5803E-5
26793,7.315E-5
26794,3.9921E-5
26795,6.5947E-5
26796,7.5559E-5
26797,7.0776E-5
26798,8.3882E-5
26799,3.7207E-5
26800,9.2345E-5
26801,3.0948E-5
26802,5.1376E-5
26803,2.7877E-5
26804,6.3258E-5
26805,1.9658E-5
26806,4.1049E-5
26807,7.9166E-5
26808,9.1477E-5
26809,3.4857E-5
26810,4.468E-5
26811,3.5901E-5
26812,3.6114E-5
26813,5.9907E-5
26814,3.9942E-5
26815,7.643E-5
26816,7.9997E-5
26817,2.777E-5
26818,8.5904E-5
26819,3.5835E-5
26820,7.0704E-5
26821,7.1577E-5
26822,2.9014E-5
26823,7.1881E-5
26824,1.04785E-4
26825,3.9117E-5
26826,5.8437E-5
26827,8.4846E-5
26828,3.325E-5
26829,7.5687E-5
26830,5.4957E-5
26831,6.3296E-5
26832,5.3194E-5
26833,6.973E-5
26834,5.365E-5
26835,6.5154E-5
26836,1.9305E-5
26837,4.2099E-5
26838,5.7704E-5
26839,5.7354E-5
26840,4.8133E-5
26841,4.9614E-5
26842,5.6816E-5
26843,2.5792E-5
26844,2.7518E-5
26845,4.8905E-5
26846,2.9716E-5
26847,4.1233E-5
26848,6.2178E-5
26849,3.8459E-5
26850,5.651E-5
26851,4.6537E-5
26852,7.5545E-5
26853,2.9289E-5
26854,2.8832E-5
26855,4.2703E-5
26856,6.6817E-5
26857,5.9683E-5
26858,9.1843E-5
26859,6.0153E-5
26860,5.2745E-5
26861,6.0818E-5
26862,4.9426E-5
26863,5.7274E-5
26864,5.0605E-5
26865,4.9416E-5
26866,4.2385E-5
26867,5.5431E-5
26868,4.377E-5
26869,7.3904E-5
26870,3.4607E-5
26871,6.6785E-5
26872,4.7869E-5
26873,6.954E-5
26874,4.0186E-5
26875,4.5129E-5
26876,2.5904E-5
26877,6.5657E-5
26878,2.7081E-5
26879,7.6192E-5
26880,3.5283E-5
26881,8.5654E-5
26882,4.9779E-5
26883,3.8156E-5
26884,2.4259E-5
26885,4.5055E-5
26886,3.9869E-5
26887,5.7795E-5
26888,6.6787E-5
26889,5.6081E-5
26890,6.5017E-5
26891,4.8504E-5
26892,4.0513E-5
26893,4.2688E-5
26894,7.4013E-5
26895,6.5356E-5
26896,4.6493E-5
26897,4.9512E-5
26898,2.4274E-5
26899,5.1836E-5
26900,6.3007E-5
26901,6.4738E-5
26902,2.9212E-5
26903,7.0051E-5
26904,6.423E-5
26905,5.7591E-5
26906,7.3029E-5
26907,6.0196E-5
26908,7.4002E-5
26909,7.3306E-5
26910,3.0353E-5
26911,4.3582E-5
26912,4.8169E-5
26913,5.1029E-5
26914,5.4326E-5
26915,5.7653E-5
26916,3.9372E-5
26917,3.2792E-5
26918,4.3448E-5
26919,4.3785E-5
26920,4.3621E-5
26921,6.1006E-5
26922,3.6991E-5
26923,8.3495E-5
26924,8.5512E-5
26925,5.177E-5
26926,1.09794E-4
26927,6.4928E-5
26928,7.0308E-5
26929,2.1392E-5
26930,9.6015E-5
26931,3.4991E-5
26932,7.1778E-5
26933,6.3071E-5
26934,8.267E-5
26935,8.2116E-5
26936,5.1007E-5
26937,6.1751E-5
26938,6.3844E-5
26939,3.5897E-5
26940,1.9975E-5
26941,4.8341E-5
26942,5.0546E-5
26943,7.8897E-5
26944,7.087E-5
26945,2.371E-5
26946,4.6546E-5
26947,3.9422E-5
26948,2.6987E-5
26949,4.5042E-5
26950,6.0846E-5
26951,3.7768E-5
26952,1.22E-7
26953,6.5896E-5
26954,3.3833E-5
26955,4.3878E-5
26956,5.6745E-5
26957,4.6954E-5
26958,4.7904E-5
26959,6.0222E-5
26960,4.5539E-5
26961,7.0111E-5
26962,8.5878E-5
26963,1.0639E-4
26964,6.4651E-5
26965,7.5467E-5
26966,3.8323E-5
26967,5.3604E-5
26968,5.1638E-5
26969,2.0851E-5
26970,5.1119E-5
26971,4.2129E-5
26972,7.917E-5
26973,2.3029E-5
26974,2.611E-5
26975,2.0277E-5
26976,6.3263E-5
26977,3.8116E-5
26978,8.282E-5
26979,2.6152E-5
26980,2.8703E-5
26981,4.1252E-5
26982,7.1765E-5
26983,1.22E-7
26984,4.1157E-5
26985,4.9991E-5
26986,4.9865E-5
26987,5.7949E-5
26988,5.2966E-5
26989,2.6378E-5
26990,4.1718E-5
26991,2.878E-5
26992,8.3364E-5
26993,4.2972E-5
26994,4.9242E-5
26995,5.7595E-5
26996,4.5515E-5
26997,6.8168E-5
26998,5.7597E-5
26999,1.04627E-4
27000,5.2724E-5
27001,1.7055E-5
27002,0.014624344
27003,1.3375E-5
27004,6.0603E-5
27005,6.5252E-5
27006,5.7993E-5
27007,8.7853E-5
27008,6.3607E-5
27009,4.985E-5
27010,3.944E-5
27011,7.229E-5
27012,4.771E-5
27013,6.1309E-5
27014,4.6634E-5
27015,3.7774E-5
27016,4.323E-5
27017,5.801E-5
27018,4.1609E-5
27019,3.5395E-5
27020,5.6505E-5
27021,3.4941E-5
27022,3.6861E-5
27023,4.5731E-5
27024,6.1048E-5
27025,7.4345E-5
27026,7.9261E-5
27027,6.5794E-5
27028,1.2166E-5
27029,3.6662E-5
27030,4.2529E-5
27031,7.2359E-5
27032,8.1329E-5
27033,4.9622E-5
27034,3.2401E-5
27035,5.8349E-5
27036,2.1639E-5
27037,3.2048E-5
27038,7.6394E-5
27039,3.1472E-5
27040,2.7835E-5
27041,2.6771E-5
27042,3.8394E-5
27043,7.0345E-5
27044,6.0616E-5
27045,5.3319E-5
27046,6.1866E-5
27047,2.6446E-5
27048,9.1501E-5
27049,4.5031E-5
27050,7.0931E-5
27051,8.0202E-5
27052,7.0466E-5
27053,4.8102E-5
27054,4.6517E-5
27055,4.8851E-5
27056,4.3546E-5
27057,3.1422E-5
27058,7.2701E-5
27059,5.2984E-5
27060,0.005650172
27061,5.6011E-5
27062,0.008839907
27063,5.0322E-5
27064,4.1911E-5
27065,5.243E-5
27066,8.5535E-5
27067,3.2416E-5
27068,5.9349E-5
27069,4.471E-5
27070,8.5852E-5
27071,5.7953E-5
27072,1.2242E-4
27073,9.1355E-5
27074,6.5222E-5
27075,5.9613E-5
27076,5.0124E-5
27077,7.3879E-5
27078,4.036E-5
27079,1.3509E-5
27080,5.1537E-5
27081,5.3742E-5
27082,4.7649E-5
27083,3.3578E-5
27084,6.3714E-5
27085,5.0944E-5
27086,4.1374E-5
27087,4.7712E-5
27088,8.1867E-5
27089,4.4214E-5
27090,5.7399E-5
27091,7.3433E-5
27092,5.1862E-5
27093,5.6977E-5
27094,4.7921E-5
27095,2.8928E-5
27096,4.2095E-5
27097,3.2682E-5
27098,4.2614E-5
27099,7.2887E-5
27100,5.812E-5
27101,5.6226E-5
27102,6.3677E-5
27103,4.3462E-5
27104,1.2499E-5
27105,6.2561E-5
27106,5.5756E-5
27107,3.9188E-5
27108,4.7891E-5
27109,9.6E-8
27110,2.8842E-5
27111,4.7435E-5
27112,5.3737E-5
27113,4.6747E-5
27114,4.7183E-5
27115,6.2635E-5
27116,4.3315E-5
27117,6.4947E-5
27118,2.6444E-5
27119,4.4931E-5
27120,3.4605E-5
27121,5.6508E-5
27122,5.8722E-5
27123,8.614E-5
27124,4.4553E-5
27125,7.2216E-5
27126,8.1557E-5
27127,4.924E-5
27128,3.6745E-5
27129,2.5766E-5
27130,6.1784E-5
27131,3.57E-5
27132,3.665E-5
27133,7.8546E-5
27134,6.1252E-5
27135,4.0431E-5
27136,8.5315E-5
27137,3.2282E-5
27138,8.6123E-5
27139,5.3436E-5
27140,9.1581E-5
27141,5.7341E-5
27142,2.3539E-5
27143,4.1089E-5
27144,6.7543E-5
27145,5.384E-5
27146,6.5471E-5
27147,7.8612E-5
27148,5.0876E-5
27149,1.9797E-5
27150,7.9444E-5
27151,6.756E-5
27152,3.8903E-5
27153,4.6371E-5
27154,3.9697E-5
27155,2.4739E-5
27156,5.3026E-5
27157,5.9176E-5
27158,4.3521E-5
27159,5.6518E-5
27160,6.8047E-5
27161,4.0025E-5
27162,4.4102E-5
27163,6.4927E-5
27164,5.0507E-5
27165,3.5727E-5
27166,6.8892E-5
27167,5.1772E-5
27168,7.6956E-5
27169,4.6889E-5
27170,5.5099E-5
27171,3.0408E-5
27172,1.6171E-5
27173,5.4219E-5
27174,5.6867E-5
27175,3.8493E-5
27176,3.9302E-5
27177,5.2151E-5
27178,2.5012E-5
27179,5.0613E-5
27180,5.5006E-5
27181,3.1823E-5
27182,5.8161E-5
27183,6.0314E-5
27184,9.0298E-5
27185,5.0722E-5
27186,7.1848E-5
27187,6.2826E-5
27188,6.9368E-5
27189,4.3622E-5
27190,6.4114E-5
27191,4.8738E-5
27192,4.6258E-5
27193,4.919E-5
27194,4.7631E-5
27195,3.0631E-5
27196,3.3054E-5
27197,7.7867E-5
27198,5.8826E-5
27199,1.339E-5
27200,2.941E-5
27201,2.5296E-5
27202,9.1419E-5
27203,1.13E-7
27204,5.5019E-5
27205,3.1587E-5
27206,7.8164E-5
27207,4.2666E-5
27208,4.3434E-5
27209,2.7758E-5
27210,4.6141E-5
27211,6.3208E-5
27212,3.9052E-5
27213,3.0927E-5
27214,6.3047E-5
27215,6.8589E-5
27216,6.3474E-5
27217,4.1925E-5
27218,7.0056E-5
27219,6.0757E-5
27220,2.1441E-5
27221,4.2778E-5
27222,6.2431E-5
27223,2.9259E-5
27224,5.8915E-5
27225,6.3048E-5
27226,2.8177E-5
27227,5.2079E-5
27228,5.9413E-5
27229,7.548E-5
27230,4.669E-5
27231,3.3644E-5
27232,8.6562E-5
27233,1.9127E-5
27234,6.803E-5
27235,6.0183E-5
27236,4.8623E-5
27237,3.5979E-5
27238,6.8634E-5
27239,5.5601E-5
27240,5.9833E-5
27241,6.7806E-5
27242,5.0508E-5
27243,5.7091E-5
27244,5.5078E-5
27245,7.4033E-5
27246,5.0898E-5
27247,6.599E-5
27248,1.8045E-5
27249,3.4741E-5
27250,5.2175E-5
27251,3.6348E-5
27252,6.5367E-5
27253,5.0978E-5
27254,4.4184E-5
27255,3.8325E-5
27256,6.4044E-5
27257,6.1706E-5
27258,2.7255E-5
27259,5.9059E-5
27260,4.2602E-5
27261,6.2552E-5
27262,6.8029E-5
27263,6.7452E-5
27264,5.4102E-5
27265,5.2159E-5
27266,5.5803E-5
27267,4.1807E-5
27268,6.8058E-5
27269,6.8879E-5
27270,4.8275E-5
27271,7.5485E-5
27272,5.876E-5
27273,7.4967E-5
27274,5.3255E-5
27275,4.4969E-5
27276,5.7524E-5
27277,6.4005E-5
27278,6.9531E-5
27279,7.3334E-5
27280,7.6189E-5
27281,2.6278E-5
27282,5.7664E-5
27283,4.3564E-5
27284,7.9761E-5
27285,4.3622E-5
27286,5.7856E-5
27287,7.7656E-5
27288,5.9569E-5
27289,2.7274E-5
27290,4.1261E-5
27291,4.4659E-5
27292,5.285E-5
27293,7.4312E-5
27294,8.8114E-5
27295,6.0203E-5
27296,4.2747E-5
27297,7.8981E-5
27298,7.0995E-5
27299,3.6826E-5
27300,5.4766E-5
27301,6.8265E-5
27302,2.8907E-5
27303,2.9844E-5
27304,7.7375E-5
27305,7.1032E-5
27306,8.9955E-5
27307,7.3148E-5
27308,8.2798E-5
27309,4.4334E-5
27310,9.7311E-5
27311,7.9314E-5
27312,5.6986E-5
27313,1.7293E-5
27314,4.5519E-5
27315,3.2523E-5
27316,3.3299E-5
27317,6.9289E-5
27318,9.5741E-5
27319,6.552E-5
27320,6.8051E-5
27321,2.1971E-5
27322,4.848E-5
27323,3.2203E-5
27324,6.0441E-5
27325,3.9335E-5
27326,1.2783E-5
27327,9.2162E-5
27328,3.5433E-5
27329,3.4641E-5
27330,2.5578E-5
27331,9.7E-8
27332,5.9464E-5
27333,4.415E-5
27334,6.7172E-5
27335,5.9326E-5
27336,4.0634E-5
27337,5.6434E-5
27338,4.3368E-5
27339,4.7664E-5
27340,6.0461E-5
27341,8.7316E-5
27342,4.1946E-5
27343,6.3283E-5
27344,6.3968E-5
27345,8.0724E-5
27346,5.1406E-5
27347,4.7157E-5
27348,3.5254E-5
27349,3.9265E-5
27350,4.3498E-5
27351,6.5063E-5
27352,6.2205E-5
27353,5.8238E-5
27354,5.467E-5
27355,6.4718E-5
27356,3.4127E-5
27357,5.7702E-5
27358,5.152E-5
27359,7.0513E-5
27360,6.8839E-5
27361,9.9077E-5
27362,5.0692E-5
27363,5.3293E-5
27364,4.8492E-5
27365,7.7269E-5
27366,1.16E-7
27367,5.7765E-5
27368,8.0651E-5
27369,5.1389E-5
27370,3.8908E-5
27371,7.8459E-5
27372,7.9191E-5
27373,1.2359E-5
27374,8.4735E-5
27375,5.0665E-5
27376,6.195E-5
27377,1.15899E-4
27378,4.9669E-5
27379,6.9589E-5
27380,2.8609E-5
27381,6.7488E-5
27382,4.1067E-5
27383,8.7817E-5
27384,5.9675E-5
27385,8.3469E-5
27386,8.0934E-5
27387,4.2259E-5
27388,3.9686E-5
27389,6.7514E-5
27390,2.5281E-5
27391,7.651E-5
27392,6.9362E-5
27393,1.1686E-5
27394,4.2635E-5
27395,3.61E-5
27396,6.8194E-5
27397,5.2825E-5
27398,3.829E-5
27399,4.7585E-5
27400,6.0949E-5
27401,4.8026E-5
27402,4.5269E-5
27403,2.6302E-5
27404,6.0494E-5
27405,6.1505E-5
27406,4.9597E-5
27407,7.7509E-5
27408,7.7272E-5
27409,4.7597E-5
27410,5.3658E-5
27411,3.2042E-5
27412,5.1406E-5
27413,5.1282E-5
27414,5.9559E-5
27415,6.5059E-5
27416,4.5482E-5
27417,2.3937E-5
27418,2.4614E-5
27419,6.7797E-5
27420,5.1779E-5
27421,7.1677E-5
27422,5.4791E-5
27423,6.3445E-5
27424,4.9212E-5
27425,3.989E-5
27426,5.8644E-5
27427,6.0918E-5
27428,2.9331E-5
27429,5.5828E-5
27430,6.2113E-5
27431,6.4945E-5
27432,6.103E-5
27433,3.9802E-5
27434,3.2136E-5
27435,4.2074E-5
27436,6.8826E-5
27437,3.6374E-5
27438,4.9371E-5
27439,3.765E-5
27440,5.487E-5
27441,7.855E-5
27442,5.4614E-5
27443,2.7309E-5
27444,4.9599E-5
27445,3.2982E-5
27446,6.5645E-5
27447,4.5803E-5
27448,4.866E-5
27449,1.23004E-4
27450,6.9619E-5
27451,3.051E-5
27452,6.4725E-5
27453,3.881E-5
27454,5.3144E-5
27455,5.7116E-5
27456,7.0724E-5
27457,4.9434E-5
27458,3.2272E-5
27459,6.5509E-5
27460,6.7915E-5
27461,2.4364E-5
27462,6.1423E-5
27463,9.0188E-5
27464,4.7861E-5
27465,5.9887E-5
27466,5.2604E-5
27467,7.2464E-5
27468,5.2917E-5
27469,7.3123E-5
27470,6.4431E-5
27471,2.6572E-5
27472,7.8269E-5
27473,6.9738E-5
27474,3.049E-5
27475,6.9792E-5
27476,4.527E-5
27477,6.5665E-5
27478,3.4855E-5
27479,6.7754E-5
27480,4.1223E-5
27481,3.6668E-5
27482,4.8183E-5
27483,2.237E-5
27484,0.002264486
27485,5.2978E-5
27486,1.5895E-5
27487,1.3349E-5
27488,5.9937E-5
27489,8.1243E-5
27490,5.8832E-5
27491,8.9072E-5
27492,4.0005E-5
27493,3.6165E-5
27494,4.2334E-5
27495,5.6132E-5
27496,4.1639E-5
27497,5.9855E-5
27498,5.8866E-5
27499,3.7606E-5
27500,6.3248E-5
27501,6.625E-5
27502,6.5564E-5
27503,3.9052E-5
27504,4.895E-5
27505,9.887E-5
27506,1.9164E-5
27507,7.3682E-5
27508,5.0856E-5
27509,2.8042E-5
27510,6.7855E-5
27511,1.4744E-5
27512,9.7432E-5
27513,2.4611E-5
27514,4.5582E-5
27515,6.1327E-5
27516,4.855E-5
27517,5.8132E-5
27518,5.0022E-5
27519,6.8943E-5
27520,6.5432E-5
27521,7.4975E-5
27522,7.0521E-5
27523,5.4966E-5
27524,8.075E-5
27525,3.0432E-5
27526,6.611E-5
27527,4.7166E-5
27528,2.4615E-5
27529,4.0659E-5
27530,5.7224E-5
27531,1.23344E-4
27532,4.7527E-5
27533,3.0773E-5
27534,3.2306E-5
27535,4.8907E-5
27536,5.6175E-5
27537,5.7795E-5
27538,3.7555E-5
27539,9.0927E-5
27540,4.9672E-5
27541,4.5157E-5
27542,2.4724E-5
27543,5.6267E-5
27544,3.8813E-5
27545,5.133E-5
27546,6.3839E-5
27547,5.6404E-5
27548,7.1865E-5
27549,4.6804E-5
27550,7.4725E-5
27551,3.2205E-5
27552,6.3789E-5
27553,5.5771E-5
27554,6.3183E-5
27555,4.6725E-5
27556,4.2764E-5
27557,7.4747E-5
27558,5.2287E-5
27559,4.6887E-5
27560,3.8911E-5
27561,2.817E-5
27562,5.079E-5
27563,5.279E-5
27564,5.6882E-5
27565,6.4199E-5
27566,6.9193E-5
27567,3.6962E-5
27568,5.4079E-5
27569,6.0781E-5
27570,7.7427E-5
27571,6.3947E-5
27572,3.6046E-5
27573,4.0308E-5
27574,3.0564E-5
27575,9.3747E-5
27576,6.089E-5
27577,4.9625E-5
27578,9.717E-5
27579,3.6584E-5
27580,6.2701E-5
27581,3.8617E-5
27582,7.1382E-5
27583,5.1908E-5
27584,5.0066E-5
27585,4.8225E-5
27586,7.5925E-5
27587,6.1429E-5
27588,5.2963E-5
27589,9.4808E-5
27590,6.3005E-5
27591,2.5369E-5
27592,4.038E-5
27593,8.0371E-5
27594,5.9958E-5
27595,4.2979E-5
27596,4.8121E-5
27597,5.7926E-5
27598,7.3989E-5
27599,5.3882E-5
27600,6.6124E-5
27601,6.0681E-5
27602,7.3948E-5
27603,5.4047E-5
27604,3.056E-5
27605,3.5065E-5
27606,9.1495E-5
27607,1.6407E-5
27608,3.9242E-5
27609,5.1999E-5
27610,3.8432E-5
27611,8.5817E-5
27612,4.0305E-5
27613,6.5871E-5
27614,5.2874E-5
27615,4.9287E-5
27616,4.6291E-5
27617,3.1864E-5
27618,4.1743E-5
27619,4.183E-5
27620,5.1452E-5
27621,9.0259E-5
27622,4.4142E-5
27623,3.6309E-5
27624,1.06E-7
27625,2.09E-5
27626,7.104E-5
27627,5.0439E-5
27628,4.1884E-5
27629,7.2321E-5
27630,3.3396E-5
27631,5.933E-5
27632,9.0217E-5
27633,1.8357E-5
27634,4.5711E-5
27635,5.0E-5
27636,4.4326E-5
27637,2.307E-5
27638,7.6794E-5
27639,7.1483E-5
27640,6.125E-5
27641,1.8566E-5
27642,4.3688E-5
27643,4.2748E-5
27644,3.4262E-5
27645,7.618E-5
27646,3.0384E-5
27647,1.24E-7
27648,3.8273E-5
27649,8.5612E-5
27650,6.0902E-5
27651,6.3165E-5
27652,4.8117E-5
27653,6.447E-5
27654,4.3734E-5
27655,4.9422E-5
27656,3.6663E-5
27657,2.5478E-5
27658,4.1792E-5
27659,5.7764E-5
27660,5.5036E-5
27661,3.5903E-5
27662,9.5488E-5
27663,6.8754E-5
27664,6.9434E-5
27665,5.9758E-5
27666,4.7277E-5
27667,8.0011E-5
27668,9.7314E-5
27669,5.8324E-5
27670,1.7471E-5
27671,3.4625E-5
27672,4.68445E-4
27673,5.4216E-5
27674,3.3059E-5
27675,5.1059E-5
27676,5.6565E-5
27677,3.4391E-5
27678,4.9746E-5
27679,6.492E-5
27680,4.1365E-5
27681,8.506E-5
27682,4.3629E-5
27683,6.9906E-5
27684,6.4116E-5
27685,5.7612E-5
27686,5.3863E-5
27687,4.6689E-5
27688,7.1231E-5
27689,3.0814E-5
27690,5.6308E-5
27691,6.9522E-5
27692,6.9363E-5
27693,5.3788E-5
27694,3.8887E-5
27695,3.7711E-5
27696,4.8131E-5
27697,8.9622E-5
27698,4.4735E-5
27699,6.1337E-5
27700,5.2358E-5
27701,1.05933E-4
27702,2.3324E-5
27703,3.7743E-5
27704,8.8481E-5
27705,8.6957E-5
27706,3.7906E-5
27707,5.74E-5
27708,6.4066E-5
27709,5.3837E-5
27710,5.1316E-5
27711,3.7939E-5
27712,5.6728E-5
27713,2.1615E-5
27714,8.3369E-5
27715,4.2952E-5
27716,0.007023513
27717,4.6265E-5
27718,7.5523E-5
27719,4.7201E-5
27720,7.5937E-5
27721,7.0024E-5
27722,6.9346E-5
27723,1.4627E-5
27724,7.0215E-5
27725,3.662E-5
27726,1.01026E-4
27727,4.6681E-5
27728,4.737E-5
27729,3.695E-5
27730,9.2623E-5
27731,1.02743E-4
27732,7.2271E-5
27733,8.2157E-5
27734,8.0641E-5
27735,6.0573E-5
27736,5.7112E-5
27737,8.1132E-5
27738,4.5651E-5
27739,7.1687E-5
27740,5.5719E-5
27741,6.3738E-5
27742,6.8467E-5
27743,5.8875E-5
27744,7.4928E-5
27745,4.8999E-5
27746,5.956E-5
27747,5.8738E-5
27748,7.2289E-5
27749,6.8022E-5
27750,4.1311E-5
27751,6.2595E-5
27752,6.3447E-5
27753,8.0941E-5
27754,4.4254E-5
27755,6.4967E-5
27756,6.5131E-5
27757,7.8176E-5
27758,4.0047E-5
27759,7.4082E-5
27760,4.3457E-5
27761,2.2695E-5
27762,3.7436E-5
27763,9.285E-6
27764,6.4152E-5
27765,4.0871E-5
27766,4.574E-5
27767,2.5331E-5
27768,5.7154E-5
27769,7.8373E-5
27770,8.6319E-5
27771,6.7167E-5
27772,3.4049E-5
27773,3.9427E-5
27774,3.6629E-5
27775,7.0715E-5
27776,3.9477E-5
27777,4.3639E-5
27778,6.693E-5
27779,2.1935E-5
27780,4.7016E-5
27781,5.9324E-5
27782,7.9115E-5
27783,5.2735E-5
27784,7.0051E-5
27785,4.8784E-5
27786,4.343E-5
27787,1.12E-7
27788,4.462E-5
27789,4.5281E-5
27790,4.4743E-5
27791,4.2216E-5
27792,4.8599E-5
27793,5.9931E-5
27794,5.1084E-5
27795,4.2925E-5
27796,6.6012E-5
27797,7.9929E-5
27798,4.0549E-5
27799,5.3312E-5
27800,7.2229E-5
27801,6.0266E-5
27802,3.1987E-5
27803,5.0167E-5
27804,6.7317E-5
27805,7.7364E-5
27806,6.9017E-5
27807,3.3214E-5
27808,7.472E-5
27809,4.6143E-5
27810,6.9632E-5
27811,4.8425E-5
27812,4.0307E-5
27813,3.9634E-5
27814,5.9347E-5
27815,6.3055E-5
27816,4.2629E-5
27817,6.2791E-5
27818,4.9233E-5
27819,7.3004E-5
27820,5.0236E-5
27821,6.717E-5
27822,2.6276E-5
27823,6.3983E-5
27824,8.7304E-5
27825,4.2413E-5
27826,4.7725E-5
27827,6.459E-5
27828,6.0032E-5
27829,8.1988E-5
27830,7.8572E-5
27831,5.3865E-5
27832,0.017627918
27833,3.4206E-5
27834,5.3734E-5
27835,6.7604E-5
27836,8.2418E-5
27837,8.6053E-5
27838,3.7817E-5
27839,1.5458E-5
27840,8.3975E-5
27841,9.0989E-5
27842,2.8901E-5
27843,4.2212E-5
27844,1.06257E-4
27845,3.9367E-5
27846,5.6469E-5
27847,6.4222E-5
27848,4.0043E-5
27849,6.1385E-5
27850,7.3642E-5
27851,3.7517E-5
27852,4.0399E-5
27853,8.4847E-5
27854,7.0784E-5
27855,8.5897E-5
27856,3.5865E-5
27857,6.586E-5
27858,5.3759E-5
27859,0.001255017
27860,4.8117E-5
27861,4.7851E-5
27862,0.011078681
27863,5.6309E-5
27864,4.8951E-5
27865,5.215E-5
27866,5.4469E-5
27867,5.5811E-5
27868,4.6779E-5
27869,6.7872E-5
27870,4.2184E-5
27871,6.6398E-5
27872,2.0226E-5
27873,3.5162E-5
27874,4.7115E-5
27875,7.5549E-5
27876,3.2868E-5
27877,6.0246E-5
27878,4.3458E-5
27879,4.2966E-5
27880,6.5476E-5
27881,7.2093E-5
27882,1.04675E-4
27883,2.8114E-5
27884,7.2429E-5
27885,6.1573E-5
27886,5.7028E-5
27887,5.9938E-5
27888,2.0811E-5
27889,5.3803E-5
27890,4.9573E-5
27891,8.5623E-5
27892,3.7905E-5
27893,4.7478E-5
27894,4.1013E-5
27895,3.9086E-5
27896,8.4983E-5
27897,3.8582E-5
27898,9.1221E-5
27899,6.7097E-5
27900,4.3648E-5
27901,5.4326E-5
27902,4.9507E-5
27903,2.3202E-5
27904,3.2303E-5
27905,2.5399E-5
27906,3.0574E-5
27907,7.327E-5
27908,3.382E-5
27909,7.0506E-5
27910,2.3487E-5
27911,4.2674E-5
27912,7.8007E-5
27913,4.2936E-5
27914,6.8041E-5
27915,3.7257E-5
27916,8.3691E-5
27917,6.6723E-5
27918,3.8246E-5
27919,7.9662E-5
27920,2.2E-5
27921,7.2035E-5
27922,6.9261E-5
27923,5.6214E-5
27924,7.1974E-5
27925,4.6526E-5
27926,9.7682E-5
27927,8.3702E-5
27928,5.2517E-5
27929,5.4297E-5
27930,8.9563E-5
27931,6.7208E-5
27932,4.6023E-5
27933,6.838E-5
27934,3.9491E-5
27935,5.4115E-5
27936,2.4021E-5
27937,8.3844E-5
27938,4.3789E-5
27939,2.5388E-5
27940,5.5037E-5
27941,1.5063E-5
27942,5.6651E-5
27943,3.1871E-5
27944,4.2805E-5
27945,2.6305E-5
27946,3.3725E-5
27947,6.1736E-5
27948,1.12366E-4
27949,6.076E-5
27950,1.6177E-5
27951,7.2729E-5
27952,2.8822E-5
27953,7.0749E-5
27954,5.6709E-5
27955,6.1588E-5
27956,3.8452E-5
27957,4.4463E-5
27958,5.9588E-5
27959,8.6947E-5
27960,2.1586E-5
27961,7.3295E-5
27962,5.0469E-5
27963,7.0966E-5
27964,4.2732E-5
27965,4.7779E-5
27966,4.2789E-5
27967,6.9675E-5
27968,5.2877E-5
27969,3.9466E-5
27970,6.5466E-5
27971,5.8465E-5
27972,5.0511E-5
27973,1.3749E-5
27974,3.1439E-5
27975,1.8119E-5
27976,3.1432E-5
27977,6.4849E-5
27978,4.183E-5
27979,4.7583E-5
27980,7.2028E-5
27981,6.462E-5
27982,5.8224E-5
27983,6.293E-5
27984,8.5831E-5
27985,3.3281E-5
27986,7.5096E-5
27987,5.6496E-5
27988,5.0689E-5
27989,4.9435E-5
27990,3.0591E-5
27991,4.2586E-5
27992,8.5918E-5
27993,6.5248E-5
27994,3.2554E-5
27995,5.3629E-5
27996,9.1927E-5
27997,5.6404E-5
27998,5.2204E-5
27999,5.5472E-5
28000,3.0154E-5
28001,5.9262E-5
28002,5.1074E-5
28003,5.0356E-5
28004,5.8357E-5
28005,6.59E-5
28006,7.2035E-5
28007,8.2615E-5
28008,3.8495E-5
28009,6.2157E-5
28010,6.9058E-5
28011,4.7267E-5
28012,2.5889E-5
28013,3.585E-5
28014,4.6783E-5
28015,6.6366E-5
28016,6.4817E-5
28017,7.0343E-5
28018,4.3956E-5
28019,4.6097E-5
28020,9.3174E-5
28021,6.9675E-5
28022,5.2638E-5
28023,5.3071E-5
28024,8.1172E-5
28025,6.6726E-5
28026,3.1372E-5
28027,7.6552E-5
28028,5.7051E-5
28029,7.957E-5
28030,4.1951E-5
28031,6.6331E-5
28032,7.9586E-5
28033,7.3446E-5
28034,2.7006E-5
28035,5.5806E-5
28036,7.2045E-5
28037,4.6223E-5
28038,4.5989E-5
28039,7.9267E-5
28040,8.1524E-5
28041,1.9804E-5
28042,3.0047E-5
28043,5.4525E-5
28044,8.9115E-5
28045,6.5403E-5
28046,6.2092E-5
28047,5.0687E-5
28048,5.9316E-5
28049,4.4245E-5
28050,6.9345E-5
28051,3.2175E-5
28052,4.3374E-5
28053,7.327E-5
28054,7.7698E-5
28055,3.9701E-5
28056,4.3056E-5
28057,6.5741E-5
28058,5.0003E-5
28059,3.1013E-5
28060,4.7898E-5
28061,1.01724E-4
28062,4.8761E-5
28063,5.9106E-5
28064,3.875E-5
28065,6.9384E-5
28066,4.9122E-5
28067,3.6444E-5
28068,9.013E-5
28069,5.9942E-5
28070,6.2806E-5
28071,7.2182E-5
28072,5.2356E-5
28073,6.81E-5
28074,4.3843E-5
28075,4.1029E-5
28076,5.6031E-5
28077,6.7167E-5
28078,7.5103E-5
28079,4.7832E-5
28080,7.412E-5
28081,2.8041E-5
28082,1.01156E-4
28083,8.7521E-5
28084,3.6187E-5
28085,3.7788E-5
28086,5.0521E-5
28087,3.9524E-5
28088,4.3886E-5
28089,7.6953E-5
28090,2.3013E-5
28091,2.9761E-5
28092,4.6055E-5
28093,6.5337E-5
28094,4.3759E-5
28095,3.8576E-5
28096,9.0267E-5
28097,4.2513E-5
28098,8.0574E-5
28099,7.969E-5
28100,4.9202E-5
28101,5.4935E-5
28102,5.7572E-5
28103,3.2383E-5
28104,7.048E-5
28105,1.16E-7
28106,5.9883E-5
28107,2.4285E-5
28108,2.6314E-5
28109,4.71E-5
28110,5.7136E-5
28111,5.6008E-5
28112,6.8354E-5
28113,6.4937E-5
28114,3.2736E-5
28115,6.2091E-5
28116,3.8063E-5
28117,5.4768E-5
28118,1.8877E-5
28119,4.2409E-5
28120,6.6607E-5
28121,5.0831E-5
28122,4.3618E-5
28123,8.0311E-5
28124,7.1005E-5
28125,1.8564E-5
28126,5.2835E-5
28127,5.5901E-5
28128,4.9337E-5
28129,4.9615E-5
28130,5.6588E-5
28131,4.251E-5
28132,4.6016E-5
28133,4.6239E-5
28134,7.956E-5
28135,6.0659E-5
28136,6.9379E-5
28137,5.2706E-5
28138,5.7193E-5
28139,4.9148E-5
28140,1.38582E-4
28141,5.8145E-5
28142,3.7856E-5
28143,4.7937E-5
28144,5.1887E-5
28145,8.5779E-5
28146,5.0403E-5
28147,3.3973E-5
28148,3.1727E-5
28149,6.4857E-5
28150,8.4426E-5
28151,8.3726E-5
28152,1.4184E-5
28153,2.2695E-5
28154,4.2715E-5
28155,5.6453E-5
28156,6.1807E-5
28157,3.9066E-5
28158,3.4947E-5
28159,3.5853E-5
28160,3.0752E-5
28161,7.0536E-5
28162,3.5554E-5
28163,5.0915E-5
28164,4.3712E-5
28165,3.3383E-5
28166,5.6529E-5
28167,6.4967E-5
28168,3.6788E-5
28169,4.7142E-5
28170,5.7257E-5
28171,4.3172E-5
28172,5.0899E-5
28173,6.4133E-5
28174,6.7865E-5
28175,5.6382E-5
28176,6.4418E-5
28177,8.7049E-5
28178,4.5609E-5
28179,6.0093E-5
28180,3.5172E-5
28181,5.7393E-5
28182,4.8872E-5
28183,4.0161E-5
28184,4.0795E-5
28185,5.5958E-5
28186,3.5957E-5
28187,6.1825E-5
28188,5.289E-5
28189,6.4758E-5
28190,8.4923E-5
28191,6.9017E-5
28192,2.7915E-5
28193,9.5591E-5
28194,8.0357E-5
28195,1.1898E-5
28196,7.9135E-5
28197,5.8492E-5
28198,3.8544E-5
28199,5.2188E-5
28200,5.0313E-5
28201,3.3923E-5
28202,6.0937E-5
28203,9.2783E-5
28204,7.3527E-5
28205,5.7738E-5
28206,5.497E-5
28207,1.9271E-5
28208,4.3781E-5
28209,5.8981E-5
28210,4.0484E-5
28211,5.1772E-5
28212,8.2264E-5
28213,7.0019E-5
28214,4.5062E-5
28215,3.6662E-5
28216,9.0128E-5
28217,4.1438E-5
28218,3.8201E-5
28219,5.2595E-5
28220,6.5383E-5
28221,6.0332E-5
28222,5.3259E-5
28223,5.5245E-5
28224,5.2081E-5
28225,9.947E-5
28226,5.2694E-5
28227,5.6008E-5
28228,2.1793E-5
28229,6.6213E-5
28230,6.9012E-5
28231,7.4804E-5
28232,5.6065E-5
28233,5.3953E-5
28234,3.0415E-5
28235,3.2533E-5
28236,6.526E-5
28237,5.9862E-5
28238,6.5702E-5
28239,4.8341E-5
28240,5.5516E-5
28241,4.9569E-5
28242,3.5443E-5
28243,5.1924E-5
28244,6.6911E-5
28245,7.5899E-5
28246,5.9023E-5
28247,6.5449E-5
28248,8.9031E-5
28249,4.4624E-5
28250,2.415E-5
28251,6.6603E-5
28252,3.6117E-5
28253,8.0577E-5
28254,3.4127E-5
28255,4.4098E-5
28256,3.4585E-5
28257,4.2699E-5
28258,8.0384E-5
28259,5.9272E-5
28260,6.8235E-5
28261,6.0489E-5
28262,5.1648E-5
28263,8.6224E-5
28264,9.3118E-5
28265,9.7262E-5
28266,7.6383E-5
28267,7.261E-5
28268,3.78E-5
28269,6.5944E-5
28270,6.4738E-5
28271,5.0107E-5
28272,4.6358E-5
28273,6.2516E-5
28274,6.3759E-5
28275,6.7824E-5
28276,6.5728E-5
28277,3.714E-5
28278,3.4211E-5
28279,4.2879E-5
28280,3.4933E-5
28281,6.7798E-5
28282,6.5734E-5
28283,3.901E-5
28284,7.0503E-5
28285,6.7593E-5
28286,4.342E-5
28287,9.6461E-5
28288,5.9128E-5
28289,1.9252E-5
28290,5.1534E-5
28291,9.3155E-5
28292,4.396E-5
28293,6.8986E-5
28294,4.8969E-5
28295,4.2551E-5
28296,3.9859E-5
28297,2.4502E-5
28298,4.0864E-5
28299,7.0186E-5
28300,2.5651E-5
28301,2.1265E-5
28302,4.6121E-5
28303,2.5466E-5
28304,8.6818E-5
28305,1.04034E-4
28306,4.9434E-5
28307,2.7057E-5
28308,5.1136E-5
28309,7.1532E-5
28310,7.864E-5
28311,6.7651E-5
28312,7.1253E-5
28313,1.12962E-4
28314,5.1842E-5
28315,4.175E-5
28316,4.6824E-5
28317,5.8095E-5
28318,2.6631E-5
28319,4.5884E-5
28320,8.8582E-5
28321,4.7646E-5
28322,7.1006E-5
28323,6.6676E-5
28324,7.2326E-5
28325,5.1821E-5
28326,4.6504E-5
28327,6.4079E-5
28328,6.6184E-5
28329,7.8985E-5
28330,6.6783E-5
28331,7.8518E-5
28332,4.3194E-5
28333,5.8381E-5
28334,4.9542E-5
28335,5.821E-5
28336,5.0324E-5
28337,6.1646E-5
28338,3.7064E-5
28339,5.4998E-5
28340,5.1789E-5
28341,1.3704E-5
28342,5.511E-5
28343,1.06372E-4
28344,4.2946E-5
28345,8.015E-6
28346,5.5168E-5
28347,4.8503E-5
28348,7.4361E-5
28349,7.8566E-5
28350,6.5545E-5
28351,7.7109E-5
28352,4.9088E-5
28353,6.5395E-5
28354,6.46E-5
28355,7.8719E-5
28356,5.9605E-5
28357,4.2401E-5
28358,0.003307309
28359,6.0612E-5
28360,7.0581E-5
28361,2.1086E-5
28362,6.8697E-5
28363,4.7198E-5
28364,4.6769E-5
28365,8.0967E-5
28366,2.9238E-5
28367,7.2345E-5
28368,6.9458E-5
28369,2.1561E-5
28370,3.2314E-5
28371,6.4508E-5
28372,6.3558E-5
28373,2.0026E-5
28374,3.7314E-5
28375,5.8077E-5
28376,5.2839E-5
28377,6.3224E-5
28378,2.8055E-5
28379,4.5847E-5
28380,2.8887E-5
28381,7.7725E-5
28382,5.8647E-5
28383,9.2177E-5
28384,4.3438E-5
28385,4.9307E-5
28386,8.2126E-5
28387,3.2843E-5
28388,3.939E-5
28389,7.7326E-5
28390,8.1456E-5
28391,4.889E-5
28392,3.3112E-5
28393,9.7867E-5
28394,5.2246E-5
28395,4.2232E-5
28396,4.0295E-5
28397,8.3711E-5
28398,5.9679E-5
28399,2.9552E-5
28400,4.0099E-5
28401,7.0211E-5
28402,5.1063E-5
28403,6.4013E-5
28404,4.603E-5
28405,3.921E-5
28406,7.4448E-5
28407,2.9543E-5
28408,7.7414E-5
28409,5.915E-5
28410,6.7815E-5
28411,5.3772E-5
28412,6.3159E-5
28413,3.6292E-5
28414,1.6744E-5
28415,5.5831E-5
28416,6.6314E-5
28417,4.5944E-5
28418,8.2015E-5
28419,7.3502E-5
28420,0.019985752
28421,5.1338E-5
28422,5.1112E-5
28423,3.8628E-5
28424,6.5339E-5
28425,3.2574E-5
28426,3.989E-5
28427,6.0238E-5
28428,4.6406E-5
28429,2.2076E-5
28430,9.6488E-5
28431,3.2842E-5
28432,8.4883E-5
28433,5.469E-5
28434,2.8886E-5
28435,6.9389E-5
28436,2.8967E-5
28437,5.542E-5
28438,3.4831E-5
28439,5.5786E-5
28440,4.2861E-5
28441,5.6464E-5
28442,6.6091E-5
28443,7.9437E-5
28444,2.808E-5
28445,7.8158E-5
28446,6.8985E-5
28447,5.992E-5
28448,8.1794E-5
28449,5.0821E-5
28450,1.12231E-4
28451,5.0892E-5
28452,2.0597E-5
28453,2.7416E-5
28454,5.5054E-5
28455,3.0532E-5
28456,5.3636E-5
28457,8.7609E-5
28458,5.0649E-5
28459,4.2506E-5
28460,7.1032E-5
28461,4.832E-5
28462,5.3654E-5
28463,4.632E-5
28464,4.7687E-5
28465,3.9949E-5
28466,5.491E-5
28467,5.4236E-5
28468,4.273E-5
28469,5.6299E-5
28470,7.0674E-5
28471,3.9168E-5
28472,5.8136E-5
28473,1.14E-7
28474,5.5366E-5
28475,6.5559E-5
28476,5.5192E-5
28477,2.1284E-5
28478,6.5008E-5
28479,5.7172E-5
28480,4.1477E-5
28481,7.4325E-5
28482,5.1001E-5
28483,7.1782E-5
28484,5.0391E-5
28485,6.7503E-5
28486,4.5991E-5
28487,1.09573E-4
28488,5.0964E-5
28489,8.595E-5
28490,1.5085E-5
28491,6.1167E-5
28492,5.5778E-5
28493,7.2377E-5
28494,4.753E-5
28495,2.5085E-5
28496,4.5925E-5
28497,4.5947E-5
28498,3.6197E-5
28499,4.6846E-5
28500,3.5782E-5
28501,6.8829E-5
28502,6.8235E-5
28503,4.5352E-5
28504,8.3425E-5
28505,7.5078E-5
28506,8.4331E-5
28507,4.6485E-5
28508,5.6798E-5
28509,3.4041E-5
28510,5.3274E-5
28511,6.1518E-5
28512,4.3687E-5
28513,5.5764E-5
28514,4.9383E-5
28515,5.6226E-5
28516,3.9753E-5
28517,2.7209E-5
28518,4.3868E-5
28519,5.6E-5
28520,1.07344E-4
28521,6.4591E-5
28522,8.7824E-5
28523,5.7325E-5
28524,7.2826E-5
28525,0.033760118
28526,7.3257E-5
28527,9.2073E-5
28528,3.9401E-5
28529,2.4023E-5
28530,7.4705E-5
28531,5.2883E-5
28532,5.326E-5
28533,2.8458E-5
28534,4.6789E-5
28535,8.6137E-5
28536,5.1593E-5
28537,7.1626E-5
28538,7.3215E-5
28539,6.3266E-5
28540,8.3358E-5
28541,6.7512E-5
28542,2.5801E-5
28543,6.3222E-5
28544,1.11625E-4
28545,3.3938E-5
28546,4.2678E-5
28547,4.4934E-5
28548,4.701E-5
28549,7.4641E-5
28550,3.2664E-5
28551,6.2822E-5
28552,8.5583E-5
28553,5.4732E-5
28554,6.9679E-5
28555,5.7437E-5
28556,6.0903E-5
28557,7.4701E-5
28558,4.1997E-5
28559,8.3013E-5
28560,6.3293E-5
28561,6.7929E-5
28562,4.0447E-5
28563,4.9821E-5
28564,4.6592E-5
28565,6.0691E-5
28566,9.9746E-5
28567,7.2693E-5
28568,7.4317E-5
28569,1.2031E-5
28570,4.1085E-5
28571,4.6436E-5
28572,9.6021E-5
28573,5.4753E-5
28574,6.2723E-5
28575,5.936E-5
28576,4.0502E-5
28577,3.1262E-5
28578,6.5795E-5
28579,6.5659E-5
28580,4.624E-5
28581,3.3058E-5
28582,4.3254E-5
28583,6.5102E-5
28584,7.2036E-5
28585,7.3921E-5
28586,9.6E-8
28587,3.2964E-5
28588,5.4703E-5
28589,3.2449E-5
28590,5.6728E-5
28591,3.2723E-5
28592,3.4215E-5
28593,6.5263E-5
28594,5.7284E-5
28595,0.006936319
28596,5.229E-5
28597,7.4114E-5
28598,6.3516E-5
28599,7.1723E-5
28600,1.1903E-5
28601,1.4721E-5
28602,6.4235E-5
28603,2.5924E-5
28604,6.5501E-5
28605,7.3825E-5
28606,3.3688E-5
28607,5.3667E-5
28608,6.1641E-5
28609,8.6704E-5
28610,3.9651E-5
28611,4.3294E-5
28612,3.4871E-5
28613,4.3981E-5
28614,5.6312E-5
28615,2.8617E-5
28616,5.5731E-5
28617,5.1274E-5
28618,2.9257E-5
28619,5.4456E-5
28620,8.0705E-5
28621,5.0867E-5
28622,2.4167E-5
28623,8.8749E-5
28624,2.6435E-5
28625,7.1689E-5
28626,5.9311E-5
28627,6.4942E-5
28628,5.3421E-5
28629,5.0433E-5
28630,7.3793E-5
28631,7.2802E-5
28632,4.598E-5
28633,8.0203E-5
28634,7.1018E-5
28635,6.3305E-5
28636,5.5741E-5
28637,7.5165E-5
28638,6.0764E-5
28639,5.4342E-5
28640,5.0303E-5
28641,2.5911E-5
28642,4.7731E-5
28643,6.8138E-5
28644,4.2853E-5
28645,6.7757E-5
28646,8.6895E-5
28647,5.0621E-5
28648,7.3576E-5
28649,5.8382E-5
28650,5.3826E-5
28651,1.01208E-4
28652,6.1209E-5
28653,5.2293E-5
28654,3.8375E-5
28655,3.7039E-5
28656,4.1989E-5
28657,4.1304E-5
28658,7.5043E-5
28659,3.7211E-5
28660,2.3185E-5
28661,5.3809E-5
28662,7.2954E-5
28663,3.2736E-5
28664,6.961E-5
28665,5.2286E-5
28666,6.0643E-5
28667,5.7829E-5
28668,5.4625E-5
28669,2.3701E-5
28670,4.4218E-5
28671,1.08596E-4
28672,6.976E-5
28673,7.1983E-5
28674,3.2927E-5
28675,8.6413E-5
28676,6.3683E-5
28677,8.4119E-5
28678,8.4758E-5
28679,3.7598E-5
28680,7.9306E-5
28681,1.01031E-4
28682,4.8825E-5
28683,3.9206E-5
28684,5.3571E-5
28685,5.2886E-5
28686,6.3338E-5
28687,2.364E-5
28688,6.6893E-5
28689,1.30284E-4
28690,7.8606E-5
28691,4.8396E-5
28692,5.7895E-5
28693,5.9443E-5
28694,4.6777E-5
28695,3.1732E-5
28696,7.0014E-5
28697,7.1541E-5
28698,9.6533E-5
28699,2.4598E-5
28700,7.321E-5
28701,5.56597E-4
28702,6.0165E-5
28703,4.0291E-5
28704,5.8816E-5
28705,5.7136E-5
28706,8.4292E-5
28707,4.2918E-5
28708,6.3241E-5
28709,4.9013E-5
28710,2.7387E-5
28711,3.1496E-5
28712,4.701E-5
28713,5.3415E-5
28714,8.4518E-5
28715,4.2124E-5
28716,7.7639E-5
28717,4.5899E-5
28718,3.0265E-5
28719,4.8413E-5
28720,6.224E-5
28721,6.4691E-5
28722,4.5423E-5
28723,7.5666E-5
28724,6.3547E-5
28725,7.2802E-5
28726,3.2349E-5
28727,6.1797E-5
28728,4.8933E-5
28729,6.3502E-5
28730,3.5245E-5
28731,6.0754E-5
28732,8.1902E-5
28733,4.8158E-5
28734,3.7923E-5
28735,7.6543E-5
28736,7.0361E-5
28737,7.1278E-5
28738,8.596E-5
28739,1.6535E-5
28740,4.3082E-5
28741,7.9581E-5
28742,7.6162E-5
28743,5.7961E-5
28744,5.3273E-5
28745,2.7214E-5
28746,5.5357E-5
28747,6.4574E-5
28748,1.0006E-4
28749,4.3878E-5
28750,4.59E-5
28751,4.9406E-5
28752,6.6126E-5
28753,8.2424E-5
28754,8.6127E-5
28755,9.7015E-5
28756,4.0075E-5
28757,6.1349E-5
28758,4.2821E-5
28759,3.1859E-5
28760,9.5136E-5
28761,3.0634E-5
28762,3.8256E-5
28763,5.7152E-5
28764,3.3512E-5
28765,8.5691E-5
28766,4.3044E-5
28767,2.673E-5
28768,1.5085E-5
28769,3.2381E-5
28770,5.607E-5
28771,2.9372E-5
28772,5.0623E-5
28773,4.4039E-5
28774,8.4033E-5
28775,5.9467E-5
28776,8.3198E-5
28777,1.00339E-4
28778,5.0208E-5
28779,4.8508E-5
28780,9.5598E-5
28781,3.1342E-5
28782,6.7536E-5
28783,4.3377E-5
28784,4.2846E-5
28785,2.0762E-5
28786,6.7843E-5
28787,5.5017E-5
28788,6.534E-5
28789,5.6809E-5
28790,5.8433E-5
28791,7.1194E-5
28792,6.5045E-5
28793,2.7099E-5
28794,8.5745E-5
28795,5.191E-5
28796,4.913E-5
28797,9.7266E-5
28798,5.4335E-5
28799,7.2796E-5
28800,7.1219E-5
28801,8.8625E-5
28802,4.0433E-5
28803,5.7681E-5
28804,2.0205E-5
28805,4.3677E-5
28806,6.2128E-5
28807,3.6736E-5
28808,6.5476E-5
28809,8.5072E-5
28810,3.3651E-5
28811,6.5142E-5
28812,6.9207E-5
28813,2.0792E-5
28814,5.8136E-5
28815,6.9613E-5
28816,7.2851E-5
28817,9.1625E-5
28818,5.5575E-5
28819,7.1956E-5
28820,6.6351E-5
28821,4.8872E-5
28822,5.2983E-5
28823,3.872E-5
28824,5.8303E-5
28825,6.693E-5
28826,6.4885E-5
28827,4.3623E-5
28828,4.8711E-5
28829,8.0483E-5
28830,2.9959E-5
28831,6.1149E-5
28832,3.8659E-5
28833,4.8908E-5
28834,7.9952E-5
28835,4.9254E-5
28836,4.026E-5
28837,5.7695E-5
28838,1.95E-5
28839,5.6894E-5
28840,5.1392E-5
28841,3.0139E-5
28842,5.57E-5
28843,8.4229E-5
28844,7.0982E-5
28845,7.8795E-5
28846,7.2008E-5
28847,4.175E-5
28848,6.1124E-5
28849,8.8817E-5
28850,7.4575E-5
28851,6.1174E-5
28852,9.0674E-5
28853,7.5872E-5
28854,6.2663E-5
28855,3.6453E-5
28856,6.1108E-5
28857,7.3861E-5
28858,5.6975E-5
28859,3.8337E-5
28860,7.1319E-5
28861,1.6562E-5
28862,7.4096E-5
28863,5.8846E-5
28864,6.8185E-5
28865,3.9649E-5
28866,7.9766E-5
28867,5.0205E-5
28868,4.8217E-5
28869,7.6069E-5
28870,5.8987E-5
28871,4.0073E-5
28872,8.7309E-5
28873,3.6631E-5
28874,3.7597E-5
28875,5.6139E-5
28876,5.7087E-5
28877,7.4756E-5
28878,8.7203E-5
28879,2.3276E-5
28880,3.7239E-5
28881,5.3762E-5
28882,9.0542E-5
28883,7.7832E-5
28884,6.7436E-5
28885,3.1809E-5
28886,5.5912E-5
28887,3.5349E-5
28888,5.0984E-5
28889,6.5029E-5
28890,6.8327E-5
28891,6.3244E-5
28892,4.0562E-5
28893,8.8647E-5
28894,4.1242E-5
28895,4.9731E-5
28896,2.4849E-5
28897,6.5774E-5
28898,6.936E-5
28899,8.4531E-5
28900,4.9522E-5
28901,5.8092E-5
28902,5.617E-5
28903,7.3722E-5
28904,6.2803E-5
28905,6.1031E-5
28906,6.1459E-5
28907,9.0243E-5
28908,5.2505E-5
28909,3.9075E-5
28910,2.8712E-5
28911,3.3506E-5
28912,9.6721E-5
28913,3.8521E-5
28914,5.6794E-5
28915,5.3942E-5
28916,4.0703E-5
28917,1.02106E-4
28918,7.1479E-5
28919,2.6364E-5
28920,5.3582E-5
28921,5.6795E-5
28922,7.1367E-5
28923,1.14E-7
28924,3.7088E-5
28925,5.8563E-5
28926,8.484E-5
28927,6.6057E-5
28928,3.2267E-5
28929,3.68E-5
28930,5.7889E-5
28931,2.7227E-5
28932,2.9839E-5
28933,3.0923E-5
28934,4.6424E-5
28935,3.7191E-5
28936,4.8411E-5
28937,3.908E-5
28938,5.3788E-5
28939,5.9063E-5
28940,3.3692E-5
28941,3.7669E-5
28942,3.1832E-5
28943,6.6137E-5
28944,4.9549E-5
28945,3.9755E-5
28946,6.2503E-5
28947,5.5999E-5
28948,9.7782E-5
28949,7.3375E-5
28950,7.9686E-5
28951,4.4867E-5
28952,5.7091E-5
28953,5.1621E-5
28954,4.18E-5
28955,7.6184E-5
28956,6.3583E-5
28957,4.5354E-5
28958,6.8534E-5
28959,4.7221E-5
28960,3.8196E-5
28961,6.45E-5
28962,3.7881E-5
28963,4.3864E-5
28964,1.02311E-4
28965,5.1943E-5
28966,4.2508E-5
28967,4.9997E-5
28968,5.3748E-5
28969,5.3115E-5
28970,5.2211E-5
28971,4.6056E-5
28972,5.4768E-5
28973,4.8463E-5
28974,5.4136E-5
28975,4.0467E-5
28976,7.7737E-5
28977,7.7933E-5
28978,5.7258E-5
28979,7.9263E-5
28980,8.5087E-5
28981,6.0036E-5
28982,6.5231E-5
28983,4.5706E-5
28984,2.8897E-5
28985,6.6828E-5
28986,3.5499E-5
28987,6.4777E-5
28988,6.6169E-5
28989,4.3774E-5
28990,5.6283E-5
28991,2.6043E-5
28992,5.8288E-5
28993,8.5014E-5
28994,3.8589E-5
28995,6.7207E-5
28996,8.4242E-5
28997,4.9988E-5
28998,6.1293E-5
28999,4.8199E-5
29000,1.04487E-4
29001,5.4389E-5
29002,4.7983E-5
29003,3.0027E-5
29004,4.5066E-5
29005,4.8566E-5
29006,2.9674E-5
29007,5.1686E-5
29008,5.3896E-5
29009,7.2012E-5
29010,2.9356E-5
29011,4.9375E-5
29012,6.9323E-5
29013,6.9948E-5
29014,7.0417E-5
29015,6.1169E-5
29016,2.6493E-5
29017,6.193E-5
29018,3.6582E-5
29019,6.6399E-5
29020,7.958E-5
29021,6.6889E-5
29022,9.4568E-5
29023,2.6322E-5
29024,2.8345E-5
29025,5.2635E-5
29026,8.026E-5
29027,3.6387E-5
29028,4.9989E-5
29029,7.3651E-5
29030,8.6305E-5
29031,4.9188E-5
29032,5.5787E-5
29033,5.2202E-5
29034,3.1225E-5
29035,7.8742E-5
29036,5.6535E-5
29037,4.4992E-5
29038,9.3871E-5
29039,6.368E-5
29040,7.9223E-5
29041,5.8766E-5
29042,2.9332E-5
29043,5.7298E-5
29044,6.5914E-5
29045,9.5047E-5
29046,8.1049E-5
29047,4.9303E-5
29048,3.5606E-5
29049,8.2406E-5
29050,5.9675E-5
29051,3.91E-5
29052,1.7659E-5
29053,6.5293E-5
29054,2.1113E-5
29055,6.371E-5
29056,6.9947E-5
29057,6.8243E-5
29058,3.5404E-5
29059,3.391E-5
29060,5.7227E-5
29061,6.3047E-5
29062,5.4601E-5
29063,5.6396E-5
29064,7.3943E-5
29065,4.8534E-5
29066,3.1796E-5
29067,4.7065E-5
29068,3.4614E-5
29069,1.4967E-5
29070,9.0797E-5
29071,2.88E-5
29072,6.753E-5
29073,4.1865E-5
29074,4.9732E-5
29075,1.00361E-4
29076,6.3511E-5
29077,1.6118E-5
29078,7.7344E-5
29079,7.5171E-5
29080,2.4721E-5
29081,6.5633E-5
29082,4.1227E-5
29083,2.383E-5
29084,6.8455E-5
29085,5.9374E-5
29086,8.9426E-5
29087,6.5517E-5
29088,6.889E-5
29089,3.529E-5
29090,1.07178E-4
29091,6.2974E-5
29092,6.1132E-5
29093,4.6639E-5
29094,5.1044E-5
29095,1.11428E-4
29096,3.0328E-5
29097,1.09648E-4
29098,3.126E-5
29099,6.7245E-5
29100,6.2552E-5
29101,2.8889E-5
29102,4.2386E-5
29103,5.8498E-5
29104,5.1881E-5
29105,6.2368E-5
29106,5.9778E-5
29107,5.1861E-5
29108,8.6488E-5
29109,4.7314E-5
29110,9.7629E-5
29111,5.563E-5
29112,2.897E-5
29113,4.0247E-5
29114,6.3181E-5
29115,8.0815E-5
29116,4.9177E-5
29117,6.6102E-5
29118,9.0215E-5
29119,4.1745E-5
29120,8.6984E-5
29121,3.6082E-5
29122,5.4385E-5
29123,5.1919E-5
29124,3.6449E-5
29125,8.1167E-5
29126,8.0338E-5
29127,7.0111E-5
29128,5.2519E-5
29129,4.0071E-5
29130,3.3035E-5
29131,3.5952E-5
29132,8.8653E-5
29133,3.8411E-5
29134,7.4676E-5
29135,7.982E-5
29136,7.666E-5
29137,8.1649E-5
29138,1.05053E-4
29139,3.7887E-5
29140,4.7361E-5
29141,5.6377E-5
29142,8.7275E-5
29143,8.7893E-5
29144,6.636E-5
29145,7.473E-5
29146,7.0245E-5
29147,8.5705E-5
29148,5.5736E-5
29149,6.6285E-5
29150,8.599E-5
29151,5.8039E-5
29152,4.5414E-5
29153,7.1573E-5
29154,6.6509E-5
29155,6.773E-5
29156,8.5091E-5
29157,7.7693E-5
29158,2.8769E-5
29159,7.9408E-5
29160,6.0791E-5
29161,5.7834E-5
29162,4.5871E-5
29163,4.3424E-5
29164,6.6616E-5
29165,7.626E-5
29166,6.8834E-5
29167,6.3771E-5
29168,6.5584E-5
29169,3.8926E-5
29170,5.7316E-5
29171,7.5272E-5
29172,7.1195E-5
29173,7.2186E-5
29174,7.6656E-5
29175,6.5147E-5
29176,6.158E-5
29177,5.4646E-5
29178,2.2631E-5
29179,5.8567E-5
29180,7.1948E-5
29181,1.9782E-5
29182,5.415E-5
29183,4.3056E-5
29184,7.724E-5
29185,4.2648E-5
29186,5.7724E-5
29187,6.3107E-5
29188,7.5225E-5
29189,7.5239E-5
29190,6.9113E-5
29191,7.338E-5
29192,7.3508E-5
29193,8.6152E-5
29194,4.7814E-5
29195,6.4602E-5
29196,1.2775E-5
29197,7.48E-5
29198,4.5562E-5
29199,3.1688E-5
29200,5.6231E-5
29201,5.1065E-5
29202,4.807E-5
29203,3.889E-5
29204,3.9506E-5
29205,5.7348E-5
29206,4.9401E-5
29207,8.67E-5
29208,6.1627E-5
29209,5.8384E-5
29210,5.4362E-5
29211,4.246E-5
29212,6.8062E-5
29213,3.1943E-5
29214,5.5185E-5
29215,8.0547E-5
29216,3.8502E-5
29217,6.5077E-5
29218,4.9783E-5
29219,3.9478E-5
29220,7.8858E-5
29221,5.0996E-5
29222,5.6474E-5
29223,6.9059E-5
29224,6.785E-5
29225,5.3227E-5
29226,4.6759E-5
29227,5.185E-5
29228,3.7683E-5
29229,6.311E-5
29230,4.8149E-5
29231,4.6544E-5
29232,7.1306E-5
29233,6.0248E-5
29234,6.316E-5
29235,3.5318E-5
29236,8.7348E-5
29237,9.2921E-5
29238,3.8146E-5
29239,0.024172809
29240,5.129E-5
29241,8.0321E-5
29242,5.8654E-5
29243,8.667E-5
29244,7.4703E-5
29245,3.8605E-5
29246,6.4795E-5
29247,6.2902E-5
29248,6.1887E-5
29249,1.14183E-4
29250,5.7353E-5
29251,5.5978E-5
29252,5.7089E-5
29253,7.0335E-5
29254,5.5895E-5
29255,8.9419E-5
29256,5.7254E-5
29257,9.6234E-5
29258,2.7964E-5
29259,6.0796E-5
29260,2.392E-5
29261,2.3563E-5
29262,3.8387E-5
29263,5.2565E-5
29264,6.6179E-5
29265,8.5519E-5
29266,7.3883E-5
29267,3.563E-5
29268,6.0245E-5
29269,1.15988E-4
29270,4.5993E-5
29271,5.9081E-5
29272,6.4179E-5
29273,5.8104E-5
29274,4.7194E-5
29275,3.3046E-5
29276,9.382E-5
29277,8.5486E-5
29278,5.2203E-5
29279,0.029636593
29280,6.2229E-5
29281,2.2586E-5
29282,6.1992E-5
29283,3.3893E-5
29284,9.7315E-5
29285,1.04177E-4
29286,9.4354E-5
29287,7.0058E-5
29288,8.3889E-5
29289,6.5017E-5
29290,9.5508E-5
29291,6.4893E-5
29292,5.1722E-5
29293,6.0718E-5
29294,4.3112E-5
29295,1.09E-7
29296,5.0198E-5
29297,8.1959E-5
29298,5.9712E-5
29299,4.2817E-5
29300,5.2554E-5
29301,5.8261E-5
29302,8.5831E-5
29303,9.2373E-5
29304,2.359E-5
29305,6.1834E-5
29306,2.3188E-5
29307,5.7004E-5
29308,3.8893E-5
29309,3.7375E-5
29310,8.5214E-5
29311,6.0268E-5
29312,8.7165E-5
29313,6.3576E-5
29314,3.2463E-5
29315,7.5519E-5
29316,7.035E-5
29317,6.5511E-5
29318,6.1183E-5
29319,5.3402E-5
29320,5.7044E-5
29321,4.6076E-5
29322,5.2216E-5
29323,2.237E-5
29324,8.4879E-5
29325,4.5814E-5
29326,3.0364E-5
29327,3.333E-5
29328,7.7454E-5
29329,6.1629E-5
29330,6.1093E-5
29331,6.4726E-5
29332,8.1561E-5
29333,5.2055E-5
29334,3.7613E-5
29335,6.2345E-5
29336,6.5514E-5
29337,8.7041E-5
29338,5.0119E-5
29339,5.673E-5
29340,6.2711E-5
29341,9.3312E-5
29342,2.1572E-5
29343,6.0591E-5
29344,4.6542E-5
29345,9.3408E-5
29346,4.5847E-5
29347,6.1837E-5
29348,5.4096E-5
29349,2.8046E-5
29350,8.7455E-5
29351,9.4345E-5
29352,6.5686E-5
29353,9.597E-5
29354,4.9975E-5
29355,7.0156E-5
29356,6.0829E-5
29357,2.364E-5
29358,6.0592E-5
29359,6.0369E-5
29360,9.2888E-5
29361,2.8538E-5
29362,5.8862E-5
29363,6.9023E-5
29364,5.1771E-5
29365,6.3232E-5
29366,3.8905E-5
29367,5.9395E-5
29368,7.6873E-5
29369,6.4763E-5
29370,4.9934E-5
29371,5.023E-5
29372,2.4285E-5
29373,6.1568E-5
29374,5.9704E-5
29375,5.6049E-5
29376,5.305E-5
29377,5.5224E-5
29378,6.3508E-5
29379,4.3399E-5
29380,4.98E-5
29381,5.9665E-5
29382,5.9552E-5
29383,6.8759E-5
29384,6.2069E-5
29385,9.9314E-5
29386,4.8712E-5
29387,5.0144E-5
29388,5.9368E-5
29389,8.3101E-5
29390,5.3924E-5
29391,3.5975E-5
29392,6.9546E-5
29393,5.6517E-5
29394,4.3485E-5
29395,8.2774E-5
29396,3.3491E-5
29397,5.9479E-5
29398,8.904E-5
29399,4.3158E-5
29400,4.0267E-5
29401,5.5469E-5
29402,5.2816E-5
29403,4.558E-5
29404,2.7404E-5
29405,2.7192E-5
29406,6.632E-5
29407,7.062E-5
29408,3.062E-5
29409,5.9029E-5
29410,3.4214E-5
29411,9.7284E-5
29412,9.5413E-5
29413,7.0972E-5
29414,5.8119E-5
29415,5.4574E-5
29416,4.9106E-5
29417,6.5539E-5
29418,4.0607E-5
29419,5.2738E-5
29420,8.113E-5
29421,7.4548E-5
29422,7.8894E-5
29423,2.086E-5
29424,2.922E-5
29425,2.9206E-5
29426,0.002387647
29427,7.2953E-5
29428,5.178E-5
29429,6.0003E-5
29430,8.9946E-5
29431,5.0205E-5
29432,7.0635E-5
29433,4.8904E-5
29434,2.1294E-5
29435,8.1569E-5
29436,5.4075E-5
29437,5.3524E-5
29438,7.4545E-5
29439,5.6725E-5
29440,5.1727E-5
29441,8.5234E-5
29442,4.5697E-5
29443,7.4451E-5
29444,5.8198E-5
29445,4.8587E-5
29446,2.558E-5
29447,6.5556E-5
29448,6.0435E-5
29449,1.33103E-4
29450,5.1466E-5
29451,5.1024E-5
29452,7.7363E-5
29453,2.3644E-5
29454,7.8509E-5
29455,3.8085E-5
29456,4.878E-5
29457,9.8325E-5
29458,7.7612E-5
29459,4.0295E-5
29460,5.4829E-5
29461,6.5783E-5
29462,8.0752E-5
29463,4.7386E-5
29464,6.7644E-5
29465,5.1781E-5
29466,7.5448E-5
29467,7.1118E-5
29468,6.544E-5
29469,4.8264E-5
29470,2.9885E-5
29471,5.6465E-5
29472,9.3837E-5
29473,7.8436E-5
29474,6.1513E-5
29475,4.6374E-5
29476,7.1157E-5
29477,8.8836E-5
29478,6.9405E-5
29479,7.0561E-5
29480,8.022E-5
29481,4.3529E-5
29482,4.8755E-5
29483,4.2261E-5
29484,1.03103E-4
29485,2.7383E-5
29486,4.9634E-5
29487,3.3104E-5
29488,6.9928E-5
29489,3.9365E-5
29490,4.0656E-5
29491,3.5443E-5
29492,4.1994E-5
29493,6.0452E-5
29494,6.9162E-5
29495,7.4055E-5
29496,5.3662E-5
29497,5.238E-5
29498,6.6081E-5
29499,8.3212E-5
29500,6.3682E-5
29501,3.567E-5
29502,4.4077E-5
29503,5.0059E-5
29504,9.2223E-5
29505,0.004121755
29506,6.4977E-5
29507,5.4432E-5
29508,7.0598E-5
29509,7.2701E-5
29510,8.5718E-5
29511,5.5733E-5
29512,7.1827E-5
29513,4.063E-5
29514,6.7491E-5
29515,8.1084E-5
29516,1.2212E-5
29517,6.1113E-5
29518,6.0316E-5
29519,6.1105E-5
29520,5.6573E-5
29521,2.4372E-5
29522,5.9823E-5
29523,3.882E-5
29524,7.5305E-5
29525,6.7919E-5
29526,4.3269E-5
29527,5.8327E-5
29528,2.6451E-5
29529,2.2475E-5
29530,3.1613E-5
29531,3.9501E-5
29532,5.3186E-5
29533,4.6861E-5
29534,2.2524E-5
29535,5.7174E-5
29536,6.4794E-5
29537,8.3701E-5
29538,5.861E-5
29539,3.3079E-5
29540,2.9726E-5
29541,5.971E-5
29542,7.3078E-5
29543,3.8091E-5
29544,8.1247E-5
29545,3.7887E-5
29546,3.6207E-5
29547,4.0758E-5
29548,3.0905E-5
29549,8.8369E-5
29550,4.538E-5
29551,6.9265E-5
29552,7.0893E-5
29553,9.1624E-5
29554,6.9473E-5
29555,5.4259E-5
29556,6.1488E-5
29557,7.5154E-5
29558,6.0086E-5
29559,5.8628E-5
29560,7.6093E-5
29561,4.6632E-5
29562,7.0633E-5
29563,1.11995E-4
29564,5.8951E-5
29565,3.9235E-5
29566,5.232E-5
29567,5.7296E-5
29568,2.1934E-5
29569,3.7509E-5
29570,3.8411E-5
29571,5.5938E-5
29572,8.1875E-5
29573,3.9306E-5
29574,8.2752E-5
29575,5.7179E-5
29576,8.0927E-5
29577,8.3119E-5
29578,4.6842E-5
29579,4.4118E-5
29580,1.2379E-4
29581,5.7108E-5
29582,1.26E-7
29583,7.8804E-5
29584,4.3939E-5
29585,6.1292E-5
29586,7.671E-5
29587,2.917E-5
29588,6.3671E-5
29589,4.8157E-5
29590,3.8474E-5
29591,1.4694E-5
29592,3.1333E-5
29593,6.4891E-5
29594,6.7018E-5
29595,4.6379E-5
29596,7.4885E-5
29597,5.531E-5
29598,8.1743E-5
29599,3.1802E-5
29600,1.29E-7
29601,2.6186E-5
29602,2.4899E-5
29603,4.1407E-5
29604,5.023E-5
29605,3.4946E-5
29606,6.4305E-5
29607,2.2897E-5
29608,1.07617E-4
29609,7.6958E-5
29610,1.9451E-5
29611,5.8875E-5
29612,4.6049E-5
29613,3.7911E-5
29614,4.1274E-5
29615,5.8674E-5
29616,3.1939E-5
29617,7.7907E-5
29618,4.6439E-5
29619,3.7322E-5
29620,6.5543E-5
29621,1.21E-7
29622,5.1752E-5
29623,1.7904E-5
29624,1.05941E-4
29625,5.4232E-5
29626,3.6194E-5
29627,1.35E-7
29628,5.1802E-5
29629,3.4678E-5
29630,7.3193E-5
29631,4.1171E-5
29632,7.6392E-5
29633,5.6155E-5
29634,3.6886E-5
29635,5.5765E-5
29636,8.7176E-5
29637,7.0462E-5
29638,7.2145E-5
29639,7.0303E-5
29640,1.7193E-5
29641,6.5651E-5
29642,1.4648E-5
29643,5.3688E-5
29644,3.6598E-5
29645,8.1074E-5
29646,5.9035E-5
29647,4.5973E-5
29648,3.6206E-5
29649,4.6592E-5
29650,4.7142E-5
29651,8.7145E-5
29652,5.8844E-5
29653,2.6114E-5
29654,4.9139E-5
29655,7.3881E-5
29656,8.2784E-5
29657,6.1449E-5
29658,6.4312E-5
29659,3.9845E-5
29660,5.0224E-5
29661,8.054E-5
29662,8.6718E-5
29663,3.3364E-5
29664,6.2476E-5
29665,7.9748E-5
29666,6.6153E-5
29667,4.1631E-5
29668,7.7222E-5
29669,3.5456E-5
29670,8.1412E-5
29671,1.4677E-5
29672,3.0064E-5
29673,8.6439E-5
29674,7.2857E-5
29675,6.2086E-5
29676,5.9496E-5
29677,7.3418E-5
29678,1.8595E-5
29679,6.9939E-5
29680,8.0572E-5
29681,4.381E-5
29682,7.0897E-5
29683,5.497E-5
29684,7.4214E-5
29685,9.655E-5
29686,5.6685E-5
29687,8.5951E-5
29688,5.8524E-5
29689,7.4719E-5
29690,8.7452E-5
29691,5.2358E-5
29692,5.349E-5
29693,6.9945E-5
29694,5.5983E-5
29695,5.5735E-5
29696,2.3395E-5
29697,5.7293E-5
29698,6.0887E-5
29699,4.7862E-5
29700,6.5818E-5
29701,9.0125E-5
29702,4.8598E-5
29703,4.8598E-5
29704,7.719E-5
29705,6.9343E-5
29706,1.26824E-4
29707,5.1836E-5
29708,1.2658E-5
29709,2.9143E-5
29710,2.0882E-5
29711,8.2204E-5
29712,9.8065E-5
29713,6.597E-5
29714,3.9467E-5
29715,4.2376E-5
29716,5.85E-5
29717,6.9089E-5
29718,3.5733E-5
29719,6.784E-5
29720,7.4743E-5
29721,7.0164E-5
29722,3.9866E-5
29723,4.7284E-5
29724,4.0108E-5
29725,3.7788E-5
29726,5.4167E-5
29727,8.6551E-5
29728,6.1906E-5
29729,5.9013E-5
29730,8.1236E-5
29731,7.2829E-5
29732,3.585E-5
29733,5.9388E-5
29734,6.5081E-5
29735,4.9462E-5
29736,5.1789E-5
29737,5.7741E-5
29738,1.06853E-4
29739,6.6377E-5
29740,3.2431E-5
29741,3.7102E-5
29742,3.0957E-5
29743,4.7047E-5
29744,4.9965E-5
29745,9.3267E-5
29746,7.069E-5
29747,8.0261E-5
29748,2.4288E-5
29749,6.3537E-5
29750,9.175E-5
29751,7.7212E-5
29752,3.735E-5
29753,7.936E-5
29754,7.5476E-5
29755,6.8534E-5
29756,5.9025E-5
29757,3.838E-5
29758,5.5579E-5
29759,5.3383E-5
29760,8.0476E-5
29761,6.8844E-5
29762,5.8154E-5
29763,3.4802E-5
29764,6.4463E-5
29765,6.1272E-5
29766,5.1787E-5
29767,5.9336E-5
29768,5.4725E-5
29769,7.9965E-5
29770,5.9599E-5
29771,5.6772E-5
29772,7.8391E-5
29773,7.1344E-5
29774,3.9479E-5
29775,8.2321E-5
29776,8.4625E-5
29777,3.2181E-5
29778,7.3602E-5
29779,4.6131E-5
29780,7.0614E-5
29781,5.1625E-5
29782,5.263E-5
29783,8.3643E-5
29784,3.6531E-5
29785,7.8911E-5
29786,1.20954E-4
29787,8.2015E-5
29788,7.5974E-5
29789,3.1471E-5
29790,6.021E-5
29791,6.6759E-5
29792,5.8647E-5
29793,9.3844E-5
29794,5.863E-5
29795,2.2059E-5
29796,5.5901E-5
29797,5.039E-5
29798,5.9515E-5
29799,4.7824E-5
29800,4.3509E-5
29801,8.2729E-5
29802,3.5272E-5
29803,1.12788E-4
29804,6.8637E-5
29805,9.577E-5
29806,3.6556E-5
29807,5.7227E-5
29808,7.0741E-5
29809,9.2908E-5
29810,9.1401E-5
29811,4.2866E-5
29812,7.3193E-5
29813,5.8903E-5
29814,5.3224E-5
29815,3.5013E-5
29816,5.9023E-5
29817,1.18244E-4
29818,2.7556E-5
29819,4.8412E-5
29820,7.8965E-5
29821,8.4316E-5
29822,3.8212E-5
29823,5.6308E-5
29824,3.7016E-5
29825,0.018181881
29826,4.5521E-5
29827,5.8269E-5
29828,6.1146E-5
29829,7.6517E-5
29830,4.8402E-5
29831,3.065E-5
29832,7.4784E-5
29833,5.8998E-5
29834,7.0201E-5
29835,4.8315E-5
29836,5.4478E-5
29837,5.4385E-5
29838,9.1286E-5
29839,5.5413E-5
29840,8.6422E-5
29841,6.0095E-5
29842,7.2865E-5
29843,2.8587E-5
29844,5.7736E-5
29845,7.669E-5
29846,8.1815E-5
29847,4.5302E-5
29848,2.3997E-5
29849,7.2694E-5
29850,8.5881E-5
29851,9.4054E-5
29852,5.1643E-5
29853,6.6112E-5
29854,6.4945E-5
29855,4.777E-5
29856,6.3321E-5
29857,8.5026E-5
29858,7.8972E-5
29859,5.5863E-5
29860,6.6621E-5
29861,6.8691E-5
29862,6.024E-5
29863,3.5945E-5
29864,6.7579E-5
29865,7.7339E-5
29866,5.1719E-5
29867,5.2688E-5
29868,1.20281E-4
29869,8.7594E-5
29870,4.3481E-5
29871,8.6903E-5
29872,7.9249E-5
29873,4.8942E-5
29874,4.3484E-5
29875,7.8946E-5
29876,5.8715E-5
29877,9.4576E-5
29878,6.7474E-5
29879,6.0199E-5
29880,7.936E-5
29881,3.8544E-5
29882,6.9896E-5
29883,9.8484E-5
29884,4.8095E-5
29885,7.8757E-5
29886,4.3309E-5
29887,3.8288E-5
29888,5.7635E-5
29889,8.7136E-5
29890,1.02076E-4
29891,4.123E-5
29892,5.3399E-5
29893,6.8131E-5
29894,5.9161E-5
29895,8.1808E-5
29896,6.0554E-5
29897,7.0695E-5
29898,1.2801E-5
29899,8.7203E-5
29900,5.6393E-5
29901,6.251E-5
29902,5.0256E-5
29903,6.7343E-5
29904,6.0829E-5
29905,4.7365E-5
29906,4.6774E-5
29907,8.2906E-5
29908,6.2076E-5
29909,5.6005E-5
29910,6.3049E-5
29911,7.7041E-5
29912,6.3976E-5
29913,7.8509E-5
29914,7.8247E-5
29915,4.5617E-5
29916,5.2936E-5
29917,4.6289E-5
29918,6.6692E-5
29919,5.7288E-5
29920,6.7636E-5
29921,7.0627E-5
29922,6.4977E-5
29923,7.1717E-5
29924,5.3776E-5
29925,8.4033E-5
29926,6.4744E-5
29927,8.1184E-5
29928,6.4308E-5
29929,6.9849E-5
29930,5.0964E-5
29931,1.11E-7
29932,4.7904E-5
29933,5.3366E-5
29934,8.5341E-5
29935,8.7421E-5
29936,1.7035E-5
29937,5.545E-5
29938,7.0701E-5
29939,1.0087E-5
29940,3.7708E-5
29941,4.7158E-5
29942,4.3234E-5
29943,8.5591E-5
29944,4.9759E-5
29945,4.1217E-5
29946,6.6136E-5
29947,7.4591E-5
29948,5.7581E-5
29949,5.0394E-5
29950,6.2755E-5
29951,0.003919586
29952,5.668E-5
29953,3.7091E-5
29954,7.339E-5
29955,3.7166E-5
29956,4.3687E-5
29957,7.4088E-5
29958,7.2293E-5
29959,8.0716E-5
29960,5.0251E-5
29961,3.1698E-5
29962,9.2404E-5
29963,6.6776E-5
29964,7.8426E-5
29965,6.9973E-5
29966,5.1585E-5
29967,7.6806E-5
29968,5.2587E-5
29969,8.4231E-5
29970,6.8745E-5
29971,5.2223E-5
29972,5.3417E-5
29973,7.8215E-5
29974,6.6962E-5
29975,4.3609E-5
29976,8.7875E-5
29977,7.0756E-5
29978,5.8902E-5
29979,1.3966E-5
29980,5.8838E-5
29981,7.4398E-5
29982,4.7305E-5
29983,3.2102E-5
29984,5.286E-5
29985,5.9602E-5
29986,3.6592E-5
29987,5.1282E-5
29988,8.6658E-5
29989,8.7159E-5
29990,6.0769E-5
29991,5.7282E-5
29992,6.8046E-5
29993,8.26E-5
29994,4.1547E-5
29995,5.5402E-5
29996,9.1447E-5
29997,8.329E-5
29998,7.16E-5
29999,5.5281E-5
30000,5.3204E-5
30001,5.9962E-5
30002,5.7929E-5
30003,6.2906E-5
30004,3.2836E-5
30005,6.9816E-5
30006,5.7454E-5
30007,5.834E-5
30008,1.14401E-4
30009,7.0692E-5
30010,4.4032E-5
30011,6.4692E-5
30012,3.9462E-5
30013,1.3313E-5
30014,5.0765E-5
30015,6.7014E-5
30016,7.2908E-5
30017,7.198E-5
30018,3.9888E-5
30019,4.4844E-5
30020,5.9873E-5
30021,4.2942E-5
30022,7.0325E-5
30023,5.7217E-5
30024,4.3714E-5
30025,4.5528E-5
30026,5.0735E-5
30027,2.6895E-5
30028,5.1113E-5
30029,5.6952E-5
30030,6.9982E-5
30031,5.718E-5
30032,6.5868E-5
30033,8.6917E-5
30034,7.135E-5
30035,4.2252E-5
30036,7.0915E-5
30037,4.8065E-5
30038,4.3485E-5
30039,5.4802E-5
30040,4.2973E-5
30041,5.7762E-5
30042,4.5319E-5
30043,2.0046E-5
30044,4.3479E-5
30045,5.8202E-5
30046,8.7823E-5
30047,2.1849E-5
30048,7.9116E-5
30049,4.6839E-5
30050,7.3994E-5
30051,8.9898E-5
30052,6.0024E-5
30053,6.9215E-5
30054,4.1632E-5
30055,9.3855E-5
30056,5.278E-5
30057,9.809E-5
30058,4.5977E-5
30059,5.2693E-5
30060,3.0178E-5
30061,5.531E-5
30062,5.2949E-5
30063,3.8548E-5
30064,6.5066E-5
30065,5.865E-5
30066,5.3335E-5
30067,5.9073E-5
30068,5.9791E-5
30069,7.087E-5
30070,8.60359E-4
30071,7.5404E-5
30072,6.6373E-5
30073,7.9163E-5
30074,6.1376E-5
30075,4.0379E-5
30076,3.8161E-5
30077,8.0925E-5
30078,7.1736E-5
30079,5.011E-5
30080,4.5578E-5
30081,7.4723E-5
30082,9.1255E-5
30083,6.0624E-5
30084,7.6773E-5
30085,2.923E-5
30086,6.6037E-5
30087,8.2154E-5
30088,5.36E-5
30089,6.0703E-5
30090,7.6252E-5
30091,4.6095E-5
30092,1.56347E-4
30093,5.5006E-5
30094,9.8204E-5
30095,6.4625E-5
30096,2.778E-5
30097,5.6588E-5
30098,4.5084E-5
30099,6.3126E-5
30100,4.1168E-5
30101,5.6979E-5
30102,8.5066E-5
30103,6.7035E-5
30104,6.3185E-5
30105,4.3066E-5
30106,4.9696E-5
30107,7.3691E-5
30108,7.5468E-5
30109,6.5478E-5
30110,4.9219E-5
30111,8.2859E-5
30112,5.1995E-5
30113,6.7381E-5
30114,4.7011E-5
30115,7.849E-5
30116,7.2981E-5
30117,5.1223E-5
30118,2.6059E-5
30119,4.1578E-5
30120,7.4775E-5
30121,6.5677E-5
30122,6.3214E-5
30123,2.184E-5
30124,6.5027E-5
30125,6.909E-5
30126,2.9129E-5
30127,7.4547E-5
30128,5.0629E-5
30129,5.8122E-5
30130,4.5567E-5
30131,4.4146E-5
30132,3.6834E-5
30133,3.0369E-5
30134,7.6122E-5
30135,8.9654E-5
30136,5.6162E-5
30137,5.0852E-5
30138,9.7591E-5
30139,5.1486E-5
30140,9.1196E-5
30141,7.4238E-5
30142,5.6117E-5
30143,1.9873E-5
30144,3.9932E-5
30145,4.6444E-5
30146,4.9205E-5
30147,5.8403E-5
30148,3.1524E-5
30149,4.7995E-5
30150,4.4287E-5
30151,5.9234E-5
30152,1.19E-7
30153,5.3422E-5
30154,4.1174E-5
30155,6.295E-5
30156,7.32E-5
30157,7.46E-5
30158,4.5965E-5
30159,5.1333E-5
30160,8.4317E-5
30161,6.4153E-5
30162,5.8889E-5
30163,5.7782E-5
30164,4.9439E-5
30165,2.1873E-5
30166,6.5399E-5
30167,6.8847E-5
30168,5.0259E-5
30169,2.7163E-5
30170,7.806E-5
30171,5.7324E-5
30172,2.3282E-5
30173,4.7102E-5
30174,7.8138E-5
30175,5.4921E-5
30176,5.1919E-5
30177,6.7963E-5
30178,1.20974E-4
30179,5.9721E-5
30180,5.21E-5
30181,5.8555E-5
30182,3.7301E-5
30183,4.2023E-5
30184,5.5282E-5
30185,3.1813E-5
30186,5.0087E-5
30187,9.619E-5
30188,5.4698E-5
30189,9.2759E-5
30190,7.4101E-5
30191,4.5562E-5
30192,6.7798E-5
30193,4.8476E-5
30194,5.9245E-5
30195,4.7044E-5
30196,6.6651E-5
30197,7.1014E-5
30198,2.6801E-5
30199,5.8627E-5
30200,6.9752E-5
30201,5.9931E-5
30202,1.7181E-5
30203,5.1056E-5
30204,4.183E-5
30205,9.163E-5
30206,5.7584E-5
30207,6.8003E-5
30208,6.4696E-5
30209,5.6817E-5
30210,3.2637E-5
30211,5.3755E-5
30212,2.0882E-5
30213,2.4732E-5
30214,7.7528E-5
30215,5.2226E-5
30216,5.1515E-5
30217,4.327E-5
30218,4.1443E-5
30219,4.118E-5
30220,8.3897E-5
30221,4.8239E-5
30222,4.2963E-5
30223,6.8219E-5
30224,4.9257E-5
30225,7.1389E-5
30226,8.2684E-5
30227,2.742E-5
30228,4.3334E-5
30229,3.731E-5
30230,7.2219E-5
30231,1.00995E-4
30232,0.003320578
30233,1.11398E-4
30234,5.7857E-5
30235,4.5885E-5
30236,4.887E-5
30237,6.3522E-5
30238,5.9682E-5
30239,5.3131E-5
30240,3.7154E-5
30241,6.1664E-5
30242,8.226E-5
30243,4.6266E-5
30244,6.0548E-5
30245,0.076711713
30246,3.2928E-5
30247,6.4217E-5
30248,4.8931E-5
30249,3.9309E-5
30250,6.4928E-5
30251,5.3995E-5
30252,3.9228E-5
30253,5.4583E-5
30254,7.2138E-5
30255,2.0026E-5
30256,6.473E-5
30257,6.3384E-5
30258,7.3158E-5
30259,6.5041E-5
30260,6.1583E-5
30261,6.9553E-5
30262,1.03773E-4
30263,6.5841E-5
30264,3.6282E-5
30265,3.4869E-5
30266,7.5024E-5
30267,5.7705E-5
30268,7.9899E-5
30269,5.867E-5
30270,5.7272E-5
30271,5.5726E-5
30272,4.372E-5
30273,4.3831E-5
30274,6.0849E-5
30275,1.01947E-4
30276,6.6288E-5
30277,8.448E-5
30278,7.5993E-5
30279,6.7154E-5
30280,4.5506E-5
30281,9.4591E-5
30282,9.963E-5
30283,5.7483E-5
30284,5.7234E-5
30285,6.8319E-5
30286,4.7438E-5
30287,6.4259E-5
30288,5.0047E-5
30289,7.6252E-5
30290,7.4471E-5
30291,5.4363E-5
30292,8.8168E-5
30293,6.9011E-5
30294,4.4648E-5
30295,7.0049E-5
30296,5.7082E-5
30297,7.4694E-5
30298,6.9076E-5
30299,6.6087E-5
30300,4.5474E-5
30301,5.5824E-5
30302,3.9911E-5
30303,6.4055E-5
30304,5.8399E-5
30305,6.1711E-5
30306,2.121E-5
30307,9.0221E-5
30308,5.8236E-5
30309,8.4533E-5
30310,5.1555E-5
30311,3.7786E-5
30312,9.3603E-5
30313,7.6236E-5
30314,3.686E-5
30315,0.009531859
30316,8.173E-5
30317,8.7657E-5
30318,5.7107E-5
30319,7.2992E-5
30320,9.2217E-5
30321,6.8578E-5
30322,7.8815E-5
30323,8.2355E-5
30324,1.08016E-4
30325,8.6667E-5
30326,3.142E-5
30327,4.5383E-5
30328,9.5257E-5
30329,4.6022E-5
30330,4.1487E-5
30331,3.8266E-5
30332,1.01837E-4
30333,3.6517E-5
30334,8.1535E-5
30335,3.1899E-5
30336,5.0484E-5
30337,4.7198E-5
30338,5.6887E-5
30339,6.0503E-5
30340,8.5062E-5
30341,5.3602E-5
30342,6.4453E-5
30343,1.5828E-5
30344,6.8033E-5
30345,7.0763E-5
30346,7.152E-5
30347,4.8799E-5
30348,3.6678E-5
30349,3.0816E-5
30350,5.197E-5
30351,6.8479E-5
30352,2.2134E-5
30353,6.0515E-5
30354,6.2358E-5
30355,9.3882E-5
30356,4.3566E-5
30357,5.5679E-5
30358,6.2781E-5
30359,6.3435E-5
30360,5.5694E-5
30361,6.9373E-5
30362,9.8263E-5
30363,5.1498E-5
30364,4.5431E-5
30365,3.5709E-5
30366,2.0995E-5
30367,5.2165E-5
30368,3.1997E-5
30369,6.4651E-5
30370,7.514E-5
30371,6.2872E-5
30372,5.0142E-5
30373,7.5233E-5
30374,6.3564E-5
30375,4.3985E-5
30376,3.3707E-5
30377,8.4708E-5
30378,7.5563E-5
30379,6.4376E-5
30380,7.0404E-5
30381,1.7813E-5
30382,7.0652E-5
30383,7.7664E-5
30384,6.8529E-5
30385,7.655E-5
30386,1.07087E-4
30387,4.5214E-5
30388,8.2894E-5
30389,7.6554E-5
30390,5.0655E-5
30391,8.9522E-5
30392,4.0522E-5
30393,5.9383E-5
30394,6.4067E-5
30395,7.7564E-5
30396,7.2806E-5
30397,7.0855E-5
30398,6.5267E-5
30399,4.5378E-5
30400,8.9704E-5
30401,4.7327E-5
30402,6.9223E-5
30403,1.8939E-5
30404,4.8506E-5
30405,5.3395E-5
30406,5.0467E-5
30407,5.3687E-5
30408,5.8877E-5
30409,3.7307E-5
30410,5.9648E-5
30411,6.3926E-5
30412,3.9692E-5
30413,7.4035E-5
30414,7.9846E-5
30415,7.9444E-5
30416,3.4274E-5
30417,9.687E-6
30418,1.04279E-4
30419,5.0819E-5
30420,3.7969E-5
30421,5.3985E-5
30422,7.0131E-5
30423,6.3997E-5
30424,9.0009E-5
30425,8.7478E-5
30426,5.8187E-5
30427,4.2621E-5
30428,6.7644E-5
30429,2.493E-5
30430,8.9887E-5
30431,3.9972E-5
30432,6.5015E-5
30433,4.8334E-5
30434,5.575E-5
30435,5.7227E-5
30436,6.1616E-5
30437,6.5636E-5
30438,5.9862E-5
30439,6.6308E-5
30440,4.7171E-5
30441,7.8317E-5
30442,1.08E-7
30443,4.8829E-5
30444,7.0551E-5
30445,5.714E-5
30446,3.4844E-5
30447,7.8346E-5
30448,6.5404E-5
30449,6.1842E-5
30450,3.8943E-5
30451,5.5628E-5
30452,8.9956E-5
30453,7.9464E-5
30454,6.2857E-5
30455,8.34E-5
30456,4.2209E-5
30457,4.6609E-5
30458,7.5388E-5
30459,4.9597E-5
30460,4.8376E-5
30461,4.294E-5
30462,6.0991E-5
30463,6.8685E-5
30464,5.3931E-5
30465,2.5302E-5
30466,7.3073E-5
30467,5.7877E-5
30468,5.0505E-5
30469,8.5456E-5
30470,3.1501E-5
30471,7.5627E-5
30472,5.4697E-5
30473,5.0297E-5
30474,3.7672E-5
30475,6.1603E-5
30476,8.7941E-5
30477,4.8142E-5
30478,8.9693E-5
30479,7.9219E-5
30480,5.8704E-5
30481,5.3553E-5
30482,5.2429E-5
30483,6.1862E-5
30484,7.776E-5
30485,7.342E-5
30486,3.6921E-5
30487,1.01607E-4
30488,5.7663E-5
30489,5.8909E-5
30490,6.4656E-5
30491,6.5647E-5
30492,7.3728E-5
30493,6.2872E-5
30494,7.7832E-5
30495,5.6996E-5
30496,5.4133E-5
30497,6.0682E-5
30498,6.4252E-5
30499,5.4291E-5
30500,8.7701E-5
30501,5.2707E-5
30502,5.7856E-5
30503,8.0548E-5
30504,5.3196E-5
30505,7.9307E-5
30506,7.4181E-5
30507,4.2987E-5
30508,5.2758E-5
30509,8.5338E-5
30510,5.6954E-5
30511,6.201E-5
30512,4.7078E-5
30513,6.6186E-5
30514,6.0365E-5
30515,4.7706E-5
30516,5.8908E-5
30517,5.8889E-5
30518,4.2973E-5
30519,8.4757E-5
30520,7.591E-5
30521,0.005146814
30522,7.1078E-5
30523,4.7216E-5
30524,5.8759E-5
30525,1.01377E-4
30526,9.7611E-5
30527,6.4466E-5
30528,6.422E-5
30529,6.7743E-5
30530,7.703E-5
30531,4.422E-5
30532,7.2939E-5
30533,6.0956E-5
30534,6.1798E-5
30535,7.2307E-5
30536,2.5337E-5
30537,3.6442E-5
30538,7.3736E-5
30539,5.9417E-5
30540,8.14E-5
30541,5.849E-5
30542,5.3515E-5
30543,7.291E-5
30544,9.4669E-5
30545,7.5346E-5
30546,6.771E-5
30547,8.576E-5
30548,4.2588E-5
30549,4.1541E-5
30550,6.0691E-5
30551,8.703E-5
30552,3.861E-5
30553,2.9892E-5
30554,3.0589E-5
30555,7.1206E-5
30556,8.1331E-5
30557,8.8819E-5
30558,6.4454E-5
30559,5.7812E-5
30560,7.0467E-5
30561,3.5706E-5
30562,6.6979E-5
30563,3.6485E-5
30564,3.854E-5
30565,4.9192E-5
30566,7.0392E-5
30567,8.7195E-5
30568,8.0422E-5
30569,8.5339E-5
30570,6.6014E-5
30571,9.6813E-5
30572,8.0932E-5
30573,6.1683E-5
30574,8.1657E-5
30575,3.4321E-5
30576,5.3925E-5
30577,2.5131E-5
30578,4.9416E-5
30579,5.7203E-5
30580,6.9193E-5
30581,7.5202E-5
30582,5.8216E-5
30583,6.9871E-5
30584,5.3098E-5
30585,5.5041E-5
30586,5.5623E-5
30587,7.2147E-5
30588,6.9024E-5
30589,6.5498E-5
30590,8.1977E-5
30591,2.0381E-5
30592,6.9776E-5
30593,7.4853E-5
30594,3.161E-5
30595,5.8422E-5
30596,5.8199E-5
30597,3.1946E-5
30598,7.938E-5
30599,4.0702E-5
30600,1.18181E-4
30601,8.5119E-5
30602,5.3622E-5
30603,4.2484E-5
30604,7.4835E-5
30605,4.517E-5
30606,5.6037E-5
30607,9.4593E-5
30608,6.3067E-5
30609,6.9972E-5
30610,7.2475E-5
30611,6.5083E-5
30612,3.7056E-5
30613,9.4006E-5
30614,8.6779E-5
30615,5.0275E-5
30616,9.3597E-5
30617,4.9691E-5
30618,7.755E-5
30619,8.1252E-5
30620,2.7582E-5
30621,4.3805E-5
30622,6.9913E-5
30623,8.232E-5
30624,2.6797E-5
30625,6.2699E-5
30626,8.5203E-5
30627,2.4459E-5
30628,7.7004E-5
30629,3.297E-5
30630,6.2626E-5
30631,5.6405E-5
30632,9.2524E-5
30633,1.11465E-4
30634,6.6531E-5
30635,6.793E-5
30636,4.0058E-5
30637,5.6941E-5
30638,7.4351E-5
30639,4.0893E-5
30640,4.2464E-5
30641,8.7545E-5
30642,3.3716E-5
30643,5.7089E-5
30644,9.0757E-5
30645,7.7154E-5
30646,6.3978E-5
30647,7.6319E-5
30648,5.8865E-5
30649,3.6901E-5
30650,4.9907E-5
30651,2.1856E-5
30652,6.3661E-5
30653,7.9072E-5
30654,4.6309E-5
30655,3.866E-5
30656,1.16375E-4
30657,5.6814E-5
30658,6.2977E-5
30659,1.2256E-5
30660,4.2292E-5
30661,6.9462E-5
30662,4.7877E-5
30663,5.5032E-5
30664,7.8038E-5
30665,6.3372E-5
30666,3.6447E-5
30667,5.7097E-5
30668,5.1357E-5
30669,4.9058E-5
30670,7.9715E-5
30671,7.3371E-5
30672,4.6264E-5
30673,5.9864E-5
30674,1.6734E-5
30675,4.2165E-5
30676,0.011413761
30677,1.9529E-5
30678,5.3294E-5
30679,5.5657E-5
30680,5.1809E-5
30681,6.292E-5
30682,4.5237E-5
30683,7.0849E-5
30684,3.0701E-5
30685,6.2177E-5
30686,9.48E-5
30687,4.1392E-5
30688,7.4879E-5
30689,5.0163E-5
30690,4.0171E-5
30691,5.9322E-5
30692,8.688E-5
30693,7.9603E-5
30694,5.8771E-5
30695,6.6959E-5
30696,6.8741E-5
30697,4.0755E-5
30698,5.0679E-5
30699,7.0795E-5
30700,8.7173E-5
30701,4.1673E-5
30702,1.4551E-5
30703,3.8773E-5
30704,9.1718E-5
30705,4.0682E-5
30706,5.1483E-5
30707,6.8563E-5
30708,6.3889E-5
30709,1.04416E-4
30710,6.2783E-5
30711,6.3751E-5
30712,5.1E-5
30713,4.3623E-5
30714,5.4611E-5
30715,5.0085E-5
30716,6.94E-5
30717,8.4634E-5
30718,5.1352E-5
30719,6.8521E-5
30720,9.5688E-5
30721,8.681E-5
30722,5.5727E-5
30723,5.2062E-5
30724,6.1103E-5
30725,4.3032E-5
30726,7.9272E-5
30727,6.1319E-5
30728,7.6121E-5
30729,7.5945E-5
30730,4.5058E-5
30731,2.3441E-5
30732,6.4197E-5
30733,3.7362E-5
30734,5.9261E-5
30735,7.1398E-5
30736,7.6629E-5
30737,6.4675E-5
30738,3.7338E-5
30739,8.2729E-5
30740,6.6877E-5
30741,6.9437E-5
30742,5.2773E-5
30743,9.5732E-5
30744,5.5491E-5
30745,6.1474E-5
30746,6.4569E-5
30747,7.7342E-5
30748,3.3974E-5
30749,5.3311E-5
30750,0.002707099
30751,6.9894E-5
30752,6.308E-5
30753,7.4107E-5
30754,2.7975E-5
30755,8.073E-5
30756,4.5157E-5
30757,4.3314E-5
30758,3.5323E-5
30759,5.8603E-5
30760,2.496E-5
30761,4.9571E-5
30762,7.3727E-5
30763,6.3487E-5
30764,4.9432E-5
30765,7.8228E-5
30766,5.0386E-5
30767,7.2272E-5
30768,6.507E-5
30769,6.418E-5
30770,4.6521E-5
30771,5.3534E-5
30772,6.5029E-5
30773,7.7766E-5
30774,7.9848E-5
30775,3.6494E-5
30776,5.2256E-5
30777,3.6085E-5
30778,5.8064E-5
30779,4.5533E-5
30780,5.5137E-5
30781,4.1046E-5
30782,6.1953E-5
30783,7.7144E-5
30784,4.0896E-5
30785,7.3877E-5
30786,6.625E-5
30787,3.3684E-5
30788,5.2002E-5
30789,6.2661E-5
30790,6.0062E-5
30791,8.3312E-5
30792,3.7789E-5
30793,4.6152E-5
30794,9.3635E-5
30795,4.2007E-5
30796,7.6048E-5
30797,9.7562E-5
30798,5.994E-5
30799,5.4575E-5
30800,8.6023E-5
30801,3.6893E-5
30802,6.379E-5
30803,3.9066E-5
30804,6.4986E-5
30805,2.4874E-5
30806,4.2574E-5
30807,7.4728E-5
30808,6.4724E-5
30809,6.0069E-5
30810,4.1176E-5
30811,1.02167E-4
30812,4.7641E-5
30813,5.4431E-5
30814,8.351E-5
30815,8.2771E-5
30816,7.4469E-5
30817,6.0511E-5
30818,5.9625E-5
30819,8.3566E-5
30820,6.2053E-5
30821,2.5822E-5
30822,5.6558E-5
30823,9.1449E-5
30824,5.6531E-5
30825,4.0065E-5
30826,7.3224E-5
30827,7.6661E-5
30828,5.0834E-5
30829,7.296E-5
30830,9.9796E-5
30831,2.7778E-5
30832,7.7759E-5
30833,5.6014E-5
30834,4.1842E-5
30835,2.7079E-5
30836,2.5302E-5
30837,3.1367E-5
30838,7.7934E-5
30839,4.3329E-5
30840,7.8807E-5
30841,5.8743E-5
30842,4.4313E-5
30843,8.4277E-5
30844,5.8811E-5
30845,6.4957E-5
30846,3.9418E-5
30847,6.9263E-5
30848,7.209E-5
30849,6.261E-5
30850,5.0934E-5
30851,5.6179E-5
30852,6.3219E-5
30853,4.5689E-5
30854,6.5574E-5
30855,8.7183E-5
30856,3.7209E-5
30857,5.6388E-5
30858,4.0348E-5
30859,6.6298E-5
30860,7.4092E-5
30861,4.6615E-5
30862,9.1033E-5
30863,1.8938E-5
30864,4.679E-5
30865,7.023E-5
30866,8.1198E-5
30867,6.5748E-5
30868,3.9732E-5
30869,6.7727E-5
30870,4.4203E-5
30871,7.171E-5
30872,6.4721E-5
30873,5.625E-5
30874,6.9763E-5
30875,3.8483E-5
30876,3.4876E-5
30877,6.8305E-5
30878,3.7248E-5
30879,7.0922E-5
30880,8.2031E-5
30881,5.4175E-5
30882,5.9203E-5
30883,6.0464E-5
30884,7.2816E-5
30885,3.7446E-5
30886,4.1583E-5
30887,5.5603E-5
30888,7.962E-5
30889,8.5228E-5
30890,0.001485409
30891,8.1632E-5
30892,5.9032E-5
30893,2.8132E-5
30894,6.17E-5
30895,2.6352E-5
30896,3.4598E-5
30897,5.7335E-5
30898,5.1883E-5
30899,6.6486E-5
30900,4.305E-5
30901,4.3773E-5
30902,2.4153E-5
30903,1.03752E-4
30904,5.8888E-5
30905,6.5469E-5
30906,5.9706E-5
30907,1.4124E-5
30908,7.0237E-5
30909,8.2493E-5
30910,4.3838E-5
30911,1.01282E-4
30912,9.7907E-5
30913,5.499E-5
30914,7.8559E-5
30915,4.9968E-5
30916,7.9401E-5
30917,6.3628E-5
30918,8.374E-5
30919,6.4913E-5
30920,3.0979E-5
30921,6.6948E-5
30922,5.4396E-5
30923,8.8616E-5
30924,4.8323E-5
30925,4.112E-5
30926,6.5333E-5
30927,6.4124E-5
30928,6.0396E-5
30929,3.855E-5
30930,5.4735E-5
30931,4.9416E-5
30932,5.7204E-5
30933,5.635E-5
30934,1.7119E-5
30935,5.735E-5
30936,6.5033E-5
30937,6.8659E-5
30938,7.7807E-5
30939,5.1132E-5
30940,5.9902E-5
30941,6.5105E-5
30942,2.2887E-5
30943,3.8055E-5
30944,3.654E-5
30945,5.8044E-5
30946,4.8537E-5
30947,7.6268E-5
30948,3.9554E-5
30949,6.4449E-5
30950,4.7013E-5
30951,8.672E-5
30952,6.5753E-5
30953,7.6582E-5
30954,6.4309E-5
30955,7.8641E-5
30956,6.9137E-5
30957,4.0002E-5
30958,6.2068E-5
30959,5.6785E-5
30960,6.504E-5
30961,6.9954E-5
30962,8.8597E-5
30963,8.6617E-5
30964,3.4449E-5
30965,5.301E-5
30966,5.7972E-5
30967,4.5317E-5
30968,6.5996E-5
30969,5.3617E-5
30970,5.077E-5
30971,5.8308E-5
30972,7.9367E-5
30973,2.6267E-5
30974,5.097E-5
30975,4.8942E-5
30976,5.0092E-5
30977,4.2122E-5
30978,3.9317E-5
30979,5.2982E-5
30980,7.1042E-5
30981,5.315E-5
30982,1.01871E-4
30983,4.2697E-5
30984,3.8668E-5
30985,5.8478E-5
30986,2.5712E-5
30987,5.6628E-5
30988,3.2778E-5
30989,6.4617E-5
30990,4.45019E-4
30991,7.8313E-5
30992,5.3016E-5
30993,5.3895E-5
30994,2.4197E-5
30995,5.3298E-5
30996,1.02888E-4
30997,8.6542E-5
30998,6.1063E-5
30999,7.56E-5
31000,4.3566E-5
31001,5.6934E-5
31002,4.4228E-5
31003,1.00321E-4
31004,6.792E-5
31005,5.1159E-5
31006,7.4131E-5
31007,5.2594E-5
31008,8.3377E-5
31009,6.0348E-5
31010,6.4882E-5
31011,3.2667E-5
31012,3.8575E-5
31013,5.5112E-5
31014,5.1417E-5
31015,8.7381E-5
31016,6.3009E-5
31017,3.8918E-5
31018,5.6436E-5
31019,9.0543E-5
31020,7.6571E-5
31021,5.6083E-5
31022,1.05672E-4
31023,5.3219E-5
31024,7.7085E-5
31025,6.3602E-5
31026,7.5043E-5
31027,6.8573E-5
31028,4.5259E-5
31029,7.1284E-5
31030,4.6135E-5
31031,2.934E-5
31032,6.7896E-5
31033,3.8733E-5
31034,7.9171E-5
31035,7.8249E-5
31036,7.8159E-5
31037,8.2067E-5
31038,7.2535E-5
31039,7.2918E-5
31040,5.1363E-5
31041,8.294E-5
31042,5.386E-5
31043,7.1118E-5
31044,6.6582E-5
31045,5.0203E-5
31046,1.00993E-4
31047,3.5576E-5
31048,3.7134E-5
31049,7.1407E-5
31050,2.7063E-5
31051,7.9218E-5
31052,3.3656E-5
31053,6.2248E-5
31054,8.0007E-5
31055,4.7833E-5
31056,0.172328737
31057,6.7602E-5
31058,5.6481E-5
31059,6.6819E-5
31060,7.8035E-5
31061,3.8791E-5
31062,5.2156E-5
31063,7.3189E-5
31064,6.0017E-5
31065,3.5677E-5
31066,7.966E-5
31067,3.985E-5
31068,5.4527E-5
31069,5.0199E-5
31070,3.316E-5
31071,6.1102E-5
31072,8.9978E-5
31073,4.4731E-5
31074,2.0029E-5
31075,9.2304E-5
31076,6.919E-5
31077,5.2802E-5
31078,4.8342E-5
31079,5.0555E-5
31080,5.9353E-5
31081,5.306E-5
31082,6.166E-5
31083,6.6233E-5
31084,2.7905E-5
31085,4.3035E-5
31086,2.1808E-5
31087,7.8573E-5
31088,2.2339E-5
31089,5.2769E-5
31090,4.0335E-5
31091,8.9599E-5
31092,6.8235E-5
31093,6.7658E-5
31094,6.4468E-5
31095,8.1529E-5
31096,7.5483E-5
31097,8.5291E-5
31098,7.4025E-5
31099,9.2881E-5
31100,6.1945E-5
31101,7.4106E-5
31102,6.5262E-5
31103,6.8891E-5
31104,7.535E-5
31105,7.2478E-5
31106,5.5074E-5
31107,9.4031E-5
31108,7.9366E-5
31109,2.4547E-5
31110,2.7342E-5
31111,7.9041E-5
31112,7.1937E-5
31113,3.5368E-5
31114,6.7119E-5
31115,6.0876E-5
31116,7.0854E-5
31117,7.5964E-5
31118,3.772E-5
31119,5.3296E-5
31120,6.3345E-5
31121,7.8676E-5
31122,7.4113E-5
31123,4.0056E-5
31124,4.5735E-5
31125,5.2705E-5
31126,7.9876E-5
31127,5.3769E-5
31128,4.6744E-5
31129,5.8738E-5
31130,5.4888E-5
31131,7.7951E-5
31132,1.333E-5
31133,6.8322E-5
31134,4.2973E-5
31135,4.5736E-5
31136,2.5221E-5
31137,2.8247E-5
31138,9.3337E-5
31139,4.9849E-5
31140,7.3623E-5
31141,4.5645E-5
31142,4.7588E-5
31143,5.8351E-5
31144,6.1203E-5
31145,3.2476E-5
31146,8.6754E-5
31147,5.6313E-5
31148,4.6003E-5
31149,4.3493E-5
31150,7.1056E-5
31151,4.0385E-5
31152,4.6321E-5
31153,6.2E-5
31154,6.1985E-5
31155,2.5761E-5
31156,7.8981E-5
31157,8.3122E-5
31158,4.3284E-5
31159,6.4586E-5
31160,6.1694E-5
31161,4.9562E-5
31162,6.1975E-5
31163,6.3719E-5
31164,1.02165E-4
31165,6.7386E-5
31166,6.5213E-5
31167,6.9323E-5
31168,5.6945E-5
31169,3.7536E-5
31170,6.7214E-5
31171,9.3596E-5
31172,7.6337E-5
31173,3.0783E-5
31174,7.2939E-5
31175,5.0136E-5
31176,6.2514E-5
31177,4.4758E-5
31178,3.5583E-5
31179,1.1222E-5
31180,7.0741E-5
31181,4.537E-5
31182,7.8523E-5
31183,4.5284E-5
31184,7.5505E-5
31185,4.8619E-5
31186,6.9062E-5
31187,5.1145E-5
31188,6.9257E-5
31189,8.2546E-5
31190,7.3075E-5
31191,6.8572E-5
31192,9.7467E-5
31193,8.4413E-5
31194,6.245E-5
31195,7.8685E-5
31196,4.7379E-5
31197,2.3619E-5
31198,3.217E-5
31199,6.6479E-5
31200,8.0332E-5
31201,3.1517E-5
31202,3.786E-5
31203,4.7972E-5
31204,5.6477E-5
31205,4.118E-5
31206,5.8378E-5
31207,6.8183E-5
31208,5.1366E-5
31209,8.179E-5
31210,4.9149E-5
31211,1.7168E-5
31212,6.4773E-5
31213,3.9322E-5
31214,5.3858E-5
31215,5.4864E-5
31216,6.5668E-5
31217,2.9547E-5
31218,7.7815E-5
31219,7.055E-5
31220,8.2502E-5
31221,5.2406E-5
31222,7.8249E-5
31223,6.0432E-5
31224,5.1853E-5
31225,2.4073E-5
31226,3.5397E-5
31227,8.7423E-5
31228,4.6038E-5
31229,7.9927E-5
31230,3.3084E-5
31231,4.5459E-5
31232,3.2148E-5
31233,8.5366E-5
31234,5.9143E-5
31235,7.6098E-5
31236,6.4376E-5
31237,2.7894E-5
31238,5.6956E-5
31239,4.759E-5
31240,3.1493E-5
31241,1.10568E-4
31242,3.8612E-5
31243,6.164E-5
31244,6.9486E-5
31245,2.4961E-5
31246,2.153E-5
31247,7.9438E-5
31248,5.4178E-5
31249,5.613E-5
31250,5.1545E-5
31251,5.2364E-5
31252,4.3264E-5
31253,6.1207E-5
31254,6.665E-5
31255,2.6732E-5
31256,5.4164E-5
31257,3.5553E-5
31258,8.6037E-5
31259,9.2876E-5
31260,3.674E-5
31261,1.01497E-4
31262,7.2497E-5
31263,4.7808E-5
31264,4.2245E-5
31265,4.4904E-5
31266,3.2264E-5
31267,4.6823E-5
31268,8.3869E-5
31269,4.5157E-5
31270,5.488E-5
31271,8.3273E-5
31272,7.5323E-5
31273,4.5781E-5
31274,6.197E-5
31275,8.6315E-5
31276,5.6218E-5
31277,4.4691E-5
31278,5.6176E-5
31279,1.0921E-4
31280,5.5408E-5
31281,7.8293E-5
31282,5.592E-5
31283,7.053E-5
31284,6.0695E-5
31285,6.8824E-5
31286,9.4989E-5
31287,8.509E-5
31288,4.6339E-5
31289,6.175E-5
31290,6.2685E-5
31291,4.9254E-5
31292,4.4353E-5
31293,5.5206E-5
31294,4.7025E-5
31295,7.526E-5
31296,1.05102E-4
31297,5.0836E-5
31298,5.1566E-5
31299,7.8377E-5
31300,1.38853E-4
31301,4.7867E-5
31302,8.4547E-5
31303,4.9701E-5
31304,4.2906E-5
31305,3.7148E-5
31306,4.7717E-5
31307,7.8312E-5
31308,4.6855E-5
31309,8.7683E-5
31310,6.9611E-5
31311,7.7457E-5
31312,7.2429E-5
31313,2.9737E-5
31314,1.9604E-5
31315,5.6984E-5
31316,5.7444E-5
31317,4.7844E-5
31318,6.9489E-5
31319,5.8192E-5
31320,1.07153E-4
31321,3.4638E-5
31322,8.1442E-5
31323,7.6346E-5
31324,8.2269E-5
31325,9.2685E-5
31326,7.4291E-5
31327,4.8314E-5
31328,6.1732E-5
31329,1.0197E-4
31330,2.4695E-5
31331,7.1899E-5
31332,2.7246E-5
31333,5.6125E-5
31334,7.9853E-5
31335,6.2747E-5
31336,6.36E-5
31337,6.4757E-5
31338,5.2173E-5
31339,6.5027E-5
31340,5.7134E-5
31341,7.2588E-5
31342,5.9276E-5
31343,4.9094E-5
31344,5.8132E-5
31345,4.9679E-5
31346,5.4211E-5
31347,8.6146E-5
31348,7.1105E-5
31349,7.2545E-5
31350,5.0759E-5
31351,4.9381E-5
31352,1.7328E-5
31353,1.03148E-4
31354,6.418E-5
31355,3.9082E-5
31356,5.3146E-5
31357,9.2166E-5
31358,6.9561E-5
31359,7.8164E-5
31360,5.3691E-5
31361,5.9523E-5
31362,3.1888E-5
31363,4.3994E-5
31364,1.071E-4
31365,6.9588E-5
31366,6.7491E-5
31367,6.3385E-5
31368,1.4781E-5
31369,5.9724E-5
31370,5.006E-5
31371,5.867E-5
31372,5.8439E-5
31373,4.1136E-5
31374,4.3255E-5
31375,8.4343E-5
31376,5.5041E-5
31377,5.4246E-5
31378,8.486E-5
31379,6.5362E-5
31380,8.1166E-5
31381,5.9329E-5
31382,6.6153E-5
31383,6.3401E-5
31384,4.5604E-5
31385,1.425E-5
31386,7.6417E-5
31387,7.0699E-5
31388,7.4649E-5
31389,5.8133E-5
31390,3.2352E-5
31391,7.3346E-5
31392,6.4948E-5
31393,5.9873E-5
31394,4.3016E-5
31395,5.1649E-5
31396,5.6139E-5
31397,8.7669E-5
31398,6.9416E-5
31399,3.4741E-5
31400,6.8304E-5
31401,7.5753E-5
31402,6.1103E-5
31403,5.7536E-5
31404,5.4261E-5
31405,7.9273E-5
31406,5.0282E-5
31407,6.3748E-5
31408,7.7035E-5
31409,7.8355E-5
31410,2.2333E-5
31411,9.5274E-5
31412,5.1465E-5
31413,3.1943E-5
31414,7.7902E-5
31415,7.6977E-5
31416,8.4667E-5
31417,4.59E-5
31418,3.6828E-5
31419,4.9224E-5
31420,9.6963E-5
31421,6.7884E-5
31422,6.9847E-5
31423,6.2357E-5
31424,6.8134E-5
31425,2.9253E-5
31426,4.7471E-5
31427,6.4459E-5
31428,5.089E-5
31429,4.681E-5
31430,6.2744E-5
31431,7.878E-5
31432,4.4949E-5
31433,2.3408E-5
31434,3.4643E-5
31435,7.5074E-5
31436,8.9925E-5
31437,5.3756E-5
31438,1.10638E-4
31439,4.2502E-5
31440,5.682E-5
31441,6.3314E-5
31442,5.9941E-5
31443,6.2436E-5
31444,5.3833E-5
31445,4.3219E-5
31446,7.0368E-5
31447,6.8738E-5
31448,7.0403E-5
31449,7.998E-5
31450,5.719E-5
31451,1.07366E-4
31452,4.5097E-5
31453,6.481E-5
31454,7.8409E-5
31455,6.8952E-5
31456,4.4997E-5
31457,7.3232E-5
31458,5.4856E-5
31459,7.8993E-5
31460,7.3007E-5
31461,7.3159E-5
31462,5.8875E-5
31463,7.4796E-5
31464,3.886E-5
31465,7.5072E-5
31466,6.173E-5
31467,6.8763E-5
31468,5.7224E-5
31469,2.03347E-4
31470,6.418E-5
31471,6.1855E-5
31472,7.198E-5
31473,4.519E-5
31474,4.099E-5
31475,3.12E-5
31476,5.7113E-5
31477,2.3871E-5
31478,8.7258E-5
31479,6.9558E-5
31480,2.7906E-5
31481,3.8459E-5
31482,6.4584E-5
31483,8.0246E-5
31484,6.7832E-5
31485,7.5359E-5
31486,5.4379E-5
31487,8.4226E-5
31488,6.364E-5
31489,6.1703E-5
31490,7.1144E-5
31491,6.0326E-5
31492,6.2988E-5
31493,3.0162E-5
31494,5.6899E-5
31495,2.8674E-5
31496,8.1412E-5
31497,5.2665E-5
31498,9.8285E-5
31499,5.716E-5
31500,6.295E-5
31501,7.5166E-5
31502,8.5801E-5
31503,7.386E-5
31504,4.2665E-5
31505,6.4828E-5
31506,8.3451E-5
31507,3.7372E-5
31508,3.2982E-5
31509,3.9634E-5
31510,3.4841E-5
31511,5.8849E-5
31512,5.4492E-5
31513,1.00164E-4
31514,9.337E-5
31515,6.3315E-5
31516,4.8552E-5
31517,7.0976E-5
31518,3.7798E-5
31519,4.1736E-5
31520,3.8789E-5
31521,4.5048E-5
31522,3.4734E-5
31523,2.0837E-5
31524,6.0328E-5
31525,6.9803E-5
31526,3.336E-5
31527,5.2136E-5
31528,7.7013E-5
31529,8.7851E-5
31530,3.5537E-5
31531,1.00129E-4
31532,5.3562E-5
31533,6.502E-5
31534,5.868E-5
31535,8.3814E-5
31536,7.1783E-5
31537,7.0296E-5
31538,4.7312E-5
31539,8.0345E-5
31540,5.3882E-5
31541,5.2673E-5
31542,6.4056E-5
31543,6.0659E-5
31544,8.1047E-5
31545,8.2234E-5
31546,6.8477E-5
31547,1.04158E-4
31548,8.1146E-5
31549,1.03199E-4
31550,7.9468E-5
31551,4.4527E-5
31552,2.9451E-5
31553,8.9201E-5
31554,1.00142E-4
31555,5.5333E-5
31556,4.7135E-5
31557,3.1422E-5
31558,6.7896E-5
31559,7.3828E-5
31560,7.3079E-5
31561,3.3263E-5
31562,5.076E-5
31563,5.6512E-5
31564,6.4004E-5
31565,6.4878E-5
31566,5.3104E-5
31567,3.9441E-5
31568,5.1524E-5
31569,4.9099E-5
31570,9.2112E-5
31571,6.338E-5
31572,6.1885E-5
31573,5.5709E-5
31574,5.2316E-5
31575,5.8202E-5
31576,8.4634E-5
31577,7.1803E-5
31578,6.3815E-5
31579,5.0722E-5
31580,7.4949E-5
31581,6.972E-5
31582,5.1721E-5
31583,5.7942E-5
31584,4.9066E-5
31585,3.2587E-5
31586,9.9425E-5
31587,4.9485E-5
31588,3.7698E-5
31589,2.6382E-5
31590,3.3838E-5
31591,6.9478E-5
31592,5.6993E-5
31593,4.7927E-5
31594,4.971E-5
31595,6.0819E-5
31596,5.8475E-5
31597,6.5861E-5
31598,7.281E-5
31599,5.801E-5
31600,4.5927E-5
31601,0.027070199
31602,6.0744E-5
31603,5.9455E-5
31604,9.2866E-5
31605,6.318E-5
31606,3.8316E-5
31607,6.0471E-5
31608,4.6852E-5
31609,3.6814E-5
31610,4.7684E-5
31611,1.01192E-4
31612,1.08383E-4
31613,9.0853E-5
31614,7.5318E-5
31615,6.2578E-5
31616,4.4156E-5
31617,9.1289E-5
31618,6.6371E-5
31619,4.1776E-5
31620,5.0554E-5
31621,6.4527E-5
31622,8.4077E-5
31623,2.2194E-5
31624,7.9558E-5
31625,5.7365E-5
31626,2.8391E-5
31627,5.4641E-5
31628,3.8675E-5
31629,8.2691E-5
31630,4.804E-5
31631,6.2242E-5
31632,5.0076E-5
31633,5.8807E-5
31634,1.04058E-4
31635,7.366E-5
31636,6.6475E-5
31637,5.4679E-5
31638,3.9975E-5
31639,8.7229E-5
31640,4.4796E-5
31641,7.4384E-5
31642,2.9966E-5
31643,6.948E-5
31644,4.2181E-5
31645,6.4342E-5
31646,7.1105E-5
31647,2.1121E-5
31648,6.7451E-5
31649,6.4437E-5
31650,4.7608E-5
31651,6.5378E-5
31652,6.1725E-5
31653,7.3916E-5
31654,5.7206E-5
31655,6.9199E-5
31656,9.083E-5
31657,3.568E-5
31658,5.5771E-5
31659,7.0875E-5
31660,4.629E-5
31661,8.3929E-5
31662,6.9366E-5
31663,3.3436E-5
31664,7.7555E-5
31665,2.809E-5
31666,7.1147E-5
31667,5.5564E-5
31668,5.5026E-5
31669,4.4363E-5
31670,6.0478E-5
31671,7.1463E-5
31672,7.7353E-5
31673,3.934E-5
31674,9.3562E-5
31675,4.2071E-5
31676,2.5846E-5
31677,4.1742E-5
31678,7.3225E-5
31679,1.08058E-4
31680,5.462E-5
31681,8.66E-5
31682,7.185E-5
31683,8.315E-5
31684,6.4902E-5
31685,6.4639E-5
31686,4.5092E-5
31687,4.9913E-5
31688,0.002626934
31689,7.7836E-5
31690,5.9513E-5
31691,8.423E-5
31692,3.7319E-5
31693,9.5175E-5
31694,3.8526E-5
31695,7.5466E-5
31696,7.3987E-5
31697,8.7187E-5
31698,6.7861E-5
31699,6.0521E-5
31700,6.6176E-5
31701,3.6088E-5
31702,6.4748E-5
31703,9.3484E-5
31704,6.4686E-5
31705,8.4259E-5
31706,9.7397E-5
31707,7.4012E-5
31708,5.3025E-5
31709,7.6795E-5
31710,8.0232E-5
31711,3.9342E-5
31712,5.2246E-5
31713,8.5481E-5
31714,8.0539E-5
31715,6.4083E-5
31716,6.284E-5
31717,3.754E-5
31718,3.8223E-5
31719,8.3029E-5
31720,6.2639E-5
31721,6.4921E-5
31722,0.015275975
31723,5.8592E-5
31724,7.4144E-5
31725,6.3212E-5
31726,7.5433E-5
31727,6.0012E-5
31728,4.7613E-5
31729,4.1067E-5
31730,5.4245E-5
31731,6.417E-5
31732,6.3984E-5
31733,3.9274E-5
31734,6.6742E-5
31735,6.8945E-5
31736,7.3393E-5
31737,9.1102E-5
31738,2.998E-5
31739,9.0282E-5
31740,6.1115E-5
31741,8.3412E-5
31742,6.7054E-5
31743,6.9257E-5
31744,6.9206E-5
31745,8.3818E-5
31746,3.7482E-5
31747,6.8561E-5
31748,7.0699E-5
31749,1.07109E-4
31750,8.3861E-5
31751,8.3356E-5
31752,6.6836E-5
31753,7.4241E-5
31754,9.734E-5
31755,3.2735E-5
31756,5.3561E-5
31757,7.267E-5
31758,1.0304E-4
31759,6.2674E-5
31760,5.5734E-5
31761,8.3154E-5
31762,7.1743E-5
31763,6.3992E-5
31764,8.0159E-5
31765,7.2737E-5
31766,1.3423E-5
31767,6.4925E-5
31768,5.8011E-5
31769,3.06562E-4
31770,8.4387E-5
31771,4.6208E-5
31772,5.5554E-5
31773,5.5987E-5
31774,6.3449E-5
31775,5.897E-5
31776,8.104E-5
31777,4.7281E-5
31778,4.8992E-5
31779,4.9389E-5
31780,5.4682E-5
31781,2.8923E-5
31782,5.1025E-5
31783,5.8039E-5
31784,2.8853E-5
31785,7.3559E-5
31786,5.4191E-5
31787,5.8994E-5
31788,5.6082E-5
31789,2.4588E-5
31790,4.9833E-5
31791,6.2645E-5
31792,5.4511E-5
31793,5.7917E-5
31794,2.7423E-5
31795,6.8089E-5
31796,7.6635E-5
31797,5.8203E-5
31798,8.1441E-5
31799,6.4286E-5
31800,4.2391E-5
31801,3.8529E-5
31802,4.4401E-5
31803,4.2984E-5
31804,8.9085E-5
31805,4.8717E-5
31806,6.0622E-5
31807,7.6641E-5
31808,5.4627E-5
31809,5.7084E-5
31810,6.0154E-5
31811,7.5184E-5
31812,5.9774E-5
31813,6.3561E-5
31814,7.3752E-5
31815,5.7892E-5
31816,4.6955E-5
31817,4.2724E-5
31818,9.3567E-5
31819,4.7723E-5
31820,7.8559E-5
31821,8.427E-5
31822,9.2094E-5
31823,8.2993E-5
31824,4.21372E-4
31825,8.259E-5
31826,7.6237E-5
31827,2.9677E-5
31828,7.3307E-5
31829,4.718E-5
31830,6.4944E-5
31831,6.3571E-5
31832,4.46E-5
31833,7.0005E-5
31834,1.01315E-4
31835,3.7886E-5
31836,7.7883E-5
31837,7.762E-5
31838,3.8349E-5
31839,6.6868E-5
31840,7.6137E-5
31841,1.3112E-5
31842,2.8281E-5
31843,5.8269E-5
31844,5.5396E-5
31845,1.00036E-4
31846,5.5335E-5
31847,7.9896E-5
31848,6.077E-5
31849,5.6278E-5
31850,6.604E-5
31851,3.8415E-5
31852,5.6934E-5
31853,8.522E-5
31854,8.7516E-5
31855,3.8126E-5
31856,2.6344E-5
31857,9.6559E-5
31858,8.6392E-5
31859,6.3508E-5
31860,7.1003E-5
31861,5.5045E-5
31862,8.1696E-5
31863,8.5001E-5
31864,3.8003E-5
31865,7.7418E-5
31866,1.5677E-5
31867,1.6514E-5
31868,7.5336E-5
31869,4.7451E-5
31870,7.5719E-5
31871,5.6415E-5
31872,5.9004E-5
31873,6.2298E-5
31874,5.8494E-5
31875,7.5993E-5
31876,6.2054E-5
31877,5.8604E-5
31878,5.6609E-5
31879,5.8606E-5
31880,9.0238E-5
31881,7.3809E-5
31882,9.1633E-5
31883,3.8501E-5
31884,7.2034E-5
31885,5.0854E-5
31886,6.0492E-5
31887,8.1766E-5
31888,6.3645E-5
31889,9.7087E-5
31890,7.7265E-5
31891,8.0376E-5
31892,9.0334E-5
31893,6.4263E-5
31894,4.235E-5
31895,3.281E-5
31896,8.3044E-5
31897,5.9269E-5
31898,6.2171E-5
31899,1.03106E-4
31900,3.6217E-5
31901,9.7914E-5
31902,6.2141E-5
31903,7.8979E-5
31904,8.6038E-5
31905,4.2167E-5
31906,6.9343E-5
31907,1.05882E-4
31908,4.7058E-5
31909,7.9216E-5
31910,8.0085E-5
31911,4.5505E-5
31912,8.1371E-5
31913,6.5599E-5
31914,5.3432E-5
31915,5.1758E-5
31916,7.2294E-5
31917,4.4209E-5
31918,7.8136E-5
31919,2.8306E-5
31920,6.0937E-5
31921,7.5664E-5
31922,5.1083E-5
31923,5.4377E-5
31924,5.1527E-5
31925,4.8787E-5
31926,7.2064E-5
31927,6.9621E-5
31928,7.2605E-5
31929,7.3373E-5
31930,4.5057E-5
31931,5.3287E-5
31932,1.01578E-4
31933,5.7397E-5
31934,4.4902E-5
31935,4.7218E-5
31936,5.7558E-5
31937,6.9688E-5
31938,8.9185E-5
31939,7.3859E-5
31940,4.4528E-5
31941,6.3734E-5
31942,5.0078E-5
31943,5.5433E-5
31944,9.1225E-5
31945,6.5846E-5
31946,7.4071E-5
31947,6.5597E-5
31948,6.9094E-5
31949,8.6764E-5
31950,7.4721E-5
31951,4.6613E-5
31952,5.6963E-5
31953,7.1107E-5
31954,8.7629E-5
31955,7.0526E-5
31956,2.7258E-5
31957,4.7343E-5
31958,1.02862E-4
31959,0.002786963
31960,4.8519E-5
31961,4.4153E-5
31962,4.0949E-5
31963,7.1714E-5
31964,6.4597E-5
31965,4.2956E-5
31966,7.0122E-5
31967,7.8685E-5
31968,3.7414E-5
31969,6.4449E-5
31970,1.08552E-4
31971,7.9012E-5
31972,4.7525E-5
31973,5.8386E-5
31974,6.465E-5
31975,5.4886E-5
31976,6.8449E-5
31977,6.5296E-5
31978,5.263E-5
31979,8.649E-5
31980,7.3369E-5
31981,3.2033E-5
31982,7.6021E-5
31983,8.6312E-5
31984,5.1395E-5
31985,4.82E-5
31986,4.374E-5
31987,6.283E-5
31988,5.5077E-5
31989,3.9706E-5
31990,7.481E-5
31991,7.2223E-5
31992,4.7592E-5
31993,5.0273E-5
31994,2.0324E-5
31995,5.8565E-5
31996,8.6515E-5
31997,3.8806E-5
31998,3.5586E-5
31999,5.6267E-5
32000,9.0637E-5
32001,8.4099E-5
32002,5.036E-5
32003,6.9671E-5
32004,5.3643E-5
32005,4.5567E-5
32006,6.8495E-5
32007,5.6752E-5
32008,6.6205E-5
32009,6.7078E-5
32010,6.4999E-5
32011,5.664E-5
32012,8.4881E-5
32013,4.3067E-5
32014,9.7303E-5
32015,8.4145E-5
32016,7.2587E-5
32017,6.4235E-5
32018,6.5829E-5
32019,8.1402E-5
32020,6.7976E-5
32021,5.7011E-5
32022,0.007146624
32023,8.9723E-5
32024,6.9814E-5
32025,4.5073E-5
32026,8.2587E-5
32027,5.8168E-5
32028,5.6956E-5
32029,6.7538E-5
32030,7.6675E-5
32031,8.6755E-5
32032,8.0845E-5
32033,7.8169E-5
32034,5.6502E-5
32035,6.6559E-5
32036,8.8686E-5
32037,6.4239E-5
32038,6.5486E-5
32039,6.4801E-5
32040,7.468E-5
32041,4.7414E-5
32042,5.8572E-5
32043,7.1208E-5
32044,5.0146E-5
32045,6.5715E-5
32046,9.3094E-5
32047,6.9774E-5
32048,8.4915E-5
32049,4.4117E-5
32050,7.787E-5
32051,2.7015E-5
32052,5.0404E-5
32053,4.0605E-5
32054,8.3497E-5
32055,5.3702E-5
32056,7.8895E-5
32057,4.4795E-5
32058,5.6619E-5
32059,5.1606E-5
32060,4.788E-5
32061,7.2666E-5
32062,5.4386E-5
32063,1.7094E-5
32064,9.0623E-5
32065,9.5261E-5
32066,8.8337E-5
32067,6.4477E-5
32068,6.879E-5
32069,5.6023E-5
32070,5.1568E-5
32071,6.0827E-5
32072,7.7914E-5
32073,8.194E-5
32074,6.9454E-5
32075,3.6665E-5
32076,1.6432E-5
32077,7.0088E-5
32078,6.2607E-5
32079,7.6388E-5
32080,1.8592E-5
32081,4.3973E-5
32082,1.2495E-4
32083,8.4888E-5
32084,5.0149E-5
32085,5.4733E-5
32086,6.3864E-5
32087,3.4293E-5
32088,7.506E-5
32089,5.1003E-5
32090,5.5054E-5
32091,3.7287E-5
32092,6.9159E-5
32093,8.6973E-5
32094,7.816E-5
32095,6.2918E-5
32096,5.9714E-5
32097,4.4836E-5
32098,2.6096E-5
32099,8.5412E-5
32100,0.034565732
32101,6.4666E-5
32102,6.6914E-5
32103,5.7352E-5
32104,1.04428E-4
32105,3.4981E-5
32106,6.57E-5
32107,8.0507E-5
32108,7.8651E-5
32109,5.0392E-5
32110,1.04815E-4
32111,8.6151E-5
32112,8.9234E-5
32113,4.1876E-5
32114,7.9846E-5
32115,6.185E-5
32116,6.2901E-5
32117,3.0045E-5
32118,9.6436E-5
32119,3.44E-5
32120,6.8139E-5
32121,1.15982E-4
32122,5.1003E-5
32123,6.2051E-5
32124,6.9595E-5
32125,4.8599E-5
32126,7.2719E-5
32127,4.6404E-5
32128,5.8298E-5
32129,5.7909E-5
32130,6.6801E-5
32131,9.8461E-5
32132,8.0759E-5
32133,6.844E-5
32134,2.8942E-5
32135,5.8921E-5
32136,7.5822E-5
32137,3.0248E-5
32138,7.1631E-5
32139,8.4791E-5
32140,9.5285E-5
32141,1.6756E-5
32142,6.0338E-5
32143,7.7553E-5
32144,6.3491E-5
32145,1.06126E-4
32146,5.7942E-5
32147,4.735E-5
32148,6.992E-5
32149,6.9828E-5
32150,3.981E-5
32151,6.3309E-5
32152,7.7625E-5
32153,4.0769E-5
32154,7.1477E-5
32155,5.102E-5
32156,7.3458E-5
32157,6.7002E-5
32158,6.4986E-5
32159,4.6614E-5
32160,2.5473E-5
32161,6.3752E-5
32162,7.0911E-5
32163,6.6131E-5
32164,6.11E-5
32165,6.9367E-5
32166,4.7666E-5
32167,4.7209E-5
32168,3.7905E-5
32169,7.1852E-5
32170,4.3096E-5
32171,6.4667E-5
32172,5.6215E-5
32173,4.8694E-5
32174,3.846E-5
32175,1.05669E-4
32176,9.6924E-5
32177,6.9434E-5
32178,9.2527E-5
32179,7.0928E-5
32180,5.8324E-5
32181,7.773E-5
32182,8.4362E-5
32183,6.763E-5
32184,7.5525E-5
32185,4.8382E-5
32186,6.1132E-5
32187,3.2763E-5
32188,5.8763E-5
32189,8.1645E-5
32190,8.1322E-5
32191,7.3097E-5
32192,8.6928E-5
32193,9.8229E-5
32194,6.1133E-5
32195,7.0265E-5
32196,5.2341E-5
32197,5.4257E-5
32198,4.994E-5
32199,4.8159E-5
32200,2.5259E-5
32201,6.3414E-5
32202,7.4429E-5
32203,9.1887E-5
32204,7.4815E-5
32205,5.581E-5
32206,1.1578E-4
32207,6.5445E-5
32208,6.4131E-5
32209,6.3917E-5
32210,2.6236E-5
32211,2.7002E-5
32212,3.6553E-5
32213,6.5677E-5
32214,8.8046E-5
32215,0.00574053
32216,8.6213E-5
32217,1.13124E-4
32218,4.9142E-5
32219,7.8109E-5
32220,4.645E-5
32221,5.8602E-5
32222,5.1022E-5
32223,5.8273E-5
32224,1.08378E-4
32225,8.5955E-5
32226,8.0272E-5
32227,6.3474E-5
32228,5.9145E-5
32229,6.8666E-5
32230,4.1414E-5
32231,5.8626E-5
32232,8.5404E-5
32233,9.8491E-5
32234,7.0123E-5
32235,8.5813E-5
32236,8.2564E-5
32237,5.4089E-5
32238,7.2181E-5
32239,5.0129E-5
32240,7.125E-5
32241,7.7701E-5
32242,7.4145E-5
32243,1.0918E-4
32244,8.1565E-5
32245,1.16111E-4
32246,7.4428E-5
32247,4.337E-5
32248,7.4149E-5
32249,6.4924E-5
32250,4.3104E-5
32251,8.356E-5
32252,6.1965E-5
32253,8.5383E-5
32254,3.3471E-5
32255,6.0533E-5
32256,1.14386E-4
32257,7.7677E-5
32258,6.9667E-5
32259,0.041658377
32260,8.1697E-5
32261,4.7351E-5
32262,4.3525E-5
32263,6.7842E-5
32264,5.1645E-5
32265,8.7214E-5
32266,7.621E-5
32267,8.0714E-5
32268,3.3616E-5
32269,5.8974E-5
32270,5.9812E-5
32271,5.9123E-5
32272,4.21E-5
32273,9.1287E-5
32274,2.5969E-5
32275,5.4382E-5
32276,5.9229E-5
32277,8.3775E-5
32278,7.227E-5
32279,6.2719E-5
32280,6.9689E-5
32281,6.609E-5
32282,8.6034E-5
32283,8.0141E-5
32284,6.0141E-5
32285,1.03365E-4
32286,8.2025E-5
32287,7.9413E-5
32288,7.3794E-5
32289,9.3871E-5
32290,4.8072E-5
32291,4.006E-5
32292,7.1422E-5
32293,7.8342E-5
32294,5.5074E-5
32295,0.007433303
32296,8.2332E-5
32297,8.9912E-5
32298,5.3546E-5
32299,6.9817E-5
32300,7.8714E-5
32301,7.7368E-5
32302,6.462E-5
32303,5.6787E-5
32304,2.2409E-5
32305,1.11715E-4
32306,7.2434E-5
32307,7.5703E-5
32308,5.6214E-5
32309,5.3238E-5
32310,5.9008E-5
32311,6.9378E-5
32312,2.9251E-5
32313,5.2479E-5
32314,4.799E-5
32315,6.3651E-5
32316,9.7413E-5
32317,2.5973E-5
32318,7.4689E-5
32319,3.9984E-5
32320,1.4004E-5
32321,8.6491E-5
32322,6.2239E-5
32323,4.7826E-5
32324,5.4818E-5
32325,8.9533E-5
32326,7.9889E-5
32327,6.9662E-5
32328,5.7064E-5
32329,8.0596E-5
32330,4.5694E-5
32331,8.2612E-5
32332,5.1279E-5
32333,4.6396E-5
32334,7.6604E-5
32335,1.00824E-4
32336,5.8506E-5
32337,8.578E-5
32338,5.4575E-5
32339,7.0389E-5
32340,5.3563E-5
32341,8.1074E-5
32342,6.695E-5
32343,9.611E-5
32344,1.00807E-4
32345,5.384E-5
32346,4.741E-5
32347,6.3266E-5
32348,6.8051E-5
32349,9.3347E-5
32350,5.3505E-5
32351,5.6865E-5
32352,4.7736E-5
32353,4.3905E-5
32354,3.6575E-5
32355,4.6944E-5
32356,5.0352E-5
32357,4.9139E-5
32358,6.4048E-5
32359,4.8384E-5
32360,7.9363E-5
32361,8.7389E-5
32362,5.5946E-5
32363,3.6955E-5
32364,6.2655E-5
32365,8.5314E-5
32366,4.8379E-5
32367,6.991E-5
32368,5.8566E-5
32369,5.6262E-5
32370,0.014659913
32371,4.3077E-5
32372,6.2447E-5
32373,7.2668E-5
32374,5.9862E-5
32375,8.889E-5
32376,5.6475E-5
32377,5.0792E-5
32378,5.9597E-5
32379,7.6287E-5
32380,6.3261E-5
32381,6.2932E-5
32382,7.631E-5
32383,6.8174E-5
32384,5.4309E-5
32385,8.4292E-5
32386,8.2055E-5
32387,5.0379E-5
32388,4.2295E-5
32389,6.084E-5
32390,4.9517E-5
32391,8.2845E-5
32392,3.7835E-5
32393,1.2247E-5
32394,4.7377E-5
32395,8.5632E-5
32396,3.8689E-5
32397,3.5746E-5
32398,1.03056E-4
32399,3.6843E-5
32400,4.3478E-5
32401,4.9715E-5
32402,6.0803E-5
32403,6.0482E-5
32404,7.3138E-5
32405,6.2253E-5
32406,3.5174E-5
32407,5.953E-5
32408,1.04974E-4
32409,6.1242E-5
32410,5.7139E-5
32411,4.3331E-5
32412,6.8875E-5
32413,8.4381E-5
32414,4.1016E-5
32415,6.9784E-5
32416,6.398E-5
32417,7.9844E-5
32418,5.0405E-5
32419,8.4133E-5
32420,6.5622E-5
32421,4.8894E-5
32422,5.1114E-5
32423,6.9541E-5
32424,5.9228E-5
32425,4.4466E-5
32426,8.0603E-5
32427,6.6409E-5
32428,5.1078E-5
32429,7.4705E-5
32430,5.2737E-5
32431,4.6784E-5
32432,8.8788E-5
32433,6.749E-5
32434,3.991E-5
32435,6.4849E-5
32436,6.2297E-5
32437,6.2938E-5
32438,4.6975E-5
32439,4.3543E-5
32440,9.0753E-5
32441,5.9129E-5
32442,6.5969E-5
32443,9.2144E-5
32444,4.3053E-5
32445,4.8064E-5
32446,1.08758E-4
32447,8.9366E-5
32448,8.5066E-5
32449,4.6269E-5
32450,5.9409E-5
32451,7.9814E-5
32452,5.8545E-5
32453,8.1233E-5
32454,8.0692E-5
32455,6.8415E-5
32456,2.7968E-5
32457,6.9347E-5
32458,9.2937E-5
32459,5.8039E-5
32460,9.2973E-5
32461,6.8166E-5
32462,6.1047E-5
32463,3.2279E-5
32464,6.4025E-5
32465,8.9161E-5
32466,4.4556E-5
32467,6.4695E-5
32468,7.4322E-5
32469,6.2654E-5
32470,8.3431E-5
32471,6.7318E-5
32472,9.8894E-5
32473,5.1189E-5
32474,7.143E-5
32475,8.4861E-5
32476,4.2421E-5
32477,1.5563E-5
32478,5.3896E-5
32479,4.3117E-5
32480,5.68E-5
32481,7.9465E-5
32482,4.8247E-5
32483,7.4307E-5
32484,6.8242E-5
32485,4.4671E-5
32486,5.1462E-5
32487,3.6543E-5
32488,7.2016E-5
32489,6.9835E-5
32490,5.3175E-5
32491,1.7091E-5
32492,7.7392E-5
32493,9.5913E-5
32494,7.3572E-5
32495,6.0561E-5
32496,5.8286E-5
32497,5.8413E-5
32498,9.9941E-5
32499,6.1033E-5
32500,8.1626E-5
32501,6.3491E-5
32502,3.4078E-5
32503,2.89E-5
32504,6.5979E-5
32505,6.9798E-5
32506,6.5634E-5
32507,6.3939E-5
32508,5.6176E-5
32509,5.5856E-5
32510,6.16E-5
32511,9.2017E-5
32512,5.299E-5
32513,2.3368E-5
32514,8.0748E-5
32515,5.4529E-5
32516,5.0842E-5
32517,6.969E-5
32518,1.10321E-4
32519,7.3892E-5
32520,8.1538E-5
32521,4.3756E-5
32522,5.1962E-5
32523,6.7076E-5
32524,5.8118E-5
32525,1.07226E-4
32526,4.7236E-5
32527,8.9966E-5
32528,6.4972E-5
32529,7.5894E-5
32530,5.6517E-5
32531,5.6717E-5
32532,6.6181E-5
32533,4.4115E-5
32534,7.6674E-5
32535,9.0012E-5
32536,5.0125E-5
32537,3.3917E-5
32538,7.2036E-5
32539,2.8535E-5
32540,1.11967E-4
32541,6.8253E-5
32542,4.8806E-5
32543,5.9672E-5
32544,7.3238E-5
32545,7.6645E-5
32546,6.0232E-5
32547,5.2184E-5
32548,6.4847E-5
32549,4.7643E-5
32550,5.8501E-5
32551,4.746E-5
32552,8.465E-5
32553,6.8373E-5
32554,6.9577E-5
32555,3.3726E-5
32556,7.1421E-5
32557,3.5143E-5
32558,3.4601E-5
32559,2.1861E-5
32560,3.4253E-5
32561,9.9667E-5
32562,4.0666E-5
32563,9.0292E-5
32564,2.1559E-5
32565,6.8219E-5
32566,6.4184E-5
32567,3.0046E-5
32568,6.7604E-5
32569,7.285E-5
32570,7.3039E-5
32571,3.2058E-5
32572,4.3375E-5
32573,5.7071E-5
32574,3.3606E-5
32575,1.20197E-4
32576,8.4711E-5
32577,3.1684E-5
32578,6.9976E-5
32579,7.0047E-5
32580,5.334E-5
32581,6.7239E-5
32582,5.0483E-5
32583,5.9861E-5
32584,6.6886E-5
32585,5.8766E-5
32586,5.1217E-5
32587,7.3948E-5
32588,7.3469E-5
32589,6.4788E-5
32590,1.5024E-5
32591,6.298E-5
32592,6.6265E-5
32593,3.4525E-5
32594,7.3073E-5
32595,6.2271E-5
32596,6.0278E-5
32597,2.3693E-5
32598,6.0254E-5
32599,7.3858E-5
32600,7.8645E-5
32601,7.8208E-5
32602,5.6201E-5
32603,4.1965E-5
32604,5.5149E-5
32605,5.0805E-5
32606,7.5946E-5
32607,5.2934E-5
32608,7.5507E-5
32609,7.3772E-5
32610,7.8549E-5
32611,3.7486E-5
32612,8.8822E-5
32613,0.001076401
32614,4.8608E-5
32615,5.2936E-5
32616,5.4604E-5
32617,6.5346E-5
32618,4.0881E-5
32619,6.9913E-5
32620,5.8655E-5
32621,6.4034E-5
32622,1.6274E-5
32623,7.9199E-5
32624,9.7225E-5
32625,6.3498E-5
32626,8.7519E-5
32627,1.7302E-5
32628,5.0685E-5
32629,2.9141E-5
32630,6.9356E-5
32631,7.9465E-5
32632,8.0392E-5
32633,4.166E-5
32634,5.085E-5
32635,6.508E-5
32636,5.3913E-5
32637,9.0412E-5
32638,8.4701E-5
32639,4.1557E-5
32640,5.7778E-5
32641,4.3669E-5
32642,8.6885E-5
32643,7.2297E-5
32644,5.5607E-5
32645,1.03871E-4
32646,6.9031E-5
32647,3.5339E-5
32648,8.1816E-5
32649,7.6594E-5
32650,4.6103E-5
32651,8.7672E-5
32652,8.6793E-5
32653,7.0369E-5
32654,3.4556E-5
32655,3.0709E-5
32656,8.5974E-5
32657,7.7642E-5
32658,4.1297E-5
32659,7.2886E-5
32660,7.0688E-5
32661,8.2577E-5
32662,6.4505E-5
32663,8.8346E-5
32664,7.484E-5
32665,1.01276E-4
32666,3.3784E-5
32667,3.3109E-5
32668,6.7852E-5
32669,4.7268E-5
32670,3.5175E-5
32671,5.5166E-5
32672,7.2082E-5
32673,4.4011E-5
32674,1.01127E-4
32675,5.4261E-5
32676,1.13705E-4
32677,3.5286E-5
32678,6.7887E-5
32679,9.0855E-5
32680,4.2777E-5
32681,6.638E-5
32682,7.0931E-5
32683,7.4392E-5
32684,5.3038E-5
32685,6.4699E-5
32686,5.4308E-5
32687,5.0385E-5
32688,7.0514E-5
32689,6.0304E-5
32690,4.7878E-5
32691,2.4665E-5
32692,3.7085E-5
32693,5.4915E-5
32694,6.9882E-5
32695,5.343E-5
32696,4.5078E-5
32697,5.399E-5
32698,9.4323E-5
32699,5.4156E-5
32700,4.8168E-5
32701,8.1396E-5
32702,6.627E-5
32703,2.4015E-5
32704,6.633E-5
32705,1.8016E-5
32706,3.7695E-5
32707,5.3498E-5
32708,6.6761E-5
32709,6.4074E-5
32710,4.836E-5
32711,8.5783E-5
32712,8.0357E-5
32713,6.1133E-5
32714,5.9867E-5
32715,5.7564E-5
32716,5.1628E-5
32717,7.626E-5
32718,3.7333E-5
32719,5.4096E-5
32720,7.7347E-5
32721,6.2895E-5
32722,8.1096E-5
32723,8.119E-5
32724,7.6083E-5
32725,6.3538E-5
32726,5.8999E-5
32727,5.8034E-5
32728,8.3335E-5
32729,4.0736E-5
32730,5.0478E-5
32731,5.396E-5
32732,7.786E-5
32733,1.05747E-4
32734,6.437E-5
32735,4.565E-5
32736,4.051E-5
32737,7.8212E-5
32738,7.2551E-5
32739,8.9616E-5
32740,5.2821E-5
32741,4.1228E-5
32742,5.9798E-5
32743,8.1974E-5
32744,8.0713E-5
32745,4.1117E-5
32746,7.0318E-5
32747,6.5694E-5
32748,7.3212E-5
32749,5.7112E-5
32750,9.8434E-5
32751,4.54955E-4
32752,6.7825E-5
32753,7.6658E-5
32754,4.3256E-5
32755,5.9322E-5
32756,5.4859E-5
32757,7.3841E-5
32758,1.04149E-4
32759,7.6999E-5
32760,8.2002E-5
32761,9.1143E-5
32762,9.9022E-5
32763,2.1493E-5
32764,8.852E-5
32765,7.0704E-5
32766,5.5913E-5
32767,5.465E-5
32768,9.0507E-5
32769,8.4827E-5
32770,6.4097E-5
32771,6.4633E-5
32772,4.6329E-5
32773,2.5576E-5
32774,6.6082E-5
32775,6.285E-5
32776,5.49E-5
32777,5.6713E-5
32778,6.7844E-5
32779,7.5914E-5
32780,5.3403E-5
32781,3.9196E-5
32782,8.1914E-5
32783,8.8144E-5
32784,4.2124E-5
32785,7.0682E-5
32786,8.2255E-5
32787,4.6932E-5
32788,3.4061E-5
32789,5.051E-5
32790,9.5776E-5
32791,5.8232E-5
32792,6.9607E-5
32793,8.1567E-5
32794,7.2371E-5
32795,0.006600753
32796,6.4864E-5
32797,7.9916E-5
32798,9.3476E-5
32799,7.4675E-5
32800,7.1194E-5
32801,7.9688E-5
32802,7.6741E-5
32803,5.3391E-5
32804,6.5556E-5
32805,3.1116E-5
32806,8.7936E-5
32807,5.3256E-5
32808,5.3067E-5
32809,8.9893E-5
32810,5.8231E-5
32811,4.2252E-5
32812,5.9343E-5
32813,4.673E-5
32814,5.5245E-5
32815,1.17122E-4
32816,6.4431E-5
32817,7.0409E-5
32818,1.03259E-4
32819,7.0147E-5
32820,3.5266E-5
32821,6.9943E-5
32822,4.1659E-5
32823,3.7731E-5
32824,4.2497E-5
32825,6.6487E-5
32826,5.5737E-5
32827,9.0204E-5
32828,7.5624E-5
32829,5.4977E-5
32830,4.9968E-5
32831,7.0048E-5
32832,5.9827E-5
32833,8.1941E-5
32834,5.6012E-5
32835,1.0684E-4
32836,7.3396E-5
32837,1.00246E-4
32838,4.0625E-5
32839,7.6224E-5
32840,9.3482E-5
32841,3.907E-5
32842,3.7942E-5
32843,4.7693E-5
32844,8.3649E-5
32845,9.1988E-5
32846,5.878E-5
32847,9.355E-5
32848,7.6188E-5
32849,1.08328E-4
32850,9.3585E-5
32851,5.8046E-5
32852,8.9771E-5
32853,4.4733E-5
32854,9.0056E-5
32855,4.8463E-5
32856,6.0979E-5
32857,7.082E-5
32858,7.1032E-5
32859,7.298E-5
32860,9.1465E-5
32861,5.957E-5
32862,6.3419E-5
32863,9.7189E-5
32864,9.4608E-5
32865,6.7747E-5
32866,8.6853E-5
32867,2.7359E-5
32868,9.4183E-5
32869,4.4385E-5
32870,3.6943E-5
32871,4.0121E-5
32872,5.9192E-5
32873,3.2823E-5
32874,6.5106E-5
32875,8.9736E-5
32876,1.12634E-4
32877,3.7694E-5
32878,6.2773E-5
32879,6.0672E-5
32880,8.7165E-5
32881,5.2732E-5
32882,8.2007E-5
32883,6.3474E-5
32884,5.4991E-5
32885,4.1378E-5
32886,9.1257E-5
32887,2.9539E-5
32888,6.3449E-5
32889,5.3636E-5
32890,6.1062E-5
32891,7.4458E-5
32892,6.7932E-5
32893,1.14404E-4
32894,7.7757E-5
32895,7.5362E-5
32896,6.5704E-5
32897,8.9471E-5
32898,9.8757E-5
32899,7.2944E-5
32900,6.902E-5
32901,7.3187E-5
32902,7.764E-5
32903,9.3722E-5
32904,5.4473E-5
32905,7.063E-5
32906,6.5696E-5
32907,7.419E-5
32908,8.692E-5
32909,7.4765E-5
32910,6.6028E-5
32911,1.0219E-4
32912,1.15524E-4
32913,3.8559E-5
32914,4.2759E-5
32915,2.2107E-5
32916,7.4331E-5
32917,8.168E-5
32918,5.0122E-5
32919,8.8193E-5
32920,7.6859E-5
32921,6.8172E-5
32922,6.9985E-5
32923,5.7596E-5
32924,8.844E-5
32925,2.5062E-5
32926,9.7852E-5
32927,4.2643E-5
32928,5.0078E-5
32929,7.5514E-5
32930,8.5002E-5
32931,6.4571E-5
32932,7.18E-5
32933,5.8319E-5
32934,9.8717E-5
32935,2.4557E-5
32936,0.018208748
32937,4.3628E-5
32938,5.7423E-5
32939,7.7827E-5
32940,5.2754E-5
32941,6.3262E-5
32942,3.2469E-5
32943,9.3762E-5
32944,5.2665E-5
32945,4.8912E-5
32946,5.2934E-5
32947,4.2929E-5
32948,4.619E-5
32949,6.5979E-5
32950,4.9157E-5
32951,8.4041E-5
32952,7.3243E-5
32953,8.0648E-5
32954,9.6687E-5
32955,5.6143E-5
32956,1.3777E-5
32957,5.2003E-5
32958,8.8172E-5
32959,1.18767E-4
32960,9.064E-5
32961,3.0604E-5
32962,7.8491E-5
32963,9.225E-5
32964,9.9312E-5
32965,5.8625E-5
32966,1.02089E-4
32967,7.9756E-5
32968,3.968E-5
32969,6.6119E-5
32970,6.0175E-5
32971,1.09695E-4
32972,8.573E-5
32973,6.0461E-5
32974,3.8497E-5
32975,5.6052E-5
32976,3.9238E-5
32977,6.6521E-5
32978,6.7942E-5
32979,7.0141E-5
32980,8.5277E-5
32981,1.31008E-4
32982,4.5309E-5
32983,8.2465E-5
32984,6.7189E-5
32985,5.7708E-5
32986,3.5431E-5
32987,4.4896E-5
32988,4.9637E-5
32989,8.8503E-5
32990,3.8468E-5
32991,5.97E-5
32992,8.0997E-5
32993,4.9492E-5
32994,7.4842E-5
32995,8.4248E-5
32996,6.4751E-5
32997,5.1302E-5
32998,5.862E-5
32999,7.7447E-5
33000,8.0881E-5
33001,7.2924E-5
33002,7.3737E-5
33003,7.0626E-5
33004,6.5942E-5
33005,8.9084E-5
33006,5.4365E-5
33007,6.745E-5
33008,7.6888E-5
33009,8.1884E-5
33010,3.7308E-5
33011,5.776E-5
33012,4.6804E-5
33013,9.7179E-5
33014,7.6318E-5
33015,5.6741E-5
33016,7.1466E-5
33017,3.662E-5
33018,4.9664E-5
33019,4.357E-5
33020,3.4269E-5
33021,5.4626E-5
33022,1.00498E-4
33023,4.9552E-5
33024,6.419E-5
33025,7.2949E-5
33026,6.7842E-5
33027,9.7643E-5
33028,6.3853E-5
33029,6.78E-5
33030,5.204E-5
33031,2.2603E-5
33032,9.9352E-5
33033,4.9973E-5
33034,5.6236E-5
33035,6.9259E-5
33036,4.9862E-5
33037,3.9088E-5
33038,3.7647E-5
33039,4.2179E-5
33040,3.2851E-5
33041,4.2921E-5
33042,6.5283E-5
33043,6.9179E-5
33044,6.4605E-5
33045,9.8362E-5
33046,1.02023E-4
33047,7.2135E-5
33048,7.372E-5
33049,6.3874E-5
33050,7.3595E-5
33051,7.5379E-5
33052,7.2929E-5
33053,4.7634E-5
33054,6.5621E-5
33055,6.2527E-5
33056,7.4378E-5
33057,7.0738E-5
33058,2.869E-5
33059,8.5326E-5
33060,6.3595E-5
33061,5.8621E-5
33062,5.3097E-5
33063,7.4134E-5
33064,4.9566E-5
33065,5.8042E-5
33066,7.9481E-5
33067,5.3667E-5
33068,6.5254E-5
33069,8.9162E-5
33070,5.5213E-5
33071,5.4358E-5
33072,6.6779E-5
33073,8.2639E-5
33074,3.5499E-5
33075,4.2426E-5
33076,9.342E-5
33077,6.7718E-5
33078,6.4532E-5
33079,6.6645E-5
33080,5.5937E-5
33081,1.02743E-4
33082,9.4685E-5
33083,6.0636E-5
33084,1.19698E-4
33085,7.7714E-5
33086,6.6516E-5
33087,5.5185E-5
33088,9.545E-5
33089,5.4445E-5
33090,9.4304E-5
33091,3.2363E-5
33092,6.4795E-5
33093,4.585E-5
33094,3.8069E-5
33095,7.8584E-5
33096,5.008E-5
33097,4.6142E-5
33098,4.1951E-5
33099,8.165E-5
33100,4.9632E-5
33101,6.5899E-5
33102,6.1059E-5
33103,6.3621E-5
33104,5.5119E-5
33105,5.055E-5
33106,7.3082E-5
33107,4.9559E-5
33108,7.2721E-5
33109,6.9437E-5
33110,8.9629E-5
33111,6.9188E-5
33112,8.8034E-5
33113,8.1607E-5
33114,8.6914E-5
33115,4.1645E-5
33116,3.659E-5
33117,7.4222E-5
33118,4.419E-5
33119,7.137E-5
33120,5.921E-5
33121,7.5343E-5
33122,7.0243E-5
33123,5.6793E-5
33124,7.1812E-5
33125,7.0473E-5
33126,4.2797E-5
33127,6.583E-5
33128,9.9779E-5
33129,6.4651E-5
33130,8.6213E-5
33131,6.2689E-5
33132,7.1184E-5
33133,6.0219E-5
33134,5.6868E-5
33135,7.5382E-5
33136,5.6499E-5
33137,7.7956E-5
33138,4.7011E-5
33139,8.5025E-5
33140,9.0247E-5
33141,5.1251E-5
33142,4.6135E-5
33143,6.9654E-5
33144,2.3914E-5
33145,5.6161E-5
33146,7.8006E-5
33147,6.5311E-5
33148,5.2642E-5
33149,8.2384E-5
33150,8.1489E-5
33151,9.6361E-5
33152,7.4096E-5
33153,8.1218E-5
33154,4.9709E-5
33155,8.0441E-5
33156,4.0624E-5
33157,5.6756E-5
33158,5.5521E-5
33159,7.0297E-5
33160,8.0971E-5
33161,0.060878728
33162,6.7653E-5
33163,6.8174E-5
33164,3.6444E-5
33165,5.9796E-5
33166,9.7089E-5
33167,5.7335E-5
33168,6.681E-5
33169,9.1748E-5
33170,5.6858E-5
33171,6.3795E-5
33172,6.424E-5
33173,5.6552E-5
33174,6.7238E-5
33175,3.8506E-5
33176,4.8134E-5
33177,1.25838E-4
33178,9.1258E-5
33179,8.1392E-5
33180,8.8371E-5
33181,4.6546E-5
33182,6.8599E-5
33183,5.0525E-5
33184,3.5294E-5
33185,8.1915E-5
33186,4.7583E-5
33187,6.5728E-5
33188,5.9478E-5
33189,8.9657E-5
33190,7.16E-5
33191,7.5738E-5
33192,5.5893E-5
33193,6.3461E-5
33194,4.8822E-5
33195,4.595E-5
33196,5.7219E-5
33197,1.04122E-4
33198,6.8785E-5
33199,5.4164E-5
33200,7.2043E-5
33201,5.219E-5
33202,9.2014E-5
33203,7.9677E-5
33204,7.3085E-5
33205,5.3642E-5
33206,7.5242E-5
33207,8.4913E-5
33208,5.7967E-5
33209,7.755E-5
33210,6.8914E-5
33211,3.231E-5
33212,4.1109E-5
33213,6.4782E-5
33214,6.4563E-5
33215,7.8688E-5
33216,4.8041E-5
33217,3.7387E-5
33218,6.3646E-5
33219,4.2913E-5
33220,5.2823E-5
33221,6.4288E-5
33222,6.8122E-5
33223,5.1981E-5
33224,2.1457E-5
33225,1.01363E-4
33226,8.7034E-5
33227,6.7336E-5
33228,5.5434E-5
33229,3.1481E-5
33230,6.5982E-5
33231,1.00285E-4
33232,4.3105E-5
33233,8.3363E-5
33234,9.3602E-5
33235,3.7898E-5
33236,5.6051E-5
33237,9.9742E-5
33238,7.4071E-5
33239,5.2102E-5
33240,9.3589E-5
33241,6.3399E-5
33242,7.7994E-5
33243,6.8325E-5
33244,5.7655E-5
33245,7.9981E-5
33246,8.1935E-5
33247,5.7857E-5
33248,5.4098E-5
33249,7.8147E-5
33250,4.4699E-5
33251,8.8381E-5
33252,6.932E-5
33253,6.4397E-5
33254,5.579E-5
33255,5.4403E-5
33256,7.3168E-5
33257,6.9507E-5
33258,5.9676E-5
33259,1.16371E-4
33260,8.5243E-5
33261,5.4826E-5
33262,5.9663E-5
33263,4.281E-5
33264,4.9002E-5
33265,6.5081E-5
33266,8.6414E-5
33267,5.9575E-5
33268,7.9062E-5
33269,1.0957E-4
33270,7.4511E-5
33271,4.9115E-5
33272,4.6777E-5
33273,7.2157E-5
33274,9.9554E-5
33275,8.6975E-5
33276,7.1359E-5
33277,6.301E-5
33278,8.8632E-5
33279,7.1514E-5
33280,6.1012E-5
33281,8.0314E-5
33282,4.5792E-5
33283,6.5529E-5
33284,6.4506E-5
33285,7.4161E-5
33286,8.2579E-5
33287,6.3106E-5
33288,7.0503E-5
33289,9.0324E-5
33290,7.3149E-5
33291,4.5855E-5
33292,8.0197E-5
33293,7.6635E-5
33294,7.0987E-5
33295,8.2235E-5
33296,6.5671E-5
33297,5.4311E-5
33298,7.7009E-5
33299,1.17449E-4
33300,7.8374E-5
33301,4.643E-5
33302,8.7636E-5
33303,4.9492E-5
33304,5.9242E-5
33305,3.9646E-5
33306,7.2681E-5
33307,6.5283E-5
33308,7.0754E-5
33309,7.8521E-5
33310,5.9404E-5
33311,2.0883E-5
33312,1.15334E-4
33313,8.7873E-5
33314,8.0341E-5
33315,6.5112E-5
33316,4.1915E-5
33317,8.3008E-5
33318,6.362E-5
33319,8.4838E-5
33320,6.3491E-5
33321,6.5755E-5
33322,6.6431E-5
33323,5.0326E-5
33324,6.6672E-5
33325,7.6749E-5
33326,7.9649E-5
33327,7.1981E-5
33328,7.3892E-5
33329,5.9008E-5
33330,8.3562E-5
33331,8.1044E-5
33332,8.3406E-5
33333,6.7334E-5
33334,7.377E-5
33335,6.1696E-5
33336,2.9001E-5
33337,6.1458E-5
33338,3.3178E-5
33339,7.5099E-5
33340,7.8749E-5
33341,7.3478E-5
33342,5.5533E-5
33343,5.401E-5
33344,9.451E-5
33345,7.0703E-5
33346,7.5555E-5
33347,7.2071E-5
33348,1.27188E-4
33349,1.17562E-4
33350,6.4401E-5
33351,7.4245E-5
33352,3.5155E-5
33353,7.1637E-5
33354,4.4059E-5
33355,6.7778E-5
33356,5.5134E-5
33357,6.0758E-5
33358,8.1981E-5
33359,4.4747E-5
33360,7.5078E-5
33361,7.3619E-5
33362,6.4657E-5
33363,1.12693E-4
33364,4.1709E-5
33365,8.5043E-5
33366,7.0132E-5
33367,6.9442E-5
33368,1.00369E-4
33369,5.9215E-5
33370,6.8338E-5
33371,1.12592E-4
33372,3.1898E-5
33373,8.5266E-5
33374,4.6614E-5
33375,7.703E-5
33376,7.807E-5
33377,6.5703E-5
33378,2.2249E-5
33379,4.0016E-5
33380,8.2198E-5
33381,5.2012E-5
33382,6.2097E-5
33383,7.7131E-5
33384,1.9467E-5
33385,6.6096E-5
33386,6.1806E-5
33387,4.2441E-5
33388,9.6299E-5
33389,7.3219E-5
33390,3.1537E-5
33391,7.8809E-5
33392,5.5217E-5
33393,5.5226E-5
33394,2.1014E-5
33395,6.8918E-5
33396,9.6649E-5
33397,7.493E-5
33398,7.6036E-5
33399,7.647E-5
33400,7.1823E-5
33401,6.054E-5
33402,6.4759E-5
33403,7.4761E-5
33404,7.1007E-5
33405,5.348E-5
33406,4.7526E-5
33407,3.4072E-5
33408,6.488E-5
33409,5.9962E-5
33410,3.3086E-5
33411,6.9901E-5
33412,5.0113E-5
33413,6.3173E-5
33414,5.1384E-5
33415,7.1326E-5
33416,6.526E-5
33417,5.1737E-5
33418,1.9643E-5
33419,8.8881E-5
33420,5.248E-5
33421,8.8091E-5
33422,5.3436E-5
33423,1.17915E-4
33424,6.0801E-5
33425,5.7796E-5
33426,7.1425E-5
33427,8.5373E-5
33428,6.8781E-5
33429,8.255E-5
33430,7.5059E-5
33431,7.167E-5
33432,4.9359E-5
33433,6.828E-5
33434,5.3263E-5
33435,3.7375E-5
33436,5.7682E-5
33437,4.69E-5
33438,8.6301E-5
33439,1.02842E-4
33440,7.4687E-5
33441,5.3359E-5
33442,6.6998E-5
33443,8.205E-5
33444,3.872E-5
33445,9.0279E-5
33446,5.0049E-5
33447,4.247E-5
33448,6.098E-5
33449,8.7824E-5
33450,6.9293E-5
33451,8.7199E-5
33452,9.9266E-5
33453,5.3273E-5
33454,5.555E-5
33455,7.5654E-5
33456,7.077E-5
33457,9.1055E-5
33458,2.5709E-5
33459,4.8163E-5
33460,6.8607E-5
33461,5.0201E-5
33462,4.3114E-5
33463,5.9448E-5
33464,1.01159E-4
33465,6.2904E-5
33466,7.9029E-5
33467,7.4374E-5
33468,5.6034E-5
33469,3.2123E-5
33470,7.2895E-5
33471,9.0005E-5
33472,6.5229E-5
33473,4.2675E-5
33474,1.29644E-4
33475,8.5857E-5
33476,6.3174E-5
33477,8.4325E-5
33478,4.3417E-5
33479,7.4685E-5
33480,1.2825E-5
33481,6.3149E-5
33482,6.5901E-5
33483,6.9424E-5
33484,7.3986E-5
33485,7.6945E-5
33486,7.2433E-5
33487,5.2807E-5
33488,6.839E-5
33489,4.6502E-5
33490,3.0173E-5
33491,5.5527E-5
33492,8.4622E-5
33493,7.5685E-5
33494,3.5575E-5
33495,7.3878E-5
33496,3.2771E-5
33497,5.6744E-5
33498,7.188E-5
33499,5.0677E-5
33500,1.01802E-4
33501,7.6479E-5
33502,4.1098E-5
33503,8.4683E-5
33504,7.6217E-5
33505,6.8407E-5
33506,5.7216E-5
33507,6.5494E-5
33508,8.0517E-5
33509,7.9318E-5
33510,6.6348E-5
33511,6.2469E-5
33512,2.8387E-5
33513,7.1873E-5
33514,3.5647E-5
33515,5.3999E-5
33516,7.4493E-5
33517,4.3492E-5
33518,9.4644E-5
33519,4.8005E-5
33520,5.6098E-5
33521,9.0325E-5
33522,5.1504E-5
33523,6.3895E-5
33524,4.8469E-5
33525,1.12704E-4
33526,8.1966E-5
33527,5.8541E-5
33528,6.5472E-5
33529,9.2789E-5
33530,7.9469E-5
33531,2.8515E-5
33532,8.023E-5
33533,8.464E-5
33534,1.8633E-5
33535,5.716E-5
33536,6.7192E-5
33537,4.7292E-5
33538,7.4203E-5
33539,1.4555E-5
33540,5.5992E-5
33541,4.5577E-5
33542,7.067E-5
33543,8.248E-5
33544,7.7632E-5
33545,7.6803E-5
33546,8.6743E-5
33547,1.08697E-4
33548,5.3113E-5
33549,8.7878E-5
33550,7.0706E-5
33551,6.6416E-5
33552,6.4362E-5
33553,9.8757E-5
33554,7.9077E-5
33555,5.8188E-5
33556,6.8913E-5
33557,7.6915E-5
33558,8.0028E-5
33559,1.1339E-5
33560,9.5006E-5
33561,4.4766E-5
33562,8.5617E-5
33563,5.5346E-5
33564,8.109E-5
33565,7.051E-5
33566,7.7141E-5
33567,6.5147E-5
33568,6.9496E-5
33569,7.0934E-5
33570,6.1137E-5
33571,3.7965E-5
33572,1.11614E-4
33573,7.6486E-5
33574,5.7827E-5
33575,8.629E-5
33576,9.3271E-5
33577,3.9461E-5
33578,8.9525E-5
33579,5.7429E-5
33580,9.5681E-5
33581,5.7731E-5
33582,7.4451E-5
33583,7.2832E-5
33584,8.6949E-5
33585,5.5975E-5
33586,7.1133E-5
33587,6.3652E-5
33588,7.3931E-5
33589,9.2143E-5
33590,6.1419E-5
33591,6.5651E-5
33592,6.4862E-5
33593,7.3535E-5
33594,5.9514E-5
33595,8.7909E-5
33596,7.7289E-5
33597,8.073E-5
33598,6.4878E-5
33599,4.6969E-5
33600,7.5247E-5
33601,8.9135E-5
33602,5.9002E-5
33603,4.6055E-5
33604,5.3822E-5
33605,6.5336E-5
33606,1.0471E-4
33607,6.7583E-5
33608,1.6896E-5
33609,7.7754E-5
33610,7.041E-5
33611,5.8241E-5
33612,5.982E-5
33613,2.7187E-5
33614,7.564E-5
33615,8.403E-5
33616,6.3457E-5
33617,4.3631E-5
33618,7.1924E-5
33619,9.1874E-5
33620,9.4435E-5
33621,5.9654E-5
33622,7.2021E-5
33623,6.5505E-5
33624,9.6161E-5
33625,9.5251E-5
33626,1.0944E-4
33627,7.3319E-5
33628,4.4676E-5
33629,8.7401E-5
33630,7.8635E-5
33631,3.2268E-5
33632,7.5981E-5
33633,8.7282E-5
33634,7.8109E-5
33635,6.8403E-5
33636,9.0991E-5
33637,7.1931E-5
33638,4.3999E-5
33639,7.0753E-5
33640,3.3594E-5
33641,4.7596E-5
33642,8.3581E-5
33643,6.477E-5
33644,8.0152E-5
33645,3.3653E-5
33646,8.0607E-5
33647,7.904E-5
33648,8.2125E-5
33649,6.852E-5
33650,8.5896E-5
33651,9.8795E-5
33652,8.0445E-5
33653,1.05011E-4
33654,6.8052E-5
33655,0.008548201
33656,8.9498E-5
33657,4.6558E-5
33658,4.3067E-5
33659,7.8576E-5
33660,5.9582E-5
33661,6.1944E-5
33662,7.1702E-5
33663,8.6922E-5
33664,9.3946E-5
33665,7.6752E-5
33666,5.7416E-5
33667,4.8484E-5
33668,4.9702E-5
33669,9.6934E-5
33670,2.2731E-5
33671,3.8754E-5
33672,8.776E-5
33673,5.4655E-5
33674,4.0733E-5
33675,3.8348E-5
33676,1.04363E-4
33677,7.291E-5
33678,2.9072E-5
33679,5.213E-5
33680,4.9426E-5
33681,2.4347E-5
33682,1.13153E-4
33683,2.7862E-5
33684,5.8592E-5
33685,4.6989E-5
33686,4.0922E-5
33687,3.9544E-5
33688,5.4301E-5
33689,7.6727E-5
33690,5.0396E-5
33691,2.4586E-5
33692,9.8408E-5
33693,6.3051E-5
33694,8.4886E-5
33695,5.4543E-5
33696,5.5088E-5
33697,8.7333E-5
33698,4.9071E-5
33699,6.9368E-5
33700,5.1959E-5
33701,7.1899E-5
33702,7.4862E-5
33703,5.9719E-5
33704,1.6297E-5
33705,5.9648E-5
33706,6.0764E-5
33707,5.9222E-5
33708,6.9243E-5
33709,8.9669E-5
33710,5.2777E-5
33711,4.7881E-5
33712,3.1639E-5
33713,6.6931E-5
33714,8.7403E-5
33715,6.131E-5
33716,8.7207E-5
33717,4.7126E-5
33718,5.2321E-5
33719,7.8917E-5
33720,7.554E-5
33721,7.4755E-5
33722,8.1262E-5
33723,7.1905E-5
33724,1.013E-4
33725,5.3258E-5
33726,1.02222E-4
33727,5.0519E-5
33728,4.4121E-5
33729,1.16174E-4
33730,6.4133E-5
33731,7.2375E-5
33732,8.2251E-5
33733,6.1886E-5
33734,8.0958E-5
33735,2.3787E-5
33736,6.3785E-5
33737,1.01368E-4
33738,3.8534E-5
33739,5.4125E-5
33740,1.03553E-4
33741,6.3295E-5
33742,4.7652E-5
33743,7.8355E-5
33744,5.4313E-5
33745,6.8888E-5
33746,5.6928E-5
33747,5.6619E-5
33748,5.372E-5
33749,4.62E-5
33750,7.8343E-5
33751,5.676E-5
33752,6.7769E-5
33753,4.947E-5
33754,6.4014E-5
33755,5.4838E-5
33756,5.7101E-5
33757,6.344E-5
33758,0.010264998
33759,9.1704E-5
33760,8.0529E-5
33761,7.9937E-5
33762,4.6029E-5
33763,7.6547E-5
33764,4.1248E-5
33765,6.3461E-5
33766,5.1066E-5
33767,4.5228E-5
33768,7.1029E-5
33769,5.0787E-5
33770,7.2532E-5
33771,5.3211E-5
33772,6.0957E-5
33773,4.8959E-5
33774,8.9223E-5
33775,9.6316E-5
33776,7.6204E-5
33777,8.1578E-5
33778,8.5727E-5
33779,7.5682E-5
33780,1.4537E-5
33781,1.07264E-4
33782,5.2275E-5
33783,4.2015E-5
33784,6.741E-5
33785,4.9073E-5
33786,5.7004E-5
33787,8.9992E-5
33788,5.1209E-5
33789,7.8877E-5
33790,8.7807E-5
33791,4.3394E-5
33792,5.2316E-5
33793,5.6114E-5
33794,5.9653E-5
33795,5.5245E-5
33796,6.6044E-5
33797,6.3746E-5
33798,6.7711E-5
33799,7.7982E-5
33800,6.5167E-5
33801,5.6646E-5
33802,6.2716E-5
33803,7.2738E-5
33804,9.2785E-5
33805,7.0062E-5
33806,3.8725E-5
33807,4.2991E-5
33808,5.4607E-5
33809,5.1553E-5
33810,3.2535E-5
33811,5.8179E-5
33812,5.9649E-5
33813,4.8687E-5
33814,6.9716E-5
33815,3.3686E-5
33816,7.7516E-5
33817,6.5068E-5
33818,5.6571E-5
33819,1.11216E-4
33820,6.9471E-5
33821,6.7454E-5
33822,5.7596E-5
33823,6.4387E-5
33824,6.7498E-5
33825,2.1653E-5
33826,9.095E-5
33827,4.2118E-5
33828,7.1676E-5
33829,7.4978E-5
33830,4.3647E-5
33831,8.6977E-5
33832,9.9285E-5
33833,3.2405E-5
33834,7.9907E-5
33835,6.9699E-5
33836,5.2531E-5
33837,6.3155E-5
33838,5.3208E-5
33839,7.0821E-5
33840,6.0081E-5
33841,8.481E-5
33842,6.9828E-5
33843,6.7389E-5
33844,6.6093E-5
33845,9.9278E-5
33846,4.5945E-5
33847,7.1331E-5
33848,7.6853E-5
33849,8.7698E-5
33850,8.4057E-5
33851,9.2369E-5
33852,7.4974E-5
33853,6.8081E-5
33854,8.0947E-5
33855,8.6928E-5
33856,6.6137E-5
33857,9.9476E-5
33858,3.4894E-5
33859,4.1926E-5
33860,6.0175E-5
33861,5.8824E-5
33862,2.9728E-5
33863,3.8642E-5
33864,1.9704E-5
33865,8.7254E-5
33866,2.5548E-5
33867,7.3411E-5
33868,7.4342E-5
33869,5.8688E-5
33870,8.7373E-5
33871,8.8581E-5
33872,4.2254E-5
33873,5.7596E-5
33874,9.6186E-5
33875,1.24571E-4
33876,8.1978E-5
33877,6.1127E-5
33878,7.3827E-5
33879,3.9739E-5
33880,6.3738E-5
33881,5.3915E-5
33882,4.5879E-5
33883,7.7992E-5
33884,7.1605E-5
33885,5.16E-5
33886,8.2453E-5
33887,8.8194E-5
33888,6.0094E-5
33889,5.4787E-5
33890,3.7336E-5
33891,6.4798E-5
33892,1.08696E-4
33893,5.7673E-5
33894,2.9318E-5
33895,7.549E-5
33896,4.3703E-5
33897,4.2757E-5
33898,3.616E-4
33899,6.211E-5
33900,7.2597E-5
33901,3.664E-5
33902,9.4675E-5
33903,6.8409E-5
33904,6.5188E-5
33905,7.5294E-5
33906,8.0163E-5
33907,5.7258E-5
33908,4.8306E-5
33909,7.0083E-5
33910,7.0588E-5
33911,5.1642E-5
33912,8.6726E-5
33913,5.8365E-5
33914,5.0664E-5
33915,6.1341E-5
33916,1.2135E-4
33917,5.4818E-5
33918,7.8233E-5
33919,6.5072E-5
33920,7.9082E-5
33921,6.9387E-5
33922,6.1311E-5
33923,7.7824E-5
33924,6.1984E-5
33925,5.9821E-5
33926,9.092E-5
33927,6.4124E-5
33928,9.3347E-5
33929,6.9679E-5
33930,1.0241E-4
33931,6.7104E-5
33932,7.3525E-5
33933,5.9809E-5
33934,5.5895E-5
33935,6.3645E-5
33936,6.9703E-5
33937,6.7122E-5
33938,9.4267E-5
33939,9.4223E-5
33940,5.5827E-5
33941,6.1152E-5
33942,8.2658E-5
33943,6.8629E-5
33944,4.6099E-5
33945,7.3273E-5
33946,6.8681E-5
33947,0.003200976
33948,5.8977E-5
33949,6.8156E-5
33950,7.9176E-5
33951,6.4068E-5
33952,9.5932E-5
33953,7.6214E-5
33954,6.6311E-5
33955,1.03103E-4
33956,4.5766E-5
33957,7.1144E-5
33958,1.11E-7
33959,4.2621E-5
33960,6.0969E-5
33961,5.8667E-5
33962,7.2791E-5
33963,5.1185E-5
33964,6.4898E-5
33965,6.1835E-5
33966,5.0121E-5
33967,8.6656E-5
33968,8.2518E-5
33969,6.5393E-5
33970,7.8217E-5
33971,6.209E-5
33972,8.5818E-5
33973,9.3597E-5
33974,8.978E-5
33975,6.3001E-5
33976,7.675E-5
33977,7.2031E-5
33978,9.8742E-5
33979,5.8435E-5
33980,5.2813E-5
33981,8.1048E-5
33982,7.1238E-5
33983,8.4215E-5
33984,6.509E-5
33985,2.8133E-5
33986,9.8631E-5
33987,8.3712E-5
33988,6.4062E-5
33989,7.7519E-5
33990,2.5713E-5
33991,7.0833E-5
33992,4.5975E-5
33993,8.1031E-5
33994,7.0251E-5
33995,6.5276E-5
33996,7.7982E-5
33997,5.5672E-5
33998,3.6115E-5
33999,8.313E-5
34000,7.004E-5
34001,7.8255E-5
34002,6.0383E-5
34003,3.3687E-5
34004,7.9234E-5
34005,8.5641E-5
34006,9.1398E-5
34007,3.9297E-5
34008,5.6642E-5
34009,7.0137E-5
34010,3.1838E-5
34011,6.5652E-5
34012,1.4861E-5
34013,5.6303E-5
34014,8.1696E-5
34015,7.8889E-5
34016,5.1421E-5
34017,6.1702E-5
34018,8.5598E-5
34019,6.8145E-5
34020,6.0382E-5
34021,6.5783E-5
34022,7.0486E-5
34023,4.2362E-5
34024,8.8238E-5
34025,7.0741E-5
34026,8.2411E-5
34027,5.4922E-5
34028,4.9355E-5
34029,5.9026E-5
34030,7.0605E-5
34031,6.6177E-5
34032,8.7014E-5
34033,6.5409E-5
34034,5.7835E-5
34035,5.4023E-5
34036,5.6638E-5
34037,7.8547E-5
34038,3.9174E-5
34039,6.5991E-5
34040,5.0117E-5
34041,7.0855E-5
34042,6.0198E-5
34043,8.6211E-5
34044,7.3043E-5
34045,4.9579E-5
34046,9.2754E-5
34047,6.5443E-5
34048,8.9237E-5
34049,9.6321E-5
34050,4.8259E-5
34051,7.0211E-5
34052,6.6335E-5
34053,7.7092E-5
34054,9.1423E-5
34055,7.7877E-5
34056,5.8539E-5
34057,6.2298E-5
34058,2.998E-5
34059,5.7245E-5
34060,7.7886E-5
34061,6.0619E-5
34062,7.6394E-5
34063,7.0032E-5
34064,8.708E-5
34065,7.6799E-5
34066,4.1455E-5
34067,5.1919E-5
34068,5.6318E-5
34069,4.4077E-5
34070,4.5536E-5
34071,6.0791E-5
34072,5.8924E-5
34073,7.3063E-5
34074,6.836E-5
34075,5.909E-5
34076,3.6525E-5
34077,4.9182E-5
34078,7.3982E-5
34079,6.7387E-5
34080,3.6722E-5
34081,8.3823E-5
34082,5.795E-5
34083,8.1951E-5
34084,1.5956E-5
34085,3.312E-5
34086,6.8579E-5
34087,6.3135E-5
34088,5.7168E-5
34089,9.2916E-5
34090,5.0944E-5
34091,4.4735E-5
34092,7.7224E-5
34093,7.5761E-5
34094,6.5043E-5
34095,7.6432E-5
34096,4.3684E-5
34097,4.5838E-5
34098,6.8904E-5
34099,7.507E-5
34100,4.2297E-5
34101,1.07921E-4
34102,8.6465E-5
34103,6.182E-5
34104,4.5792E-5
34105,6.1396E-5
34106,6.8343E-5
34107,3.8535E-5
34108,9.6414E-5
34109,1.6467E-5
34110,8.7094E-5
34111,6.6013E-5
34112,7.3905E-5
34113,7.0289E-5
34114,5.4758E-5
34115,5.6017E-5
34116,6.6611E-5
34117,6.9254E-5
34118,5.5422E-5
34119,7.0013E-5
34120,7.3426E-5
34121,6.1222E-5
34122,6.7104E-5
34123,9.1118E-5
34124,7.6441E-5
34125,1.30069E-4
34126,6.5224E-5
34127,1.03066E-4
34128,8.5538E-5
34129,3.0899E-5
34130,1.15651E-4
34131,9.4693E-5
34132,6.8981E-5
34133,5.9809E-5
34134,4.9008E-5
34135,9.3776E-5
34136,4.8484E-5
34137,3.6138E-5
34138,5.4057E-5
34139,5.5585E-5
34140,4.3059E-5
34141,8.2267E-5
34142,9.5509E-5
34143,3.2404E-5
34144,6.8056E-5
34145,4.7706E-5
34146,4.6774E-5
34147,7.4394E-5
34148,7.8786E-5
34149,9.5764E-5
34150,6.9662E-5
34151,9.8192E-5
34152,4.9273E-5
34153,6.5237E-5
34154,7.9274E-5
34155,4.9525E-5
34156,5.0023E-5
34157,5.6749E-5
34158,8.9404E-5
34159,3.4434E-5
34160,1.20916E-4
34161,5.3959E-5
34162,7.0808E-5
34163,3.2041E-5
34164,8.7578E-5
34165,8.7619E-5
34166,6.6144E-5
34167,7.1155E-5
34168,5.8823E-5
34169,8.0765E-5
34170,5.0719E-5
34171,6.5862E-5
34172,6.9523E-5
34173,7.744E-5
34174,7.2771E-5
34175,5.1899E-5
34176,6.9727E-5
34177,5.0508E-5
34178,8.3021E-5
34179,7.7479E-5
34180,6.1111E-5
34181,6.009E-5
34182,1.734E-5
34183,4.9101E-5
34184,6.0562E-5
34185,2.7581E-5
34186,5.8347E-5
34187,7.7701E-5
34188,4.2923E-5
34189,5.4978E-5
34190,6.9236E-5
34191,8.7598E-5
34192,5.5725E-5
34193,6.6147E-5
34194,7.6739E-5
34195,6.8123E-5
34196,8.3937E-5
34197,7.2464E-5
34198,6.6543E-5
34199,7.6625E-5
34200,6.5291E-5
34201,4.5692E-5
34202,5.1593E-5
34203,7.0907E-5
34204,6.0048E-5
34205,4.1178E-5
34206,6.4587E-5
34207,7.0533E-5
34208,5.5547E-5
34209,4.4223E-5
34210,7.1925E-5
34211,6.0091E-5
34212,6.4009E-5
34213,4.8285E-5
34214,6.9132E-5
34215,8.2689E-5
34216,9.6353E-5
34217,1.2907E-4
34218,4.7617E-5
34219,7.94E-5
34220,4.4562E-5
34221,8.0868E-5
34222,3.7038E-5
34223,4.4634E-5
34224,6.5495E-5
34225,2.9521E-5
34226,6.6161E-5
34227,8.0221E-5
34228,4.8705E-5
34229,9.1099E-5
34230,9.4633E-5
34231,7.0815E-5
34232,7.3622E-5
34233,4.9005E-5
34234,3.8861E-5
34235,6.344E-5
34236,4.9817E-5
34237,9.3672E-5
34238,4.7792E-5
34239,7.4394E-5
34240,6.6885E-5
34241,6.6098E-5
34242,7.9247E-5
34243,4.0242E-5
34244,7.9752E-5
34245,8.51E-5
34246,6.0103E-5
34247,5.4852E-5
34248,8.0121E-5
34249,3.2383E-5
34250,4.773E-5
34251,6.106E-5
34252,4.6868E-5
34253,8.5241E-5
34254,9.2441E-5
34255,6.9456E-5
34256,6.4753E-5
34257,4.2767E-5
34258,3.1374E-5
34259,8.9868E-5
34260,1.00592E-4
34261,8.993E-5
34262,1.28479E-4
34263,6.9502E-5
34264,7.3962E-5
34265,6.0179E-5
34266,6.8498E-5
34267,6.4277E-5
34268,7.7806E-5
34269,6.3661E-5
34270,4.7726E-5
34271,4.7558E-5
34272,3.9812E-5
34273,6.1478E-5
34274,7.7208E-5
34275,6.201E-5
34276,5.416E-5
34277,4.9237E-5
34278,7.4548E-5
34279,5.4298E-5
34280,1.21957E-4
34281,8.0181E-5
34282,5.6179E-5
34283,7.6086E-5
34284,9.3517E-5
34285,3.5667E-5
34286,8.7988E-5
34287,1.35787E-4
34288,7.6179E-5
34289,7.8155E-5
34290,9.0785E-5
34291,8.9326E-5
34292,5.6898E-5
34293,7.8141E-5
34294,6.0241E-5
34295,5.7437E-5
34296,6.0557E-5
34297,6.5593E-5
34298,9.3111E-5
34299,8.4071E-5
34300,6.117E-5
34301,5.5446E-5
34302,5.2774E-5
34303,8.044E-5
34304,6.4873E-5
34305,3.4585E-5
34306,7.076E-5
34307,6.5127E-5
34308,7.1671E-5
34309,4.5989E-5
34310,1.04672E-4
34311,3.583E-5
34312,1.00812E-4
34313,6.9327E-5
34314,5.2094E-5
34315,5.8451E-5
34316,7.6412E-5
34317,6.9764E-5
34318,7.7212E-5
34319,7.3047E-5
34320,8.3825E-5
34321,5.946E-5
34322,5.6381E-5
34323,9.6877E-5
34324,4.1609E-5
34325,5.1533E-5
34326,6.6003E-5
34327,7.3956E-5
34328,6.7047E-5
34329,5.5973E-5
34330,4.86802E-4
34331,6.4513E-5
34332,5.829E-5
34333,7.2605E-5
34334,5.5155E-5
34335,7.517E-5
34336,7.0163E-5
34337,7.2354E-5
34338,6.75E-5
34339,4.6183E-5
34340,6.0413E-5
34341,3.9325E-5
34342,7.0071E-5
34343,9.3143E-5
34344,6.4325E-5
34345,8.7875E-5
34346,1.01569E-4
34347,6.3679E-5
34348,8.0057E-5
34349,6.0915E-5
34350,4.831E-5
34351,6.8541E-5
34352,4.5815E-5
34353,3.5396E-5
34354,5.6741E-5
34355,8.068E-5
34356,8.1255E-5
34357,9.3381E-5
34358,7.0441E-5
34359,5.4393E-5
34360,6.0705E-5
34361,4.9313E-5
34362,6.291E-5
34363,6.5062E-5
34364,5.8693E-5
34365,6.6604E-5
34366,4.5724E-5
34367,7.6119E-5
34368,7.9167E-5
34369,7.2212E-5
34370,5.5735E-5
34371,8.97E-5
34372,2.9648E-5
34373,4.384E-5
34374,8.2599E-5
34375,7.1071E-5
34376,7.2813E-5
34377,7.8751E-5
34378,4.1611E-5
34379,1.14638E-4
34380,4.8125E-5
34381,7.8381E-5
34382,6.5751E-5
34383,7.6772E-5
34384,1.13662E-4
34385,7.4049E-5
34386,8.7053E-5
34387,4.2737E-5
34388,7.7606E-5
34389,7.41E-5
34390,6.7546E-5
34391,6.5476E-5
34392,9.0827E-5
34393,7.1268E-5
34394,7.6363E-5
34395,5.7268E-5
34396,6.4924E-5
34397,6.9402E-5
34398,7.9737E-5
34399,3.3909E-5
34400,8.5527E-5
34401,8.9702E-5
34402,9.8647E-5
34403,5.5382E-5
34404,6.7264E-5
34405,7.9613E-5
34406,7.5541E-5
34407,7.1812E-5
34408,7.5092E-5
34409,5.7758E-5
34410,4.5411E-5
34411,3.0803E-5
34412,7.2327E-5
34413,8.2936E-5
34414,6.5347E-5
34415,6.0059E-5
34416,3.5654E-5
34417,9.3973E-5
34418,7.3082E-5
34419,1.01258E-4
34420,4.7272E-5
34421,5.5359E-5
34422,7.6174E-5
34423,8.3775E-5
34424,7.1602E-5
34425,8.1384E-5
34426,7.8632E-5
34427,7.7327E-5
34428,1.11789E-4
34429,1.02135E-4
34430,5.3002E-5
34431,1.01516E-4
34432,8.0811E-5
34433,7.2373E-5
34434,8.1434E-5
34435,6.3159E-5
34436,8.9344E-5
34437,7.0178E-5
34438,2.812E-5
34439,6.5193E-5
34440,7.4042E-5
34441,8.5958E-5
34442,4.332E-5
34443,6.4657E-5
34444,6.3384E-5
34445,6.1571E-5
34446,1.24065E-4
34447,8.4342E-5
34448,6.3922E-5
34449,1.00347E-4
34450,8.6484E-5
34451,8.3856E-5
34452,1.01206E-4
34453,8.7765E-5
34454,8.9314E-5
34455,9.1E-5
34456,7.1001E-5
34457,9.8408E-5
34458,4.0757E-5
34459,6.8165E-5
34460,7.6845E-5
34461,6.5365E-5
34462,4.9929E-5
34463,6.4945E-5
34464,7.2837E-5
34465,5.2879E-5
34466,5.2678E-5
34467,6.2001E-5
34468,3.7349E-5
34469,4.4987E-5
34470,8.2608E-5
34471,8.29E-5
34472,6.1255E-5
34473,3.099E-5
34474,8.0362E-5
34475,2.4849E-5
34476,5.5209E-5
34477,6.5021E-5
34478,6.4023E-5
34479,6.7979E-5
34480,4.2481E-5
34481,6.5207E-5
34482,3.5078E-5
34483,7.957E-5
34484,9.1615E-5
34485,8.1659E-5
34486,7.8306E-5
34487,3.5621E-5
34488,8.9119E-5
34489,2.7203E-5
34490,1.05515E-4
34491,5.673E-5
34492,6.4395E-5
34493,6.9163E-5
34494,4.1045E-5
34495,9.3811E-5
34496,6.4873E-5
34497,6.9867E-5
34498,7.8955E-5
34499,5.0502E-5
34500,4.7695E-5
34501,8.3367E-5
34502,5.7951E-5
34503,5.6499E-5
34504,2.797E-5
34505,1.12304E-4
34506,7.7629E-5
34507,9.1396E-5
34508,6.0883E-5
34509,8.0834E-5
34510,5.931E-5
34511,5.9369E-5
34512,8.5463E-5
34513,4.3272E-5
34514,1.10926E-4
34515,9.8852E-5
34516,7.8871E-5
34517,6.819E-5
34518,1.02245E-4
34519,3.2594E-5
34520,9.5052E-5
34521,6.3312E-5
34522,7.5783E-5
34523,8.3734E-5
34524,4.5919E-5
34525,3.5701E-5
34526,3.8989E-5
34527,4.9016E-5
34528,1.15224E-4
34529,8.1538E-5
34530,6.212E-5
34531,5.3193E-5
34532,6.8118E-5
34533,7.4326E-5
34534,6.4775E-5
34535,8.0085E-5
34536,6.5246E-5
34537,6.5627E-5
34538,6.2583E-5
34539,9.2566E-5
34540,9.0547E-5
34541,8.1803E-5
34542,7.3681E-5
34543,5.6913E-5
34544,9.1756E-5
34545,8.2361E-5
34546,8.6649E-5
34547,9.2084E-5
34548,8.6612E-5
34549,7.2816E-5
34550,7.3511E-5
34551,7.2083E-5
34552,5.4451E-5
34553,5.5748E-5
34554,5.4612E-5
34555,7.2583E-5
34556,4.4252E-5
34557,4.893E-5
34558,9.0051E-5
34559,7.2582E-5
34560,9.9009E-5
34561,5.2544E-5
34562,7.5541E-5
34563,1.30655E-4
34564,6.2185E-5
34565,8.1189E-5
34566,5.9048E-5
34567,6.0163E-5
34568,7.3759E-5
34569,6.9459E-5
34570,8.2405E-5
34571,5.4441E-5
34572,1.20873E-4
34573,6.4027E-5
34574,6.9556E-5
34575,7.7695E-5
34576,6.5724E-5
34577,1.0991E-4
34578,5.9308E-5
34579,4.3476E-5
34580,1.12979E-4
34581,5.1651E-5
34582,7.1843E-5
34583,6.3057E-5
34584,1.00406E-4
34585,8.4775E-5
34586,5.6132E-5
34587,6.2293E-5
34588,4.2565E-5
34589,1.00787E-4
34590,5.5483E-5
34591,8.1138E-5
34592,6.5397E-5
34593,2.7537E-5
34594,5.5114E-5
34595,8.4057E-5
34596,9.913E-5
34597,5.1093E-5
34598,5.4296E-5
34599,6.5199E-5
34600,3.7494E-5
34601,6.0366E-5
34602,5.6909E-5
34603,7.7027E-5
34604,9.094E-5
34605,0.01448736
34606,7.7869E-5
34607,6.3379E-5
34608,9.0572E-5
34609,7.0177E-5
34610,8.4449E-5
34611,6.1781E-5
34612,7.1035E-5
34613,1.09538E-4
34614,5.9903E-5
34615,4.0282E-5
34616,8.3295E-5
34617,2.6193E-5
34618,8.9931E-5
34619,6.7724E-5
34620,6.3406E-5
34621,7.1218E-5
34622,1.08935E-4
34623,7.5537E-5
34624,8.8039E-5
34625,9.3171E-5
34626,6.539E-5
34627,7.7999E-5
34628,1.04289E-4
34629,7.2614E-5
34630,5.8432E-5
34631,8.8555E-5
34632,6.6307E-5
34633,5.3146E-5
34634,4.7505E-5
34635,5.9723E-5
34636,6.7453E-5
34637,5.2025E-5
34638,8.0821E-5
34639,4.7284E-5
34640,5.7747E-5
34641,8.4668E-5
34642,5.3018E-5
34643,7.1752E-5
34644,9.5673E-5
34645,6.3397E-5
34646,3.8659E-5
34647,7.967E-5
34648,0.024987555
34649,9.4888E-5
34650,6.6932E-5
34651,3.2877E-5
34652,1.31392E-4
34653,7.3271E-5
34654,3.8728E-5
34655,4.0162E-5
34656,8.9783E-5
34657,3.6298E-5
34658,6.4276E-5
34659,6.2157E-5
34660,6.778E-5
34661,7.0914E-5
34662,7.3665E-5
34663,6.5371E-5
34664,9.6253E-5
34665,7.9984E-5
34666,6.9243E-5
34667,0.002289576
34668,7.509E-5
34669,5.2096E-5
34670,6.6611E-5
34671,8.2765E-5
34672,8.2573E-5
34673,7.3356E-5
34674,5.8001E-5
34675,5.7967E-5
34676,6.8892E-5
34677,1.6242E-5
34678,6.5935E-5
34679,4.977E-5
34680,7.1049E-5
34681,8.5536E-5
34682,3.942E-5
34683,8.647E-5
34684,7.7308E-5
34685,5.0337E-5
34686,8.1245E-5
34687,5.2366E-5
34688,6.6927E-5
34689,9.698E-5
34690,5.7025E-5
34691,6.3906E-5
34692,8.0263E-5
34693,5.526E-5
34694,8.2285E-5
34695,7.6126E-5
34696,6.6071E-5
34697,6.6622E-5
34698,6.5212E-5
34699,7.3724E-5
34700,8.2393E-5
34701,7.8534E-5
34702,7.3443E-5
34703,8.674E-5
34704,5.1978E-5
34705,8.7648E-5
34706,4.6641E-5
34707,6.869E-5
34708,7.0547E-5
34709,6.8781E-5
34710,7.6834E-5
34711,8.0026E-5
34712,1.08994E-4
34713,8.0019E-5
34714,4.7271E-5
34715,8.7542E-5
34716,4.211E-5
34717,6.6674E-5
34718,1.1E-7
34719,6.312E-5
34720,9.0194E-5
34721,7.6967E-5
34722,6.3978E-5
34723,5.5283E-5
34724,5.0893E-5
34725,2.3729E-5
34726,8.4668E-5
34727,5.8769E-5
34728,6.501E-5
34729,7.2071E-5
34730,6.5504E-5
34731,5.4692E-5
34732,6.46E-5
34733,7.8528E-5
34734,1.11997E-4
34735,5.1806E-5
34736,9.2946E-5
34737,7.5178E-5
34738,7.0792E-5
34739,7.0947E-5
34740,7.2101E-5
34741,5.4407E-5
34742,4.9028E-5
34743,8.4537E-5
34744,6.7079E-5
34745,8.8568E-5
34746,7.8286E-5
34747,4.6536E-5
34748,2.6187E-5
34749,8.2368E-5
34750,8.0517E-5
34751,7.2793E-5
34752,6.6486E-5
34753,5.2925E-5
34754,9.3788E-5
34755,7.4958E-5
34756,6.2683E-5
34757,6.5276E-5
34758,2.698E-5
34759,8.0086E-5
34760,8.6809E-5
34761,7.6383E-5
34762,2.4437E-5
34763,9.6473E-5
34764,8.0626E-5
34765,5.9244E-5
34766,1.00832E-4
34767,6.9513E-5
34768,6.6144E-5
34769,4.2089E-5
34770,6.6854E-5
34771,9.3123E-5
34772,5.4219E-5
34773,4.3181E-5
34774,6.4484E-5
34775,7.1767E-5
34776,9.9425E-5
34777,8.9763E-5
34778,4.1243E-5
34779,4.764E-5
34780,6.4747E-5
34781,7.9098E-5
34782,0.001666315
34783,5.766E-5
34784,5.1293E-5
34785,8.865E-5
34786,6.1872E-5
34787,4.4656E-5
34788,4.005E-5
34789,6.4458E-5
34790,3.7855E-5
34791,8.2741E-5
34792,5.7967E-5
34793,8.4447E-5
34794,5.0956E-5
34795,5.4385E-5
34796,8.812E-5
34797,9.7764E-5
34798,6.5054E-5
34799,9.3073E-5
34800,8.0458E-5
34801,1.08408E-4
34802,6.6985E-5
34803,7.0393E-5
34804,8.8902E-5
34805,4.1303E-5
34806,6.4285E-5
34807,3.212E-5
34808,7.653E-5
34809,7.2536E-5
34810,5.8508E-5
34811,4.4217E-5
34812,9.5773E-5
34813,4.9106E-5
34814,6.156E-5
34815,7.1798E-5
34816,8.2533E-5
34817,5.025E-5
34818,6.3441E-5
34819,1.2E-7
34820,8.8432E-5
34821,5.3134E-5
34822,9.924E-5
34823,8.1358E-5
34824,4.1229E-5
34825,5.7228E-5
34826,7.7633E-5
34827,7.2521E-5
34828,7.6282E-5
34829,9.4894E-5
34830,6.2421E-5
34831,8.1636E-5
34832,7.2797E-5
34833,6.3514E-5
34834,7.9746E-5
34835,5.724E-5
34836,4.8053E-5
34837,6.9033E-5
34838,4.9043E-5
34839,4.8669E-5
34840,5.4615E-5
34841,4.781E-5
34842,5.1729E-5
34843,9.5971E-5
34844,5.8448E-5
34845,6.2543E-5
34846,5.6537E-5
34847,8.6303E-5
34848,9.8238E-5
34849,1.10953E-4
34850,6.5031E-5
34851,6.1156E-5
34852,1.11759E-4
34853,9.0161E-5
34854,1.15512E-4
34855,5.732E-5
34856,7.9336E-5
34857,5.3008E-5
34858,6.8491E-5
34859,3.3575E-5
34860,6.9846E-5
34861,1.7686E-5
34862,7.2762E-5
34863,9.9246E-5
34864,4.526E-5
34865,8.3547E-5
34866,8.5342E-5
34867,6.8668E-5
34868,5.4307E-5
34869,3.4398E-5
34870,8.1122E-5
34871,8.395E-5
34872,6.1015E-5
34873,7.5882E-5
34874,8.9082E-5
34875,7.1781E-5
34876,9.0633E-5
34877,8.1386E-5
34878,8.4091E-5
34879,5.1206E-5
34880,7.1802E-5
34881,8.1469E-5
34882,5.4367E-5
34883,1.00692E-4
34884,8.6704E-5
34885,5.2601E-5
34886,8.2615E-5
34887,6.2595E-5
34888,7.344E-5
34889,6.9635E-5
34890,1.66315E-4
34891,7.6737E-5
34892,3.8378E-5
34893,8.6884E-5
34894,7.5048E-5
34895,7.5045E-5
34896,3.5439E-5
34897,5.9241E-5
34898,5.288E-5
34899,7.4039E-5
34900,1.13915E-4
34901,6.5513E-5
34902,6.8195E-5
34903,8.3776E-5
34904,3.4172E-5
34905,1.8495E-5
34906,7.3962E-5
34907,7.9895E-5
34908,7.5685E-5
34909,7.7927E-5
34910,7.4367E-5
34911,1.8252E-5
34912,5.0557E-5
34913,6.9366E-5
34914,8.6343E-5
34915,6.5411E-5
34916,6.9914E-5
34917,5.1693E-5
34918,5.1364E-5
34919,7.6598E-5
34920,5.3798E-5
34921,4.6907E-5
34922,5.2843E-5
34923,5.4477E-5
34924,9.0092E-5
34925,6.6261E-5
34926,7.4387E-5
34927,6.4275E-5
34928,7.0971E-5
34929,8.3477E-5
34930,5.8305E-5
34931,7.5894E-5
34932,9.2403E-5
34933,7.2839E-5
34934,7.6573E-5
34935,9.7777E-5
34936,9.7365E-5
34937,7.555E-5
34938,5.5099E-5
34939,6.6902E-5
34940,7.3014E-5
34941,4.4435E-5
34942,5.5815E-5
34943,6.3288E-5
34944,8.1127E-5
34945,6.5556E-5
34946,7.2326E-5
34947,6.9887E-5
34948,8.4749E-5
34949,7.9725E-5
34950,6.5471E-5
34951,8.0409E-5
34952,1.00564E-4
34953,6.4064E-5
34954,0.034393088
34955,9.1425E-5
34956,7.1478E-5
34957,7.591E-5
34958,4.3172E-5
34959,7.8973E-5
34960,7.2542E-5
34961,3.7587E-5
34962,2.6764E-5
34963,5.3931E-5
34964,5.492E-5
34965,7.6609E-5
34966,8.9922E-5
34967,6.519E-5
34968,4.8855E-5
34969,9.12E-5
34970,7.9416E-5
34971,8.3059E-5
34972,3.8355E-5
34973,9.2461E-5
34974,7.5437E-5
34975,1.00414E-4
34976,7.8918E-5
34977,6.4615E-5
34978,6.8188E-5
34979,3.8522E-5
34980,6.0239E-5
34981,6.0047E-5
34982,7.8903E-5
34983,6.1885E-5
34984,8.5404E-5
34985,4.9676E-5
34986,8.1286E-5
34987,4.5519E-5
34988,7.2565E-5
34989,7.7529E-5
34990,7.0245E-5
34991,6.88E-5
34992,7.1473E-5
34993,7.4257E-5
34994,6.8691E-5
34995,5.2012E-5
34996,5.231E-5
34997,5.534E-5
34998,6.7113E-5
34999,7.6077E-5
35000,5.5033E-5
35001,6.425E-5
35002,9.2526E-5
35003,3.2576E-5
35004,7.4839E-5
35005,7.2695E-5
35006,6.0822E-5
35007,6.9341E-5
35008,7.8924E-5
35009,4.6839E-5
35010,7.5084E-5
35011,5.1341E-5
35012,5.7079E-5
35013,6.6033E-5
35014,5.3713E-5
35015,4.6872E-5
35016,8.906E-5
35017,7.2202E-5
35018,8.1952E-5
35019,8.9483E-5
35020,6.7055E-5
35021,4.5254E-5
35022,8.3178E-5
35023,7.8401E-5
35024,5.9666E-5
35025,6.9498E-5
35026,3.9385E-5
35027,1.03016E-4
35028,6.1779E-5
35029,9.2049E-5
35030,6.2448E-5
35031,5.8913E-5
35032,1.04376E-4
35033,4.8467E-5
35034,6.0253E-5
35035,3.9317E-5
35036,3.5577E-5
35037,8.9688E-5
35038,6.0519E-5
35039,9.8589E-5
35040,5.9145E-5
35041,8.9775E-5
35042,8.7675E-5
35043,7.4714E-5
35044,5.891E-5
35045,7.5844E-5
35046,5.9411E-5
35047,8.0694E-5
35048,6.8094E-5
35049,7.7013E-5
35050,6.0221E-5
35051,6.621E-5
35052,8.0002E-5
35053,8.9723E-5
35054,6.5882E-5
35055,1.04322E-4
35056,3.6352E-5
35057,8.0457E-5
35058,8.643E-5
35059,1.00099E-4
35060,8.2594E-5
35061,8.8857E-5
35062,5.9179E-5
35063,7.9361E-5
35064,2.8462E-5
35065,4.0005E-5
35066,6.4223E-5
35067,0.001895829
35068,6.7113E-5
35069,6.0404E-5
35070,7.7663E-5
35071,4.9159E-5
35072,5.1072E-5
35073,6.2771E-5
35074,7.195E-5
35075,8.1655E-5
35076,1.8722E-5
35077,9.8031E-5
35078,5.1148E-5
35079,1.01997E-4
35080,5.1995E-5
35081,6.8045E-5
35082,7.698E-5
35083,6.9282E-5
35084,6.4928E-5
35085,7.8955E-5
35086,7.7996E-5
35087,1.11458E-4
35088,8.0554E-5
35089,9.3399E-5
35090,6.0395E-5
35091,3.9336E-5
35092,7.7635E-5
35093,6.0235E-5
35094,4.452E-5
35095,3.39275E-4
35096,6.3764E-5
35097,4.9107E-5
35098,5.2546E-5
35099,2.4272E-5
35100,4.8802E-5
35101,8.8974E-5
35102,5.882E-5
35103,9.3054E-5
35104,5.4797E-5
35105,1.02526E-4
35106,7.4902E-5
35107,7.6214E-5
35108,6.6861E-5
35109,7.8698E-5
35110,7.5327E-5
35111,7.2238E-5
35112,6.6581E-5
35113,5.1024E-5
35114,3.5116E-5
35115,6.1615E-5
35116,6.0123E-5
35117,1.02133E-4
35118,7.1068E-5
35119,5.459E-5
35120,6.9048E-5
35121,5.6764E-5
35122,6.7708E-5
35123,5.4532E-5
35124,5.0894E-5
35125,7.2201E-5
35126,6.421E-5
35127,4.2517E-5
35128,6.8255E-5
35129,8.3506E-5
35130,7.4525E-5
35131,1.9655E-5
35132,8.295E-5
35133,5.0079E-5
35134,9.9681E-5
35135,4.6309E-5
35136,6.4773E-5
35137,7.4344E-5
35138,7.6658E-5
35139,8.3945E-5
35140,2.4824E-5
35141,7.6223E-5
35142,7.3198E-5
35143,8.309E-5
35144,6.4702E-5
35145,7.7694E-5
35146,9.1527E-5
35147,3.4306E-5
35148,3.9702E-5
35149,8.3849E-5
35150,9.6124E-5
35151,5.011E-5
35152,4.807E-5
35153,8.0807E-5
35154,6.0245E-5
35155,8.422E-5
35156,7.6437E-5
35157,5.5284E-5
35158,1.10269E-4
35159,5.7307E-5
35160,5.3107E-5
35161,6.5522E-5
35162,6.3952E-5
35163,5.3503E-5
35164,7.0334E-5
35165,6.0354E-5
35166,7.1928E-5
35167,7.3466E-5
35168,7.3197E-5
35169,1.18337E-4
35170,8.2584E-5
35171,6.5317E-5
35172,5.3618E-5
35173,8.7754E-5
35174,9.5869E-5
35175,8.6964E-5
35176,6.0364E-5
35177,0.006627366
35178,8.5272E-5
35179,1.03357E-4
35180,4.549E-5
35181,6.3892E-5
35182,6.8999E-5
35183,5.9345E-5
35184,7.5837E-5
35185,8.6921E-5
35186,3.7246E-5
35187,8.1774E-5
35188,7.4052E-5
35189,3.9807E-5
35190,9.0705E-5
35191,7.6514E-5
35192,4.5864E-5
35193,9.9653E-5
35194,7.5309E-5
35195,7.1335E-5
35196,1.28415E-4
35197,5.504E-5
35198,7.4582E-5
35199,9.8959E-5
35200,6.3154E-5
35201,8.096E-5
35202,7.9787E-5
35203,5.9926E-5
35204,7.6501E-5
35205,5.6038E-5
35206,7.8928E-5
35207,6.7943E-5
35208,6.4312E-5
35209,2.75474E-4
35210,5.2095E-5
35211,5.8847E-5
35212,6.6014E-5
35213,2.5466E-5
35214,9.8619E-5
35215,1.18617E-4
35216,8.9586E-5
35217,1.01986E-4
35218,7.5192E-5
35219,7.0523E-5
35220,6.9586E-5
35221,4.2098E-5
35222,1.16301E-4
35223,8.7726E-5
35224,5.1155E-5
35225,4.3536E-5
35226,5.173E-5
35227,5.6018E-5
35228,7.256E-5
35229,4.0779E-5
35230,7.1764E-5
35231,7.9507E-5
35232,8.1593E-5
35233,8.3309E-5
35234,9.3558E-5
35235,2.6101E-5
35236,7.0663E-5
35237,8.3267E-5
35238,7.8241E-5
35239,6.1667E-5
35240,5.6765E-5
35241,6.9709E-5
35242,7.2739E-5
35243,6.1133E-5
35244,1.01407E-4
35245,9.2235E-5
35246,7.3215E-5
35247,7.1182E-5
35248,6.0272E-5
35249,7.2384E-5
35250,4.1649E-5
35251,5.1987E-5
35252,9.2646E-5
35253,6.5582E-5
35254,6.2943E-5
35255,9.1039E-5
35256,5.8067E-5
35257,6.4901E-5
35258,6.5807E-5
35259,5.6084E-5
35260,8.336E-5
35261,8.6844E-5
35262,7.931E-5
35263,2.361E-5
35264,8.3608E-5
35265,7.0497E-5
35266,7.5227E-5
35267,6.3707E-5
35268,9.69E-5
35269,9.1433E-5
35270,6.1929E-5
35271,7.8523E-5
35272,7.5137E-5
35273,5.2329E-5
35274,4.368E-5
35275,5.5559E-5
35276,5.1121E-5
35277,9.9542E-5
35278,6.0457E-5
35279,1.02519E-4
35280,9.573E-5
35281,5.6623E-5
35282,9.5922E-5
35283,7.3835E-5
35284,4.6479E-5
35285,7.0836E-5
35286,5.6104E-5
35287,5.8501E-5
35288,5.9037E-5
35289,5.4194E-5
35290,5.3522E-5
35291,9.5658E-5
35292,7.2247E-5
35293,3.9098E-5
35294,7.1876E-5
35295,4.4026E-5
35296,3.6898E-5
35297,7.2684E-5
35298,7.5807E-5
35299,6.5603E-5
35300,2.5807E-5
35301,4.7505E-5
35302,8.4E-5
35303,4.4702E-5
35304,1.03656E-4
35305,9.9909E-5
35306,9.0379E-5
35307,9.7712E-5
35308,5.5227E-5
35309,1.05992E-4
35310,9.0883E-5
35311,4.9269E-5
35312,5.7133E-5
35313,7.1439E-5
35314,6.9031E-5
35315,7.6254E-5
35316,6.426E-5
35317,4.8044E-5
35318,5.6527E-5
35319,3.2624E-5
35320,5.0833E-5
35321,5.9425E-5
35322,7.0849E-5
35323,4.8657E-5
35324,7.1593E-5
35325,9.3274E-5
35326,7.0966E-5
35327,1.01701E-4
35328,8.2292E-5
35329,7.7759E-5
35330,2.8389E-5
35331,6.8771E-5
35332,6.691E-5
35333,8.0363E-5
35334,5.7846E-5
35335,4.5661E-5
35336,8.3031E-5
35337,6.1779E-5
35338,6.2536E-5
35339,8.7912E-5
35340,9.6294E-5
35341,8.5556E-5
35342,3.1793E-5
35343,3.8781E-5
35344,0.00413253
35345,5.8018E-5
35346,5.2841E-5
35347,6.3747E-5
35348,4.2274E-5
35349,7.9105E-5
35350,5.2217E-5
35351,6.6639E-5
35352,7.7231E-5
35353,6.9866E-5
35354,5.9748E-5
35355,9.407E-5
35356,7.6882E-5
35357,5.0306E-5
35358,6.5362E-5
35359,7.3861E-5
35360,9.3552E-5
35361,5.8688E-5
35362,1.07481E-4
35363,6.8246E-5
35364,8.5357E-5
35365,3.4501E-5
35366,3.3686E-5
35367,5.6023E-5
35368,4.7105E-5
35369,4.3591E-5
35370,4.0193E-5
35371,7.8874E-5
35372,7.1094E-5
35373,8.0817E-5
35374,6.9343E-5
35375,8.7832E-5
35376,6.7213E-5
35377,8.9845E-5
35378,5.9714E-5
35379,6.4579E-5
35380,5.087E-5
35381,5.2692E-5
35382,6.5082E-5
35383,7.905E-5
35384,6.4796E-5
35385,1.17541E-4
35386,4.1348E-5
35387,7.4872E-5
35388,6.9857E-5
35389,5.8386E-5
35390,1.01685E-4
35391,7.2717E-5
35392,4.6279E-5
35393,7.184E-5
35394,5.2716E-5
35395,5.5644E-5
35396,5.2827E-5
35397,2.7733E-5
35398,8.0386E-5
35399,5.234E-5
35400,7.6552E-5
35401,6.8027E-5
35402,5.9706E-5
35403,9.7613E-5
35404,9.7067E-5
35405,8.9164E-5
35406,5.9945E-5
35407,8.1643E-5
35408,6.4744E-5
35409,8.3302E-5
35410,9.5533E-5
35411,8.429E-5
35412,4.6326E-5
35413,5.0806E-5
35414,8.1851E-5
35415,5.4975E-5
35416,8.634E-5
35417,5.9604E-5
35418,1.09922E-4
35419,3.5145E-5
35420,6.7699E-5
35421,4.8842E-5
35422,4.9999E-5
35423,7.1599E-5
35424,7.9638E-5
35425,1.137E-4
35426,6.2821E-5
35427,4.4702E-5
35428,4.7892E-5
35429,5.5152E-5
35430,7.2564E-5
35431,7.6309E-5
35432,5.6734E-5
35433,4.3834E-5
35434,6.9251E-5
35435,9.2713E-5
35436,7.8732E-5
35437,5.8155E-5
35438,9.1485E-5
35439,8.0654E-5
35440,0.003728185
35441,6.481E-5
35442,4.8438E-5
35443,8.2048E-5
35444,7.0969E-5
35445,6.3632E-5
35446,1.25026E-4
35447,7.7912E-5
35448,3.7795E-5
35449,3.7515E-5
35450,5.6355E-5
35451,5.0028E-5
35452,5.9276E-5
35453,6.7248E-5
35454,7.6099E-5
35455,6.0608E-5
35456,6.3733E-5
35457,4.0071E-5
35458,4.3693E-5
35459,1.15021E-4
35460,4.7153E-5
35461,8.9151E-5
35462,6.8347E-5
35463,9.4443E-5
35464,8.0261E-5
35465,4.7671E-5
35466,9.7058E-5
35467,7.3221E-5
35468,9.0738E-5
35469,7.0735E-5
35470,8.938E-5
35471,7.0878E-5
35472,5.4644E-5
35473,4.43E-5
35474,4.6717E-5
35475,1.094E-4
35476,8.8551E-5
35477,5.9859E-5
35478,7.2143E-5
35479,5.243E-5
35480,9.8901E-5
35481,7.8896E-5
35482,7.4085E-5
35483,4.888E-5
35484,9.1202E-5
35485,7.8794E-5
35486,4.4793E-5
35487,7.2307E-5
35488,1.16298E-4
35489,7.993E-5
35490,8.2721E-5
35491,9.3783E-5
35492,5.545E-5
35493,7.1837E-5
35494,5.5279E-5
35495,9.9978E-5
35496,5.6714E-5
35497,7.6382E-5
35498,7.7672E-5
35499,6.0919E-5
35500,4.7018E-5
35501,6.6728E-5
35502,6.4197E-5
35503,5.8627E-5
35504,8.7829E-5
35505,5.5558E-5
35506,6.4937E-5
35507,9.3073E-5
35508,8.8408E-5
35509,1.8439E-5
35510,7.3972E-5
35511,5.1432E-5
35512,3.7294E-5
35513,7.3415E-5
35514,4.7754E-5
35515,9.6009E-5
35516,5.1256E-5
35517,7.6398E-5
35518,7.366E-5
35519,8.8182E-5
35520,5.7536E-5
35521,7.0075E-5
35522,4.9542E-5
35523,6.5336E-5
35524,4.0645E-5
35525,9.8329E-5
35526,7.4001E-5
35527,6.5932E-5
35528,7.0404E-5
35529,9.2052E-5
35530,6.6166E-5
35531,8.8284E-5
35532,9.1523E-5
35533,1.0715E-4
35534,3.5398E-5
35535,8.5202E-5
35536,6.589E-5
35537,5.4741E-5
35538,5.8344E-5
35539,7.9103E-5
35540,7.4743E-5
35541,6.8067E-5
35542,8.0668E-5
35543,6.369E-5
35544,7.6011E-5
35545,7.5177E-5
35546,8.6418E-5
35547,9.0051E-5
35548,7.2535E-5
35549,3.421E-5
35550,5.958E-5
35551,5.6284E-5
35552,1.02506E-4
35553,9.4562E-5
35554,8.1711E-5
35555,6.1779E-5
35556,1.10462E-4
35557,7.1736E-5
35558,5.2779E-5
35559,8.4516E-5
35560,6.4072E-5
35561,8.14E-5
35562,4.8968E-5
35563,9.0712E-5
35564,8.9038E-5
35565,6.015E-5
35566,6.5786E-5
35567,4.6202E-5
35568,7.5507E-5
35569,7.8574E-5
35570,8.9128E-5
35571,4.3593E-5
35572,6.6758E-5
35573,7.6913E-5
35574,7.3429E-5
35575,6.1812E-5
35576,8.6302E-5
35577,0.00198823
35578,1.03314E-4
35579,6.3845E-5
35580,4.2998E-5
35581,5.8313E-5
35582,1.04339E-4
35583,9.9675E-5
35584,8.7655E-5
35585,9.1732E-5
35586,7.7852E-5
35587,7.8585E-5
35588,7.8863E-5
35589,6.189E-5
35590,7.2844E-5
35591,5.3534E-5
35592,5.1214E-5
35593,6.4766E-5
35594,7.2336E-5
35595,9.8812E-5
35596,8.9269E-5
35597,5.9707E-5
35598,3.6662E-5
35599,6.2309E-5
35600,9.8767E-5
35601,7.175E-5
35602,4.2257E-5
35603,8.3665E-5
35604,9.8967E-5
35605,8.7935E-5
35606,6.5345E-5
35607,4.883E-5
35608,6.9705E-5
35609,7.1752E-5
35610,9.0461E-5
35611,7.2405E-5
35612,6.2619E-5
35613,8.4014E-5
35614,5.0822E-5
35615,8.0793E-5
35616,5.3314E-5
35617,7.9304E-5
35618,8.4722E-5
35619,6.6236E-5
35620,8.6572E-5
35621,5.6837E-5
35622,5.3685E-5
35623,1.02629E-4
35624,6.0042E-5
35625,6.4735E-5
35626,7.4383E-5
35627,5.9101E-5
35628,5.9022E-5
35629,8.3741E-5
35630,9.6441E-5
35631,6.5355E-5
35632,8.5175E-5
35633,7.0196E-5
35634,7.9959E-5
35635,5.8309E-5
35636,5.123E-5
35637,6.3628E-5
35638,9.8803E-5
35639,4.2528E-5
35640,7.3333E-5
35641,8.4714E-5
35642,5.0486E-5
35643,6.6994E-5
35644,3.9948E-5
35645,4.6036E-5
35646,5.4342E-5
35647,5.0057E-5
35648,5.2881E-5
35649,5.0907E-5
35650,9.7347E-5
35651,2.7381E-5
35652,7.1108E-5
35653,6.3051E-5
35654,6.3636E-5
35655,1.05276E-4
35656,4.9992E-5
35657,4.762E-5
35658,5.6117E-5
35659,8.3338E-5
35660,8.5459E-5
35661,7.2154E-5
35662,9.6391E-5
35663,1.9095E-5
35664,6.4283E-5
35665,6.1303E-5
35666,5.1204E-5
35667,8.871E-5
35668,6.6465E-5
35669,5.6184E-5
35670,5.8337E-5
35671,4.4143E-5
35672,2.4195E-5
35673,4.3499E-5
35674,8.5726E-5
35675,3.7859E-5
35676,6.7999E-5
35677,4.7615E-5
35678,8.3347E-5
35679,8.2167E-5
35680,4.0181E-5
35681,9.3528E-5
35682,8.3376E-5
35683,8.0601E-5
35684,5.0802E-5
35685,7.6854E-5
35686,5.1731E-5
35687,7.6351E-5
35688,7.1813E-5
35689,5.5949E-5
35690,7.525E-5
35691,5.0773E-5
35692,0.001851729
35693,6.4802E-5
35694,7.0626E-5
35695,9.6632E-5
35696,1.12083E-4
35697,7.0826E-5
35698,4.7391E-5
35699,5.3787E-5
35700,5.9506E-5
35701,7.4065E-5
35702,6.9913E-5
35703,6.9681E-5
35704,8.0186E-5
35705,9.9582E-5
35706,8.5704E-5
35707,4.8327E-5
35708,8.1006E-5
35709,5.5545E-5
35710,8.5315E-5
35711,1.00857E-4
35712,5.384E-5
35713,6.1835E-5
35714,5.7982E-5
35715,7.3779E-5
35716,7.1719E-5
35717,3.8822E-5
35718,5.262E-5
35719,6.5516E-5
35720,8.572E-5
35721,8.0166E-5
35722,8.3623E-5
35723,7.1707E-5
35724,1.03156E-4
35725,4.1313E-5
35726,7.7404E-5
35727,4.6683E-5
35728,8.4067E-5
35729,5.9844E-5
35730,9.5335E-5
35731,6.358E-5
35732,8.4521E-5
35733,5.5403E-5
35734,4.8395E-5
35735,4.3034E-5
35736,9.8575E-5
35737,8.1479E-5
35738,6.9098E-5
35739,4.6944E-5
35740,7.6651E-5
35741,9.6263E-5
35742,3.2605E-5
35743,7.1538E-5
35744,5.62E-5
35745,8.3214E-5
35746,7.453E-5
35747,4.6074E-5
35748,6.3202E-5
35749,5.5176E-5
35750,4.1588E-5
35751,5.6422E-5
35752,4.9433E-5
35753,8.9083E-5
35754,1.14346E-4
35755,6.8661E-5
35756,8.5243E-5
35757,6.6559E-5
35758,5.8262E-5
35759,6.2869E-5
35760,5.7841E-5
35761,8.9538E-5
35762,5.5566E-5
35763,1.06436E-4
35764,1.06593E-4
35765,8.1957E-5
35766,1.05769E-4
35767,5.4171E-5
35768,4.6521E-5
35769,7.0944E-5
35770,8.4599E-5
35771,6.5401E-5
35772,6.9133E-5
35773,5.7324E-5
35774,9.7627E-5
35775,1.14906E-4
35776,9.7997E-5
35777,9.749E-5
35778,9.184E-5
35779,5.8327E-5
35780,5.7523E-5
35781,6.4027E-5
35782,5.6039E-5
35783,7.3525E-5
35784,5.7614E-5
35785,7.8974E-5
35786,6.8683E-5
35787,6.0441E-5
35788,9.1742E-5
35789,9.4336E-5
35790,7.9062E-5
35791,6.7231E-5
35792,5.8502E-5
35793,4.7184E-5
35794,7.9673E-5
35795,1.07109E-4
35796,6.5975E-5
35797,7.585E-5
35798,4.3103E-5
35799,6.5036E-5
35800,7.5252E-5
35801,4.359E-5
35802,8.9055E-5
35803,9.2515E-5
35804,7.5921E-5
35805,6.4209E-5
35806,5.112E-5
35807,9.364E-5
35808,7.7177E-5
35809,6.0023E-5
35810,1.11367E-4
35811,8.3491E-5
35812,4.2938E-5
35813,8.1019E-5
35814,5.8726E-5
35815,6.3979E-5
35816,9.3544E-5
35817,6.3602E-5
35818,8.2346E-5
35819,6.7745E-5
35820,6.3941E-5
35821,7.2954E-5
35822,3.7483E-5
35823,6.8014E-5
35824,4.3419E-5
35825,5.8465E-5
35826,7.9322E-5
35827,1.13509E-4
35828,9.8004E-5
35829,1.5497E-5
35830,4.2951E-5
35831,7.3817E-5
35832,8.9613E-5
35833,1.14701E-4
35834,7.1964E-5
35835,8.3888E-5
35836,7.8208E-5
35837,8.8037E-5
35838,7.1025E-5
35839,7.9912E-5
35840,7.4472E-5
35841,6.2757E-5
35842,7.1181E-5
35843,5.9772E-5
35844,7.3804E-5
35845,9.8423E-5
35846,6.4781E-5
35847,7.4526E-5
35848,4.8825E-5
35849,7.9641E-5
35850,6.2965E-5
35851,7.2792E-5
35852,1.20266E-4
35853,1.17487E-4
35854,7.3768E-5
35855,6.3002E-5
35856,7.5932E-5
35857,4.86E-5
35858,9.1147E-5
35859,7.6812E-5
35860,8.2444E-5
35861,6.8931E-5
35862,9.3931E-5
35863,6.3486E-5
35864,8.2091E-5
35865,7.9937E-5
35866,9.628E-5
35867,1.04069E-4
35868,3.2269E-5
35869,6.867E-5
35870,4.9216E-5
35871,7.8264E-5
35872,7.1097E-5
35873,5.8038E-5
35874,6.1505E-5
35875,7.4779E-5
35876,6.3527E-5
35877,6.1501E-5
35878,3.7348E-5
35879,2.071E-5
35880,9.1289E-5
35881,7.2264E-5
35882,7.29E-5
35883,8.8373E-5
35884,2.1708E-5
35885,4.7986E-5
35886,7.6373E-5
35887,3.9035E-5
35888,7.5078E-5
35889,6.5364E-5
35890,9.0475E-5
35891,6.6407E-5
35892,7.6056E-5
35893,4.1556E-5
35894,5.915E-5
35895,6.3003E-5
35896,6.6005E-5
35897,5.8105E-5
35898,4.7725E-5
35899,5.8202E-5
35900,6.9553E-5
35901,2.959E-5
35902,4.3777E-5
35903,6.5528E-5
35904,6.2453E-5
35905,6.1976E-5
35906,9.2105E-5
35907,5.9281E-5
35908,7.2874E-5
35909,7.7429E-5
35910,5.3747E-5
35911,7.6415E-5
35912,9.5955E-5
35913,4.8414E-5
35914,6.4187E-5
35915,1.06037E-4
35916,4.5055E-5
35917,2.8296E-5
35918,7.6653E-5
35919,1.03427E-4
35920,5.5812E-5
35921,6.3492E-5
35922,6.3694E-5
35923,8.1582E-5
35924,9.0358E-5
35925,6.3098E-5
35926,7.8329E-5
35927,6.4739E-5
35928,4.9774E-5
35929,7.2102E-5
35930,7.4803E-5
35931,5.3278E-5
35932,9.6058E-5
35933,7.7662E-5
35934,7.5023E-5
35935,6.0874E-5
35936,7.517E-5
35937,7.5781E-5
35938,9.5402E-5
35939,7.2328E-5
35940,8.4069E-5
35941,4.7294E-5
35942,4.9474E-5
35943,4.1214E-5
35944,5.6395E-5
35945,7.8639E-5
35946,7.276E-5
35947,7.2822E-5
35948,6.5059E-5
35949,7.5535E-5
35950,6.6192E-5
35951,8.4005E-5
35952,9.4735E-5
35953,8.2124E-5
35954,7.6056E-5
35955,9.42E-5
35956,5.2491E-5
35957,8.4655E-5
35958,8.2618E-5
35959,9.4228E-5
35960,7.2783E-5
35961,7.5275E-5
35962,1.15223E-4
35963,1.00655E-4
35964,7.7941E-5
35965,1.05543E-4
35966,8.6307E-5
35967,9.842E-5
35968,6.8849E-5
35969,9.3228E-5
35970,8.6892E-5
35971,3.7278E-5
35972,9.7791E-5
35973,8.2333E-5
35974,5.4813E-5
35975,7.0592E-5
35976,5.0711E-5
35977,7.6224E-5
35978,8.1342E-5
35979,6.4044E-5
35980,6.4159E-5
35981,6.3062E-5
35982,6.0239E-5
35983,8.6254E-5
35984,4.2128E-5
35985,8.3973E-5
35986,7.3281E-5
35987,8.3352E-5
35988,9.9207E-5
35989,6.3199E-5
35990,9.0565E-5
35991,6.3233E-5
35992,5.6215E-5
35993,6.4006E-5
35994,4.1658E-5
35995,7.635E-5
35996,5.2712E-5
35997,5.758E-5
35998,4.2157E-5
35999,7.4526E-5
36000,8.1286E-5
36001,9.9076E-5
36002,6.4989E-5
36003,7.2832E-5
36004,7.468E-5
36005,9.6193E-5
36006,7.9336E-5
36007,9.6532E-5
36008,3.1908E-5
36009,9.3685E-5
36010,6.9851E-5
36011,5.7422E-5
36012,5.6802E-5
36013,9.3809E-5
36014,6.4734E-5
36015,1.01509E-4
36016,4.7516E-5
36017,6.2203E-5
36018,6.9014E-5
36019,7.5726E-5
36020,8.5337E-5
36021,8.9968E-5
36022,4.686E-5
36023,7.0122E-5
36024,1.07905E-4
36025,5.7041E-5
36026,5.1381E-5
36027,1.05102E-4
36028,1.06607E-4
36029,6.9742E-5
36030,7.1626E-5
36031,1.0277E-4
36032,8.8152E-5
36033,8.3298E-5
36034,9.0794E-5
36035,6.5658E-5
36036,6.6672E-5
36037,1.01E-7
36038,6.5703E-5
36039,6.0668E-5
36040,6.818E-5
36041,8.3484E-5
36042,6.5461E-5
36043,4.8468E-5
36044,6.1884E-5
36045,5.4118E-5
36046,7.4167E-5
36047,0.020087918
36048,6.541E-5
36049,7.4735E-5
36050,6.39E-5
36051,6.9966E-5
36052,9.2828E-5
36053,6.5074E-5
36054,7.7013E-5
36055,5.1298E-5
36056,6.0563E-5
36057,9.9091E-5
36058,9.3392E-5
36059,7.8593E-5
36060,7.6231E-5
36061,6.8634E-5
36062,6.2829E-5
36063,6.4714E-5
36064,7.7062E-5
36065,9.7176E-5
36066,7.9847E-5
36067,5.2112E-5
36068,7.6389E-5
36069,8.4152E-5
36070,6.471E-5
36071,9.0389E-5
36072,7.5508E-5
36073,8.5479E-5
36074,7.6232E-5
36075,5.1467E-5
36076,6.569E-5
36077,1.4243E-5
36078,6.5821E-5
36079,8.2248E-5
36080,5.7233E-5
36081,6.4647E-5
36082,8.097E-5
36083,4.8074E-5
36084,7.74E-5
36085,5.6038E-5
36086,6.6271E-5
36087,6.5745E-5
36088,7.669E-5
36089,6.9919E-5
36090,4.9826E-5
36091,9.4641E-5
36092,5.8856E-5
36093,4.8395E-5
36094,7.5847E-5
36095,9.7302E-5
36096,7.6756E-5
36097,5.0577E-5
36098,5.4427E-5
36099,6.5941E-5
36100,6.9941E-5
36101,7.806E-5
36102,8.329E-5
36103,9.7855E-5
36104,1.11067E-4
36105,9.0262E-5
36106,2.7674E-5
36107,5.5096E-5
36108,7.5925E-5
36109,7.3669E-5
36110,7.9441E-5
36111,7.5964E-5
36112,8.5045E-5
36113,5.99E-5
36114,6.1499E-5
36115,6.3365E-5
36116,5.6777E-5
36117,5.4955E-5
36118,6.4347E-5
36119,6.5023E-5
36120,4.3578E-5
36121,6.4539E-5
36122,8.1103E-5
36123,8.2598E-5
36124,6.4358E-5
36125,8.6425E-5
36126,5.9768E-5
36127,1.02084E-4
36128,3.8543E-5
36129,8.0438E-5
36130,7.1038E-5
36131,8.9037E-5
36132,6.6583E-5
36133,6.0453E-5
36134,8.3102E-5
36135,7.9991E-5
36136,1.03104E-4
36137,5.8826E-5
36138,8.1446E-5
36139,8.6039E-5
36140,7.4406E-5
36141,5.2258E-5
36142,9.0473E-5
36143,6.0358E-5
36144,5.0193E-5
36145,5.613E-5
36146,8.8333E-5
36147,4.3137E-5
36148,6.3707E-5
36149,4.2474E-5
36150,6.0977E-5
36151,7.7954E-5
36152,1.09834E-4
36153,1.01672E-4
36154,5.9282E-5
36155,5.3721E-5
36156,5.4142E-5
36157,9.309E-5
36158,8.8398E-5
36159,6.418E-5
36160,6.3187E-5
36161,8.4628E-5
36162,5.974E-5
36163,7.6805E-5
36164,5.1332E-5
36165,8.6411E-5
36166,8.1617E-5
36167,7.1459E-5
36168,8.3915E-5
36169,8.5714E-5
36170,8.0085E-5
36171,7.6021E-5
36172,7.5265E-5
36173,1.10269E-4
36174,6.7892E-5
36175,7.17E-5
36176,6.3666E-5
36177,2.9406E-5
36178,9.8539E-5
36179,5.4468E-5
36180,5.6346E-5
36181,5.5631E-5
36182,6.6495E-5
36183,6.0899E-5
36184,1.02055E-4
36185,5.0744E-5
36186,9.2548E-5
36187,7.2186E-5
36188,1.12085E-4
36189,7.3459E-5
36190,9.9499E-5
36191,6.4663E-5
36192,3.7956E-5
36193,8.9723E-5
36194,8.5233E-5
36195,6.7656E-5
36196,5.5362E-5
36197,9.4524E-5
36198,3.2173E-5
36199,6.9558E-5
36200,4.7274E-5
36201,7.9361E-5
36202,8.6692E-5
36203,5.4339E-5
36204,8.2685E-5
36205,6.8673E-5
36206,6.6846E-5
36207,1.09903E-4
36208,9.8805E-5
36209,7.3859E-5
36210,9.1605E-5
36211,4.3092E-5
36212,6.3861E-5
36213,8.3628E-5
36214,6.0008E-5
36215,8.0178E-5
36216,7.7164E-5
36217,7.6398E-5
36218,9.3708E-5
36219,6.8817E-5
36220,6.8066E-5
36221,1.02538E-4
36222,7.9864E-5
36223,8.6461E-5
36224,8.0868E-5
36225,6.3574E-5
36226,8.3714E-5
36227,5.3301E-5
36228,7.8112E-5
36229,9.4142E-5
36230,8.8009E-5
36231,1.380804006
36232,7.2194E-5
36233,8.5605E-5
36234,5.9408E-5
36235,6.037E-5
36236,7.656E-5
36237,4.6467E-5
36238,5.3556E-5
36239,9.707E-5
36240,3.468E-5
36241,5.3452E-5
36242,1.06628E-4
36243,7.3523E-5
36244,1.01884E-4
36245,9.3539E-5
36246,5.8404E-5
36247,8.5136E-5
36248,8.2187E-5
36249,6.4057E-5
36250,3.2646E-5
36251,4.7914E-5
36252,6.1569E-5
36253,6.8747E-5
36254,6.2629E-5
36255,0.002641748
36256,6.5032E-5
36257,4.7935E-5
36258,5.1867E-5
36259,5.9141E-5
36260,7.9716E-5
36261,7.407E-5
36262,9.4605E-5
36263,5.7045E-5
36264,6.8816E-5
36265,1.17271E-4
36266,1.9698E-5
36267,6.8912E-5
36268,1.05483E-4
36269,6.3491E-5
36270,7.3789E-5
36271,7.2927E-5
36272,6.5932E-5
36273,6.2076E-5
36274,6.6659E-5
36275,8.9217E-5
36276,6.6414E-5
36277,4.5183E-5
36278,6.4795E-5
36279,7.6696E-5
36280,7.5566E-5
36281,7.7657E-5
36282,9.2816E-5
36283,6.9948E-5
36284,9.4438E-5
36285,6.1606E-5
36286,8.0919E-5
36287,7.9786E-5
36288,8.6483E-5
36289,6.0538E-5
36290,4.7601E-5
36291,8.1966E-5
36292,9.8254E-5
36293,8.6618E-5
36294,7.763E-5
36295,1.04279E-4
36296,6.9638E-5
36297,9.3914E-5
36298,7.6058E-5
36299,6.0196E-5
36300,5.7297E-5
36301,5.4128E-5
36302,4.8542E-5
36303,9.7926E-5
36304,5.6922E-5
36305,4.5138E-5
36306,6.6066E-5
36307,6.4535E-5
36308,4.7143E-5
36309,6.0207E-5
36310,5.3066E-5
36311,7.7414E-5
36312,1.0278E-4
36313,9.4993E-5
36314,7.8265E-5
36315,5.8695E-5
36316,5.3408E-5
36317,4.2913E-5
36318,4.8203E-5
36319,8.1417E-5
36320,7.2149E-5
36321,8.463E-5
36322,1.03776E-4
36323,9.6358E-5
36324,6.9328E-5
36325,8.1565E-5
36326,1.15872E-4
36327,9.0972E-5
36328,8.2795E-5
36329,8.1449E-5
36330,7.306E-5
36331,5.8377E-5
36332,7.5433E-5
36333,5.9977E-5
36334,2.5362E-5
36335,7.3553E-5
36336,5.271E-5
36337,3.6061E-5
36338,7.4835E-5
36339,6.1369E-5
36340,7.2037E-5
36341,5.1014E-5
36342,8.5159E-5
36343,6.2958E-5
36344,3.155E-5
36345,6.4321E-5
36346,6.6268E-5
36347,9.514E-5
36348,8.3653E-5
36349,7.7198E-5
36350,1.02449E-4
36351,8.1543E-5
36352,0.004525837
36353,6.5923E-5
36354,8.7572E-5
36355,1.9268E-5
36356,9.4623E-5
36357,1.11441E-4
36358,4.3161E-5
36359,9.0949E-5
36360,6.1111E-5
36361,5.2929E-5
36362,8.2049E-5
36363,9.2547E-5
36364,7.7321E-5
36365,1.11239E-4
36366,9.492E-5
36367,1.28642E-4
36368,6.9462E-5
36369,7.9754E-5
36370,4.4513E-5
36371,4.9385E-5
36372,7.1626E-5
36373,6.4422E-5
36374,5.7113E-5
36375,9.1673E-5
36376,4.1329E-5
36377,3.9268E-5
36378,1.03876E-4
36379,8.2909E-5
36380,6.346E-5
36381,6.8533E-5
36382,9.0464E-5
36383,9.6577E-5
36384,5.9111E-5
36385,5.6256E-5
36386,9.5302E-5
36387,5.0846E-5
36388,4.9584E-5
36389,8.1182E-5
36390,7.9697E-5
36391,7.1198E-5
36392,7.0422E-5
36393,3.7489E-5
36394,6.5824E-5
36395,6.1412E-5
36396,3.6465E-5
36397,5.0811E-5
36398,1.05637E-4
36399,6.8652E-5
36400,7.4819E-5
36401,5.6368E-5
36402,3.7751E-5
36403,8.1899E-5
36404,8.1179E-5
36405,7.5906E-5
36406,1.06403E-4
36407,5.7353E-5
36408,4.2546E-5
36409,4.5743E-5
36410,8.7386E-5
36411,6.5451E-5
36412,4.2194E-5
36413,6.4682E-5
36414,8.2394E-5
36415,8.6728E-5
36416,9.2905E-5
36417,4.5603E-5
36418,5.4198E-5
36419,4.7814E-5
36420,6.1307E-5
36421,5.3828E-5
36422,5.6698E-5
36423,8.2964E-5
36424,4.6185E-5
36425,6.5591E-5
36426,9.0005E-5
36427,9.6667E-5
36428,5.4092E-5
36429,5.7397E-5
36430,5.6327E-5
36431,5.3807E-5
36432,9.3837E-5
36433,8.1011E-5
36434,1.31246E-4
36435,1.04794E-4
36436,4.3702E-5
36437,3.3151E-5
36438,7.4336E-5
36439,9.9841E-5
36440,8.5795E-5
36441,6.516E-5
36442,9.0128E-5
36443,9.134E-5
36444,9.3001E-5
36445,6.1647E-5
36446,6.299E-5
36447,9.205E-5
36448,8.8972E-5
36449,8.7096E-5
36450,5.5148E-5
36451,8.1673E-5
36452,6.4261E-5
36453,7.5562E-5
36454,1.12243E-4
36455,5.9496E-5
36456,4.2992E-5
36457,9.5124E-5
36458,7.7273E-5
36459,9.5799E-5
36460,7.2177E-5
36461,5.4242E-5
36462,5.4373E-5
36463,5.5105E-5
36464,9.2871E-5
36465,6.1049E-5
36466,8.2103E-5
36467,9.0946E-5
36468,7.5308E-5
36469,4.7574E-5
36470,6.0602E-5
36471,4.9945E-5
36472,4.8171E-5
36473,8.7288E-5
36474,7.2712E-5
36475,8.1597E-5
36476,5.9745E-5
36477,7.323E-5
36478,6.2693E-5
36479,8.9152E-5
36480,9.6415E-5
36481,4.493E-5
36482,6.2275E-5
36483,8.7816E-5
36484,5.7232E-5
36485,7.1825E-5
36486,8.0871E-5
36487,7.72E-5
36488,8.0939E-5
36489,5.8939E-5
36490,9.1612E-5
36491,7.5602E-5
36492,6.1444E-5
36493,5.5372E-5
36494,9.5202E-5
36495,9.1555E-5
36496,4.8595E-5
36497,6.9416E-5
36498,8.9939E-5
36499,8.8752E-5
36500,4.0024E-5
36501,4.3021E-5
36502,9.1356E-5
36503,7.1307E-5
36504,5.4479E-5
36505,6.6992E-5
36506,1.8868E-5
36507,5.6023E-5
36508,8.2747E-5
36509,7.9318E-5
36510,8.0451E-5
36511,2.5558E-5
36512,8.9872E-5
36513,2.0744E-5
36514,6.974E-5
36515,6.9353E-5
36516,7.8721E-5
36517,7.8161E-5
36518,7.5738E-5
36519,5.3009E-5
36520,7.7792E-5
36521,1.08191E-4
36522,6.896E-5
36523,8.0582E-5
36524,8.1756E-5
36525,9.2284E-5
36526,7.921E-5
36527,8.3082E-5
36528,7.7742E-5
36529,9.5739E-5
36530,7.321E-5
36531,8.7925E-5
36532,6.7201E-5
36533,5.8825E-5
36534,8.867E-5
36535,7.5485E-5
36536,6.6217E-5
36537,8.7912E-5
36538,7.3815E-5
36539,5.8843E-5
36540,7.2134E-5
36541,4.5636E-5
36542,9.1988E-5
36543,1.08161E-4
36544,8.8982E-5
36545,6.4475E-5
36546,1.02399E-4
36547,7.4271E-5
36548,5.2037E-5
36549,7.6785E-5
36550,6.1602E-5
36551,7.3882E-5
36552,7.9248E-5
36553,6.5293E-5
36554,9.6214E-5
36555,8.8755E-5
36556,0.007456068
36557,7.0109E-5
36558,5.3311E-5
36559,8.2736E-5
36560,6.9642E-5
36561,7.0027E-5
36562,5.2123E-5
36563,6.4446E-5
36564,5.0237E-5
36565,8.2727E-5
36566,1.00251E-4
36567,3.8909E-5
36568,7.8095E-5
36569,8.8124E-5
36570,8.7422E-5
36571,5.566E-5
36572,9.076E-5
36573,7.0701E-5
36574,7.8464E-5
36575,6.4938E-5
36576,7.6382E-5
36577,8.8203E-5
36578,9.4792E-5
36579,5.311E-5
36580,8.0895E-5
36581,8.2189E-5
36582,5.6166E-5
36583,8.4081E-5
36584,4.7536E-5
36585,6.5209E-5
36586,6.5118E-5
36587,0.712219064
36588,7.6458E-5
36589,9.9041E-5
36590,6.7104E-5
36591,6.4198E-5
36592,9.6688E-5
36593,1.098E-4
36594,6.6382E-5
36595,6.9886E-5
36596,3.6006E-5
36597,0.002701277
36598,8.0896E-5
36599,6.3987E-5
36600,5.2483E-5
36601,6.9803E-5
36602,8.2825E-5
36603,8.4945E-5
36604,8.5369E-5
36605,8.521E-5
36606,5.6346E-5
36607,1.00327E-4
36608,8.8128E-5
36609,7.7209E-5
36610,9.6412E-5
36611,6.33E-5
36612,3.0658E-5
36613,5.775E-5
36614,7.0381E-5
36615,8.3551E-5
36616,6.4708E-5
36617,8.6741E-5
36618,8.4354E-5
36619,6.3275E-5
36620,6.2903E-5
36621,1.00445E-4
36622,8.3359E-5
36623,8.4049E-5
36624,8.1704E-5
36625,1.13008E-4
36626,8.4461E-5
36627,9.2681E-5
36628,5.7164E-5
36629,5.1587E-5
36630,8.6369E-5
36631,6.0288E-5
36632,6.6518E-5
36633,8.419E-5
36634,7.6923E-5
36635,7.5404E-5
36636,8.5507E-5
36637,7.7143E-5
36638,1.05588E-4
36639,7.6682E-5
36640,6.4016E-5
36641,6.4E-5
36642,2.844E-5
36643,3.9749E-5
36644,5.9349E-5
36645,8.3638E-5
36646,6.3644E-5
36647,5.7959E-5
36648,9.851E-5
36649,8.5167E-5
36650,5.9806E-5
36651,6.2083E-5
36652,9.5711E-5
36653,2.4784E-5
36654,6.0506E-5
36655,8.632E-5
36656,7.1519E-5
36657,4.3557E-5
36658,6.0357E-5
36659,6.5617E-5
36660,5.2428E-5
36661,9.0093E-5
36662,6.6466E-5
36663,4.4781E-5
36664,9.7887E-5
36665,2.4689E-5
36666,6.1969E-5
36667,6.4753E-5
36668,4.3869E-5
36669,7.1737E-5
36670,8.1427E-5
36671,7.245E-5
36672,5.7078E-5
36673,8.6658E-5
36674,6.8799E-5
36675,8.031E-5
36676,6.4709E-5
36677,8.1199E-5
36678,5.7225E-5
36679,7.1905E-5
36680,5.4725E-5
36681,7.726E-5
36682,8.6122E-5
36683,8.7513E-5
36684,5.0888E-5
36685,4.2782E-5
36686,4.9866E-5
36687,6.5553E-5
36688,7.7331E-5
36689,9.6371E-5
36690,7.566E-5
36691,9.1297E-5
36692,8.839E-5
36693,5.6885E-5
36694,4.6877E-5
36695,6.9809E-5
36696,7.9536E-5
36697,8.2714E-5
36698,5.8364E-5
36699,7.1202E-5
36700,4.0398E-5
36701,7.8375E-5
36702,9.2424E-5
36703,4.1572E-5
36704,4.9831E-5
36705,7.7964E-5
36706,8.0199E-5
36707,6.5325E-5
36708,6.141E-5
36709,1.01297E-4
36710,0.001918372
36711,8.1666E-5
36712,5.8764E-5
36713,4.8051E-5
36714,6.1026E-5
36715,4.9503E-5
36716,9.877E-4
36717,7.5353E-5
36718,9.7274E-5
36719,8.9249E-5
36720,7.5355E-5
36721,8.363E-5
36722,1.2962E-5
36723,5.8902E-5
36724,8.7725E-5
36725,4.5124E-5
36726,8.0067E-5
36727,7.5781E-5
36728,6.5832E-5
36729,6.5329E-5
36730,9.9948E-5
36731,3.4868E-5
36732,5.2687E-5
36733,8.1632E-5
36734,7.0454E-5
36735,6.9559E-5
36736,7.67E-5
36737,4.8393E-5
36738,0.003457053
36739,1.07085E-4
36740,5.9791E-5
36741,7.8697E-5
36742,8.1831E-5
36743,7.6012E-5
36744,7.0429E-5
36745,1.00424E-4
36746,9.9821E-5
36747,9.8044E-5
36748,3.4557E-5
36749,4.7811E-5
36750,5.1397E-5
36751,3.6477E-5
36752,7.9488E-5
36753,7.6914E-5
36754,9.7221E-5
36755,7.0831E-5
36756,6.898E-5
36757,8.8517E-5
36758,6.2679E-5
36759,8.3379E-5
36760,8.6508E-5
36761,8.5275E-5
36762,9.7672E-5
36763,4.4154E-5
36764,7.2296E-5
36765,7.4137E-5
36766,9.0328E-5
36767,9.0304E-5
36768,3.3401E-5
36769,7.0969E-5
36770,6.9015E-5
36771,6.4637E-5
36772,5.5126E-5
36773,8.6025E-5
36774,5.8655E-5
36775,4.993E-5
36776,5.1722E-5
36777,2.9619E-5
36778,0.04402021
36779,8.4218E-5
36780,7.3145E-5
36781,6.3613E-5
36782,9.3974E-5
36783,1.03671E-4
36784,6.1175E-5
36785,7.4028E-5
36786,8.1239E-5
36787,4.8507E-5
36788,5.4972E-5
36789,6.0275E-5
36790,8.1268E-5
36791,9.7403E-5
36792,9.7083E-5
36793,7.6771E-5
36794,7.8472E-5
36795,7.0437E-5
36796,7.3561E-5
36797,7.0767E-5
36798,7.2282E-5
36799,6.4952E-5
36800,2.7314E-5
36801,6.5712E-5
36802,9.0753E-5
36803,4.7719E-5
36804,5.6148E-5
36805,5.6704E-5
36806,7.8603E-5
36807,7.1533E-5
36808,1.16842E-4
36809,7.9514E-5
36810,4.7144E-5
36811,3.8284E-5
36812,1.18846E-4
36813,4.1196E-5
36814,1.06456E-4
36815,9.1251E-5
36816,5.7114E-5
36817,1.14617E-4
36818,6.8563E-5
36819,5.3994E-5
36820,8.6546E-5
36821,4.7442E-5
36822,9.3931E-5
36823,6.9453E-5
36824,7.0993E-5
36825,8.2899E-5
36826,7.9488E-5
36827,6.8299E-5
36828,6.2105E-5
36829,9.897E-5
36830,3.2249E-5
36831,3.5725E-5
36832,3.631E-5
36833,5.869E-5
36834,8.3272E-5
36835,3.6777E-5
36836,9.9022E-5
36837,4.6141E-5
36838,6.5957E-5
36839,8.4298E-5
36840,8.8271E-5
36841,4.9383E-5
36842,7.3097E-5
36843,9.8406E-5
36844,9.3822E-5
36845,6.6177E-5
36846,9.714E-5
36847,7.0874E-5
36848,7.0598E-5
36849,1.02294E-4
36850,7.4248E-5
36851,6.1499E-5
36852,8.8179E-5
36853,6.6493E-5
36854,7.3107E-5
36855,6.9835E-5
36856,7.1615E-5
36857,5.5994E-5
36858,7.5706E-5
36859,5.9122E-5
36860,1.00424E-4
36861,5.7304E-5
36862,6.8349E-5
36863,7.9425E-5
36864,0.00535023
36865,6.6023E-5
36866,0.011081763
36867,6.1725E-5
36868,1.01998E-4
36869,7.9388E-5
36870,3.9523E-5
36871,5.983E-5
36872,5.3366E-5
36873,4.8949E-5
36874,8.5031E-5
36875,1.04892E-4
36876,4.7141E-5
36877,1.00049E-4
36878,9.1089E-5
36879,6.9178E-5
36880,5.9942E-5
36881,7.1624E-5
36882,7.8813E-5
36883,7.1391E-5
36884,8.2366E-5
36885,8.9168E-5
36886,7.3724E-5
36887,6.0143E-5
36888,4.7559E-5
36889,7.1446E-5
36890,7.2961E-5
36891,7.97E-5
36892,7.8069E-5
36893,5.7477E-5
36894,8.5724E-5
36895,9.6723E-5
36896,1.3748E-5
36897,9.349E-5
36898,6.2927E-5
36899,4.7482E-5
36900,5.6786E-5
36901,6.6634E-5
36902,4.6683E-5
36903,7.0164E-5
36904,6.074E-5
36905,3.7869E-5
36906,7.5751E-5
36907,5.4853E-5
36908,6.9504E-5
36909,6.3599E-5
36910,3.8101E-5
36911,9.7943E-5
36912,3.0314E-5
36913,9.1223E-5
36914,7.152E-5
36915,7.9088E-5
36916,7.0905E-5
36917,9.1639E-5
36918,8.1582E-5
36919,3.3817E-5
36920,9.6466E-5
36921,6.6278E-5
36922,6.6168E-5
36923,7.0893E-5
36924,9.9862E-5
36925,6.167E-5
36926,8.6015E-5
36927,6.4912E-5
36928,6.7233E-5
36929,1.05431E-4
36930,9.3198E-5
36931,6.2955E-5
36932,9.9288E-5
36933,5.6319E-5
36934,9.7291E-5
36935,1.10463E-4
36936,1.15772E-4
36937,9.2412E-5
36938,3.6808E-5
36939,9.0532E-5
36940,5.6939E-5
36941,7.2763E-5
36942,6.0165E-5
36943,7.7558E-5
36944,5.9009E-5
36945,8.6593E-5
36946,9.6239E-5
36947,7.6679E-5
36948,6.5668E-5
36949,6.0845E-5
36950,8.6906E-5
36951,6.4306E-5
36952,7.1297E-5
36953,1.15757E-4
36954,8.3684E-5
36955,7.1247E-5
36956,0.013122227
36957,8.1175E-5
36958,9.2643E-5
36959,8.5823E-5
36960,5.8874E-5
36961,5.6149E-5
36962,1.01743E-4
36963,7.203E-5
36964,1.08958E-4
36965,1.05572E-4
36966,6.5928E-5
36967,0.024417734
36968,9.1373E-5
36969,5.4401E-5
36970,8.7696E-5
36971,6.9711E-5
36972,6.0149E-5
36973,6.0048E-5
36974,4.7207E-5
36975,6.9082E-5
36976,7.1238E-5
36977,9.2928E-5
36978,9.0792E-5
36979,5.119E-5
36980,4.9976E-5
36981,7.5828E-5
36982,9.4598E-5
36983,8.7425E-5
36984,7.5298E-5
36985,4.6981E-5
36986,6.4504E-5
36987,4.7597E-5
36988,7.5162E-5
36989,6.4971E-5
36990,8.9374E-5
36991,8.6724E-5
36992,1.05528E-4
36993,5.6496E-5
36994,5.0449E-5
36995,6.3069E-5
36996,3.7042E-5
36997,6.4684E-5
36998,8.7053E-5
36999,1.08204E-4
37000,8.0688E-5
37001,5.5367E-5
37002,9.8398E-5
37003,3.9192E-5
37004,8.4068E-5
37005,4.9253E-5
37006,7.3202E-5
37007,5.0687E-5
37008,9.961E-5
37009,9.166E-5
37010,8.5644E-5
37011,7.0544E-5
37012,7.2929E-5
37013,9.3884E-5
37014,1.08191E-4
37015,5.3606E-5
37016,0.002925554
37017,8.2799E-5
37018,3.2555E-5
37019,6.9923E-5
37020,4.3043E-5
37021,1.06894E-4
37022,5.8727E-5
37023,5.2288E-5
37024,6.0726E-5
37025,7.1773E-5
37026,8.6118E-5
37027,8.6482E-5
37028,6.5973E-5
37029,8.9094E-5
37030,1.00129E-4
37031,6.249E-5
37032,5.7971E-5
37033,7.594E-5
37034,8.1313E-5
37035,6.416E-5
37036,8.38E-5
37037,1.07894E-4
37038,6.558E-5
37039,7.6872E-5
37040,8.3802E-5
37041,7.0678E-5
37042,5.9291E-5
37043,1.01075E-4
37044,6.998E-5
37045,7.9097E-5
37046,8.662E-5
37047,6.6948E-5
37048,5.3506E-5
37049,7.5295E-5
37050,1.09301E-4
37051,7.4675E-5
37052,9.5573E-5
37053,6.6246E-5
37054,5.5442E-5
37055,1.08873E-4
37056,5.3963E-5
37057,5.9161E-5
37058,4.3874E-5
37059,6.4212E-5
37060,1.09306E-4
37061,1.00176E-4
37062,6.4145E-5
37063,8.8126E-5
37064,6.5202E-5
37065,9.0384E-5
37066,6.1526E-5
37067,7.6869E-5
37068,5.6071E-5
37069,4.2812E-5
37070,5.1552E-5
37071,1.00502E-4
37072,6.8197E-5
37073,5.1085E-5
37074,7.6882E-5
37075,9.0174E-5
37076,9.3254E-5
37077,9.0201E-5
37078,1.08167E-4
37079,9.4226E-5
37080,6.5476E-5
37081,5.1611E-5
37082,4.484E-5
37083,6.3255E-5
37084,8.3812E-5
37085,9.6876E-5
37086,3.6022E-5
37087,1.02956E-4
37088,5.3589E-5
37089,6.3172E-5
37090,1.2449E-4
37091,7.799E-5
37092,3.7122E-5
37093,5.0288E-5
37094,3.6415E-5
37095,6.6237E-5
37096,8.683E-5
37097,5.6974E-5
37098,7.8149E-5
37099,5.6833E-5
37100,7.3964E-5
37101,7.1305E-5
37102,9.6642E-5
37103,5.4566E-5
37104,8.6339E-5
37105,9.6448E-5
37106,1.13402E-4
37107,6.9045E-5
37108,6.6581E-5
37109,5.0813E-5
37110,4.4341E-5
37111,6.1414E-5
37112,7.377E-5
37113,7.508E-5
37114,5.9139E-5
37115,8.0941E-5
37116,1.07259E-4
37117,1.0327E-4
37118,4.6456E-5
37119,1.0448E-4
37120,4.2721E-5
37121,6.5058E-5
37122,5.1908E-5
37123,6.2215E-5
37124,6.4721E-5
37125,8.7469E-5
37126,6.101E-5
37127,7.0128E-5
37128,5.673E-5
37129,8.2286E-5
37130,7.5833E-5
37131,6.8547E-5
37132,7.549E-5
37133,9.9191E-5
37134,8.5453E-5
37135,8.1307E-5
37136,8.9282E-5
37137,5.536E-5
37138,7.2274E-5
37139,7.9975E-5
37140,6.0565E-5
37141,7.2037E-5
37142,5.2701E-5
37143,7.3875E-5
37144,6.7629E-5
37145,7.7623E-5
37146,5.5187E-5
37147,6.8868E-5
37148,6.1725E-5
37149,3.6044E-5
37150,8.5485E-5
37151,4.5028E-5
37152,9.5315E-5
37153,7.8333E-5
37154,7.7551E-5
37155,7.225E-5
37156,3.941E-5
37157,9.513E-5
37158,5.9685E-5
37159,3.5777E-5
37160,4.8935E-5
37161,5.2914E-5
37162,3.69E-5
37163,7.6622E-5
37164,6.3622E-5
37165,9.5972E-5
37166,6.4614E-5
37167,8.4048E-5
37168,7.6121E-5
37169,1.11193E-4
37170,1.2788E-4
37171,1.00354E-4
37172,8.1547E-5
37173,7.7239E-5
37174,8.0213E-5
37175,9.2099E-5
37176,5.4945E-5
37177,1.1413E-4
37178,5.5117E-5
37179,6.4796E-5
37180,1.18627E-4
37181,1.9234E-5
37182,7.2479E-5
37183,7.5125E-5
37184,6.8403E-5
37185,9.7112E-5
37186,1.07871E-4
37187,1.09179E-4
37188,8.7572E-5
37189,5.011E-5
37190,7.603E-5
37191,1.07904E-4
37192,1.35647E-4
37193,2.1038E-5
37194,7.5753E-5
37195,6.8622E-5
37196,3.651E-5
37197,7.6555E-5
37198,6.065E-5
37199,1.04779E-4
37200,9.1787E-5
37201,7.947E-5
37202,6.5581E-5
37203,7.6489E-5
37204,5.4815E-5
37205,6.4743E-5
37206,1.07792E-4
37207,5.3196E-5
37208,4.3E-5
37209,8.6937E-5
37210,7.1884E-5
37211,8.8321E-5
37212,4.6185E-5
37213,7.9505E-5
37214,8.3931E-5
37215,6.4697E-5
37216,7.5935E-5
37217,6.3278E-5
37218,9.2719E-5
37219,9.175E-5
37220,1.02679E-4
37221,9.5849E-5
37222,6.4755E-5
37223,1.11178E-4
37224,5.9565E-5
37225,6.3375E-5
37226,8.6459E-5
37227,8.5173E-5
37228,5.8422E-5
37229,7.5915E-5
37230,3.8595E-5
37231,3.9485E-5
37232,2.182E-5
37233,4.9983E-5
37234,9.1314E-5
37235,6.677E-5
37236,6.9736E-5
37237,6.4497E-5
37238,5.7857E-5
37239,5.1797E-5
37240,9.06E-5
37241,1.13153E-4
37242,6.3387E-5
37243,7.4681E-5
37244,8.1592E-5
37245,1.07784E-4
37246,1.02928E-4
37247,5.7249E-5
37248,1.00558E-4
37249,7.6247E-5
37250,5.2768E-5
37251,5.6127E-5
37252,1.09551E-4
37253,1.00321E-4
37254,1.12331E-4
37255,6.5966E-5
37256,7.3928E-5
37257,9.2831E-5
37258,7.819E-5
37259,8.0688E-5
37260,5.9525E-5
37261,8.4056E-5
37262,7.8147E-5
37263,7.6617E-5
37264,5.9242E-5
37265,6.9661E-5
37266,7.3753E-5
37267,8.4714E-5
37268,7.5292E-5
37269,6.3961E-5
37270,8.5045E-5
37271,6.5443E-5
37272,6.8181E-5
37273,8.7201E-5
37274,5.9518E-5
37275,5.7171E-5
37276,7.8125E-5
37277,5.4174E-5
37278,1.01181E-4
37279,7.3474E-5
37280,6.9715E-5
37281,9.9674E-5
37282,7.3397E-5
37283,4.778E-5
37284,1.13364E-4
37285,5.0677E-5
37286,8.2702E-5
37287,8.1479E-5
37288,3.4503E-5
37289,7.5852E-5
37290,4.3317E-5
37291,9.3971E-5
37292,5.9693E-5
37293,5.9772E-5
37294,7.688E-5
37295,4.7645E-5
37296,1.11928E-4
37297,5.5847E-5
37298,5.3891E-5
37299,5.3125E-5
37300,7.765E-5
37301,7.8277E-5
37302,6.627E-5
37303,5.4909E-5
37304,1.12193E-4
37305,1.00905E-4
37306,4.2777E-5
37307,7.4997E-5
37308,6.5645E-5
37309,7.8239E-5
37310,7.9436E-5
37311,9.3124E-5
37312,6.3855E-5
37313,8.7024E-5
37314,7.1765E-5
37315,6.3032E-5
37316,7.8155E-5
37317,7.7236E-5
37318,3.8535E-5
37319,6.3394E-5
37320,6.3179E-5
37321,1.05331E-4
37322,8.6119E-5
37323,4.163E-5
37324,1.16423E-4
37325,7.8049E-5
37326,8.97E-5
37327,7.1809E-5
37328,6.5411E-5
37329,8.751E-5
37330,6.9219E-5
37331,5.421E-5
37332,8.4219E-5
37333,6.8332E-5
37334,6.3204E-5
37335,8.3105E-5
37336,7.332E-5
37337,4.7872E-5
37338,7.5644E-5
37339,5.0249E-5
37340,9.8446E-5
37341,6.6832E-5
37342,5.3319E-5
37343,1.02833E-4
37344,5.6251E-5
37345,7.2565E-5
37346,8.5507E-5
37347,1.03291E-4
37348,9.5733E-5
37349,8.3775E-5
37350,6.4187E-5
37351,9.5918E-5
37352,6.9288E-5
37353,7.4472E-5
37354,1.05115E-4
37355,6.8453E-5
37356,1.0303E-4
37357,9.185E-5
37358,7.2224E-5
37359,1.02666E-4
37360,7.9308E-5
37361,7.3405E-5
37362,6.0329E-5
37363,4.3239E-5
37364,1.05663E-4
37365,7.9753E-5
37366,3.8872E-5
37367,1.20965E-4
37368,8.5689E-5
37369,4.9651E-5
37370,8.4276E-5
37371,7.4972E-5
37372,9.2923E-5
37373,6.3867E-5
37374,7.3979E-5
37375,8.1587E-5
37376,1.10327E-4
37377,9.2148E-5
37378,5.2211E-5
37379,7.8104E-5
37380,6.9222E-5
37381,7.9597E-5
37382,1.02914E-4
37383,7.9476E-5
37384,6.8269E-5
37385,7.1889E-5
37386,7.7672E-5
37387,8.3583E-5
37388,8.2164E-5
37389,7.8519E-5
37390,6.7491E-5
37391,6.1822E-5
37392,7.7219E-5
37393,6.4137E-5
37394,7.405E-5
37395,9.5852E-5
37396,4.9837E-5
37397,7.7874E-5
37398,4.5998E-5
37399,7.7919E-5
37400,7.3949E-5
37401,7.5538E-5
37402,9.4408E-5
37403,6.543E-5
37404,7.5024E-5
37405,9.9057E-5
37406,0.002078511
37407,3.5609E-5
37408,1.03963E-4
37409,7.9367E-5
37410,5.688E-5
37411,4.9647E-5
37412,1.04865E-4
37413,6.67535E-4
37414,8.1275E-5
37415,1.03257E-4
37416,6.3699E-5
37417,5.8427E-5
37418,3.8989E-5
37419,1.19355E-4
37420,8.5817E-5
37421,6.3673E-5
37422,8.7453E-5
37423,9.9295E-5
37424,6.5987E-5
37425,7.3601E-5
37426,8.9119E-5
37427,7.4461E-5
37428,9.8646E-5
37429,5.2482E-5
37430,5.601E-5
37431,7.5838E-5
37432,8.5178E-5
37433,9.4908E-5
37434,8.9158E-5
37435,6.8643E-5
37436,9.6271E-5
37437,1.15125E-4
37438,5.0669E-5
37439,8.6268E-5
37440,5.3069E-5
37441,7.2858E-5
37442,1.09471E-4
37443,5.0162E-5
37444,6.1576E-5
37445,1.01105E-4
37446,4.0548E-5
37447,7.636E-5
37448,6.29E-5
37449,8.8074E-5
37450,8.6148E-5
37451,7.0673E-5
37452,7.5826E-5
37453,1.07028E-4
37454,7.3296E-5
37455,1.27275E-4
37456,6.7977E-5
37457,9.0332E-5
37458,3.3751E-5
37459,8.3272E-5
37460,1.12556E-4
37461,9.6271E-5
37462,8.6442E-5
37463,6.5276E-5
37464,1.06351E-4
37465,7.1575E-5
37466,8.2221E-5
37467,6.5244E-5
37468,7.8027E-5
37469,1.08052E-4
37470,8.5961E-5
37471,7.3755E-5
37472,6.5679E-5
37473,5.795E-5
37474,1.08851E-4
37475,6.904E-5
37476,1.01456E-4
37477,6.691E-5
37478,4.8719E-5
37479,5.065E-5
37480,8.5974E-5
37481,0.00498112
37482,6.3529E-5
37483,8.2636E-5
37484,7.1219E-5
37485,5.8469E-5
37486,4.3026E-5
37487,2.163E-5
37488,6.8138E-5
37489,9.7894E-5
37490,8.2905E-5
37491,6.8757E-5
37492,4.7177E-5
37493,9.1424E-5
37494,7.995E-5
37495,1.09552E-4
37496,1.13104E-4
37497,9.3802E-5
37498,4.9345E-5
37499,6.4105E-5
37500,8.8817E-5
37501,1.10761E-4
37502,1.18196E-4
37503,8.5535E-5
37504,1.00432E-4
37505,6.5348E-5
37506,7.2593E-5
37507,6.4345E-5
37508,9.8301E-5
37509,7.3571E-5
37510,1.5858E-5
37511,6.6514E-5
37512,6.7667E-5
37513,1.08356E-4
37514,1.10236E-4
37515,8.45E-5
37516,7.4691E-5
37517,5.9195E-5
37518,5.5393E-5
37519,7.5373E-5
37520,9.8604E-5
37521,6.3142E-5
37522,8.8084E-5
37523,9.1327E-5
37524,7.2634E-5
37525,9.5499E-5
37526,6.7687E-5
37527,7.6263E-5
37528,5.0262E-5
37529,6.9756E-5
37530,2.3806E-5
37531,1.2808E-5
37532,9.4717E-5
37533,8.7755E-5
37534,4.6898E-5
37535,5.9397E-5
37536,8.075E-5
37537,8.4668E-5
37538,5.9652E-5
37539,7.324E-5
37540,6.9249E-5
37541,6.8912E-5
37542,4.3004E-5
37543,3.027E-5
37544,7.3707E-5
37545,3.5903E-5
37546,6.8423E-5
37547,1.08359E-4
37548,7.011E-5
37549,8.1696E-5
37550,1.2077E-4
37551,0.01066508
37552,6.2554E-5
37553,5.8773E-5
37554,7.1432E-5
37555,8.803E-5
37556,8.8405E-5
37557,8.3744E-5
37558,7.1209E-5
37559,6.1162E-5
37560,8.7897E-5
37561,9.1732E-5
37562,9.2973E-5
37563,6.2641E-5
37564,5.2685E-5
37565,6.0463E-5
37566,7.7349E-5
37567,1.02358E-4
37568,7.5166E-5
37569,9.3517E-5
37570,7.1161E-5
37571,7.5463E-5
37572,7.1916E-5
37573,4.7381E-5
37574,8.8853E-5
37575,4.7023E-5
37576,6.9714E-5
37577,7.0825E-5
37578,7.7688E-5
37579,8.1869E-5
37580,8.6112E-5
37581,4.6328E-5
37582,8.3884E-5
37583,6.6536E-5
37584,7.7883E-5
37585,4.5495E-5
37586,3.6843E-5
37587,8.7084E-5
37588,6.9325E-5
37589,8.7889E-5
37590,3.8305E-5
37591,3.3772E-5
37592,7.942E-5
37593,8.5446E-5
37594,9.6518E-5
37595,9.0201E-5
37596,3.3093E-5
37597,6.9797E-5
37598,8.8505E-5
37599,7.7756E-5
37600,5.9642E-5
37601,7.6707E-5
37602,7.9618E-5
37603,5.0299E-5
37604,8.6791E-5
37605,6.5183E-5
37606,8.3629E-5
37607,5.0501E-5
37608,4.7867E-5
37609,2.1777E-5
37610,3.6712E-5
37611,6.798E-5
37612,7.8916E-5
37613,9.0385E-5
37614,1.32648E-4
37615,1.1615E-5
37616,4.0899E-5
37617,8.9217E-5
37618,8.0251E-5
37619,8.7634E-5
37620,1.056E-4
37621,7.3117E-5
37622,5.4995E-5
37623,5.9721E-5
37624,3.917E-5
37625,7.967E-5
37626,5.9448E-5
37627,5.7572E-5
37628,4.2763E-5
37629,9.2149E-5
37630,7.742E-5
37631,8.2227E-5
37632,5.1756E-5
37633,7.2322E-5
37634,7.0994E-5
37635,0.021511785
37636,7.9848E-5
37637,6.4751E-5
37638,1.02173E-4
37639,5.8628E-5
37640,8.7309E-5
37641,1.901E-5
37642,8.8779E-5
37643,1.12856E-4
37644,6.9526E-5
37645,8.5207E-5
37646,8.5243E-5
37647,5.1148E-5
37648,1.25199E-4
37649,8.7739E-5
37650,9.4888E-5
37651,7.1096E-5
37652,9.8348E-5
37653,7.5182E-5
37654,6.0425E-5
37655,8.2296E-5
37656,4.9453E-5
37657,5.0728E-5
37658,4.7557E-5
37659,6.4671E-5
37660,7.7124E-5
37661,7.6537E-5
37662,6.4038E-5
37663,3.739E-5
37664,6.0343E-5
37665,7.3978E-5
37666,9.5899E-5
37667,8.6658E-5
37668,9.0925E-5
37669,8.9721E-5
37670,6.6834E-5
37671,9.4061E-5
37672,5.3863E-5
37673,5.3443E-5
37674,8.0127E-5
37675,6.1748E-5
37676,5.5717E-5
37677,1.06643E-4
37678,8.5672E-5
37679,6.4598E-5
37680,7.2312E-5
37681,6.2593E-5
37682,5.6595E-5
37683,7.0636E-5
37684,4.8403E-5
37685,1.17255E-4
37686,8.2926E-5
37687,8.9748E-5
37688,6.4586E-5
37689,1.35404E-4
37690,7.5094E-5
37691,3.7369E-5
37692,1.00536E-4
37693,6.4885E-5
37694,8.2292E-5
37695,5.9663E-5
37696,7.2817E-5
37697,8.1771E-5
37698,7.1962E-5
37699,7.9622E-5
37700,7.2832E-5
37701,5.7872E-5
37702,5.0917E-5
37703,7.6321E-5
37704,5.1673E-5
37705,7.062E-5
37706,6.4947E-5
37707,6.0517E-5
37708,9.938E-5
37709,7.5402E-5
37710,0.006313689
37711,9.6429E-5
37712,8.9725E-5
37713,6.5358E-5
37714,1.06138E-4
37715,7.4365E-5
37716,8.2327E-5
37717,8.7921E-5
37718,8.1011E-5
37719,6.2278E-5
37720,7.828E-5
37721,8.0414E-5
37722,7.9205E-5
37723,6.2314E-5
37724,4.3805E-5
37725,5.6124E-5
37726,4.24067E-4
37727,5.366E-5
37728,5.4999E-5
37729,8.4802E-5
37730,8.1049E-5
37731,8.7685E-5
37732,5.6707E-5
37733,7.3036E-5
37734,5.2176E-5
37735,1.00001E-4
37736,9.2608E-5
37737,1.28703E-4
37738,9.2744E-5
37739,8.3296E-5
37740,6.6098E-5
37741,4.2865E-5
37742,7.0092E-5
37743,8.6938E-5
37744,5.9685E-5
37745,7.192E-5
37746,5.6133E-5
37747,0.006477928
37748,9.3129E-5
37749,8.6794E-5
37750,8.1418E-5
37751,5.8243E-5
37752,6.1694E-5
37753,7.517E-5
37754,1.0994E-4
37755,1.16539E-4
37756,6.8878E-5
37757,6.325E-5
37758,9.5933E-5
37759,1.14286E-4
37760,7.2831E-5
37761,6.5358E-5
37762,9.852E-5
37763,9.7628E-5
37764,6.2649E-5
37765,2.6156E-5
37766,7.1821E-5
37767,7.1576E-5
37768,4.4277E-5
37769,5.899E-5
37770,1.04246E-4
37771,4.7591E-5
37772,1.06488E-4
37773,7.9148E-5
37774,9.1763E-5
37775,6.3785E-5
37776,5.1709E-5
37777,6.5716E-5
37778,1.15008E-4
37779,1.02575E-4
37780,5.9636E-5
37781,7.0206E-5
37782,7.6093E-5
37783,7.5977E-5
37784,6.092E-5
37785,7.9082E-5
37786,3.3857E-5
37787,1.00065E-4
37788,5.5676E-5
37789,5.7717E-5
37790,4.8846E-5
37791,5.2554E-5
37792,8.2633E-5
37793,7.2352E-5
37794,7.5421E-5
37795,8.7621E-5
37796,5.2212E-5
37797,7.9448E-5
37798,1.27939E-4
37799,8.4913E-5
37800,6.538E-5
37801,6.5237E-5
37802,4.9336E-5
37803,7.8268E-5
37804,9.4263E-5
37805,5.3422E-5
37806,4.1541E-5
37807,7.3253E-5
37808,7.0243E-5
37809,6.0794E-5
37810,9.0536E-5
37811,6.974E-5
37812,7.4539E-5
37813,8.9415E-5
37814,8.7293E-5
37815,6.693E-5
37816,6.8328E-5
37817,6.5834E-5
37818,7.5039E-5
37819,8.8287E-5
37820,6.0599E-5
37821,7.7882E-5
37822,4.4707E-5
37823,8.1994E-5
37824,7.2524E-5
37825,8.9997E-5
37826,3.5593E-5
37827,4.7717E-5
37828,6.8507E-5
37829,7.987E-5
37830,5.5228E-5
37831,6.0492E-5
37832,7.5472E-5
37833,7.7241E-5
37834,4.3384E-5
37835,6.3404E-5
37836,9.9945E-5
37837,1.06985E-4
37838,9.8172E-5
37839,3.7709E-5
37840,7.5405E-5
37841,6.2791E-5
37842,7.2276E-5
37843,6.5642E-5
37844,4.9461E-5
37845,8.1879E-5
37846,6.5962E-5
37847,5.8285E-5
37848,6.5413E-5
37849,4.4048E-5
37850,9.4934E-5
37851,9.5304E-5
37852,7.7668E-5
37853,1.00059E-4
37854,7.2627E-5
37855,9.8033E-5
37856,8.1079E-5
37857,8.1526E-5
37858,8.4087E-5
37859,6.6676E-5
37860,7.2401E-5
37861,5.4953E-5
37862,4.3384E-5
37863,7.4723E-5
37864,0.00503291
37865,8.2562E-5
37866,9.1433E-5
37867,8.6352E-5
37868,9.6774E-5
37869,1.05059E-4
37870,8.3815E-5
37871,6.8541E-5
37872,7.8462E-5
37873,7.0902E-5
37874,9.6077E-5
37875,6.3836E-5
37876,6.02E-5
37877,1.09354E-4
37878,8.5076E-5
37879,1.14778E-4
37880,8.3738E-5
37881,5.1109E-5
37882,3.0785E-5
37883,6.4752E-5
37884,5.4753E-5
37885,6.0764E-5
37886,9.2759E-5
37887,1.21534E-4
37888,8.803E-5
37889,8.3282E-5
37890,5.537E-5
37891,8.0832E-5
37892,7.6432E-5
37893,7.8347E-5
37894,5.3554E-5
37895,6.8762E-5
37896,8.7051E-5
37897,7.1154E-5
37898,4.5237E-5
37899,5.908E-5
37900,7.3854E-5
37901,8.4813E-5
37902,7.6853E-5
37903,4.7389E-5
37904,7.9593E-5
37905,2.9744E-5
37906,5.7969E-5
37907,1.0879E-4
37908,6.9351E-5
37909,1.11772E-4
37910,6.1405E-5
37911,1.09803E-4
37912,7.777E-5
37913,6.7202E-5
37914,3.2072E-5
37915,7.7277E-5
37916,1.06924E-4
37917,7.0282E-5
37918,7.3785E-5
37919,9.0667E-5
37920,8.913E-5
37921,8.2663E-5
37922,7.1423E-5
37923,9.7625E-5
37924,9.2921E-5
37925,6.4976E-5
37926,8.4017E-5
37927,8.0426E-5
37928,6.35E-5
37929,9.0686E-5
37930,5.858E-5
37931,5.4991E-5
37932,5.7036E-5
37933,8.7153E-5
37934,7.4166E-5
37935,9.2268E-5
37936,6.3748E-5
37937,3.2657E-5
37938,6.4819E-5
37939,8.3642E-5
37940,1.03378E-4
37941,9.543E-5
37942,8.6356E-5
37943,1.17386E-4
37944,1.13999E-4
37945,7.9657E-5
37946,1.01326E-4
37947,9.672E-5
37948,8.7051E-5
37949,7.5928E-5
37950,6.5515E-5
37951,6.6248E-5
37952,7.9903E-5
37953,7.1958E-5
37954,9.3131E-5
37955,3.8139E-5
37956,8.1061E-5
37957,1.31998E-4
37958,8.3187E-5
37959,9.3979E-5
37960,8.7553E-5
37961,7.2413E-5
37962,5.6173E-5
37963,4.8341E-5
37964,7.5358E-5
37965,9.2021E-5
37966,1.06104E-4
37967,8.4724E-5
37968,8.3339E-5
37969,6.3255E-5
37970,8.6938E-5
37971,3.7568E-5
37972,9.5919E-5
37973,7.3244E-5
37974,4.9255E-5
37975,5.586E-5
37976,7.2068E-5
37977,7.1637E-5
37978,9.0105E-5
37979,7.7184E-5
37980,8.4355E-5
37981,8.5347E-5
37982,7.5919E-5
37983,7.8391E-5
37984,5.4947E-5
37985,8.817E-5
37986,8.986E-5
37987,8.374E-5
37988,9.1899E-5
37989,6.1024E-5
37990,1.0882E-4
37991,6.2258E-5
37992,1.07191E-4
37993,9.556E-5
37994,7.5294E-5
37995,6.4256E-5
37996,8.1104E-5
37997,7.9517E-5
37998,8.9709E-5
37999,6.5478E-5
38000,8.22E-5
38001,8.9324E-5
38002,9.22E-5
38003,8.942E-5
38004,6.2844E-5
38005,9.4246E-5
38006,7.4146E-5
38007,6.4801E-5
38008,5.5683E-5
38009,1.14969E-4
38010,1.01447E-4
38011,7.0614E-5
38012,4.9407E-5
38013,2.6318E-5
38014,6.5379E-5
38015,6.3664E-5
38016,9.9676E-5
38017,6.8845E-5
38018,7.1235E-5
38019,9.6832E-5
38020,7.5295E-5
38021,6.1825E-5
38022,5.3213E-5
38023,7.7951E-5
38024,6.8439E-5
38025,7.0862E-5
38026,8.2837E-5
38027,8.4622E-5
38028,6.7846E-5
38029,9.4445E-5
38030,1.01884E-4
38031,8.2977E-5
38032,9.0515E-5
38033,6.5006E-5
38034,7.1771E-5
38035,8.0802E-5
38036,8.0129E-5
38037,4.7373E-5
38038,7.3338E-5
38039,8.9696E-5
38040,1.17851E-4
38041,7.7156E-5
38042,4.2742E-5
38043,3.2367E-5
38044,5.9009E-5
38045,6.0761E-5
38046,5.0712E-5
38047,1.01681E-4
38048,6.6447E-5
38049,5.9455E-5
38050,6.1279E-5
38051,1.06482E-4
38052,5.3521E-5
38053,6.4266E-5
38054,6.5347E-5
38055,6.8584E-5
38056,8.4824E-5
38057,9.4519E-5
38058,9.9594E-5
38059,9.525E-5
38060,6.8144E-5
38061,4.8718E-5
38062,6.4772E-5
38063,6.6119E-5
38064,9.2702E-5
38065,4.8563E-5
38066,9.5395E-5
38067,6.2519E-5
38068,6.0804E-5
38069,1.00142E-4
38070,5.8157E-5
38071,0.001118831
38072,5.1959E-5
38073,6.6664E-5
38074,8.5239E-5
38075,1.139E-4
38076,9.1347E-5
38077,8.1387E-5
38078,8.2828E-5
38079,1.29563E-4
38080,6.9173E-5
38081,6.8475E-5
38082,7.122E-5
38083,5.823E-5
38084,9.3052E-5
38085,2.1713E-5
38086,8.1236E-5
38087,4.8739E-5
38088,1.03451E-4
38089,7.8539E-5
38090,8.698E-5
38091,9.0903E-5
38092,6.2552E-5
38093,2.6277E-5
38094,7.8931E-5
38095,8.4732E-5
38096,6.453E-5
38097,9.8473E-5
38098,9.3612E-5
38099,5.0042E-5
38100,1.12476E-4
38101,1.01627E-4
38102,7.0848E-5
38103,7.9215E-5
38104,5.3089E-5
38105,6.2766E-5
38106,7.7321E-5
38107,6.2098E-5
38108,7.1785E-5
38109,1.00617E-4
38110,7.7789E-5
38111,5.3527E-5
38112,9.4988E-5
38113,6.9585E-5
38114,5.2726E-5
38115,3.9935E-5
38116,9.0287E-5
38117,9.1417E-5
38118,8.7119E-5
38119,9.701E-5
38120,9.4619E-5
38121,5.1934E-5
38122,9.7591E-5
38123,9.2288E-5
38124,8.3184E-5
38125,9.6341E-5
38126,7.7997E-5
38127,7.2837E-5
38128,0.023349417
38129,9.567E-5
38130,4.9301E-5
38131,1.04522E-4
38132,9.0106E-5
38133,6.6871E-5
38134,8.6241E-5
38135,6.8273E-5
38136,9.3177E-5
38137,8.7018E-5
38138,9.5768E-5
38139,9.7249E-5
38140,5.8011E-5
38141,8.7934E-5
38142,8.9508E-5
38143,3.8369E-5
38144,9.3003E-5
38145,8.1133E-5
38146,6.9592E-5
38147,8.6126E-5
38148,7.8716E-5
38149,3.5929E-5
38150,5.8435E-5
38151,8.8798E-5
38152,7.8986E-5
38153,9.2906E-5
38154,6.3285E-5
38155,9.8482E-5
38156,8.4206E-5
38157,5.4075E-5
38158,7.6083E-5
38159,1.03952E-4
38160,1.04036E-4
38161,6.0868E-5
38162,8.2799E-5
38163,4.8455E-5
38164,4.8888E-5
38165,8.4008E-5
38166,7.8833E-5
38167,5.5774E-5
38168,6.4632E-5
38169,7.3028E-5
38170,4.3888E-5
38171,6.4781E-5
38172,5.7788E-5
38173,9.0812E-5
38174,9.0575E-5
38175,9.0453E-5
38176,6.3993E-5
38177,7.2581E-5
38178,6.4169E-5
38179,7.8045E-5
38180,3.0971E-5
38181,1.06695E-4
38182,8.0881E-5
38183,4.2787E-5
38184,7.3294E-5
38185,5.1798E-5
38186,4.9222E-5
38187,4.6059E-5
38188,8.5577E-5
38189,7.9765E-5
38190,9.3801E-5
38191,6.3765E-5
38192,8.1742E-5
38193,7.1039E-5
38194,6.2223E-5
38195,7.6296E-5
38196,6.6835E-5
38197,6.3217E-5
38198,8.2163E-5
38199,1.6985E-5
38200,6.9699E-5
38201,1.3579E-5
38202,8.0489E-5
38203,6.6364E-5
38204,8.4116E-5
38205,5.5938E-5
38206,4.7211E-5
38207,3.2661E-5
38208,7.5093E-5
38209,8.1829E-5
38210,9.9905E-5
38211,5.3664E-5
38212,3.9496E-5
38213,7.2627E-5
38214,1.06294E-4
38215,6.019E-5
38216,8.315E-5
38217,8.4398E-5
38218,6.4903E-5
38219,6.4017E-5
38220,7.3915E-5
38221,8.5628E-5
38222,5.5427E-5
38223,6.1076E-5
38224,3.9351E-5
38225,5.5E-5
38226,9.5516E-5
38227,7.2485E-5
38228,8.7107E-5
38229,6.3217E-5
38230,9.4141E-5
38231,7.2831E-5
38232,7.36E-5
38233,6.1433E-5
38234,8.8213E-5
38235,8.0846E-5
38236,6.3242E-5
38237,1.03634E-4
38238,9.5051E-5
38239,9.1684E-5
38240,6.6213E-5
38241,6.1156E-5
38242,6.0546E-5
38243,5.3783E-5
38244,1.08126E-4
38245,7.395E-5
38246,1.288E-5
38247,3.0211E-5
38248,9.929E-5
38249,7.2158E-5
38250,5.6239E-5
38251,6.8669E-5
38252,1.33951E-4
38253,8.9941E-5
38254,7.0114E-5
38255,8.6221E-5
38256,7.7632E-5
38257,8.1101E-5
38258,7.2838E-5
38259,9.0855E-5
38260,7.9494E-5
38261,9.4988E-5
38262,7.7061E-5
38263,6.9481E-5
38264,5.1909E-5
38265,4.0062E-5
38266,5.8706E-5
38267,7.5145E-5
38268,4.2716E-5
38269,7.0663E-5
38270,7.7694E-5
38271,7.7616E-5
38272,7.9782E-5
38273,5.6645E-5
38274,7.7712E-5
38275,1.14274E-4
38276,5.2439E-5
38277,3.518E-5
38278,7.2986E-5
38279,5.2696E-5
38280,8.5028E-5
38281,8.1014E-5
38282,1.3589E-4
38283,1.08144E-4
38284,6.5038E-5
38285,7.7503E-5
38286,9.2334E-5
38287,9.4026E-5
38288,6.695E-5
38289,5.4741E-5
38290,1.12885E-4
38291,6.0485E-5
38292,7.2244E-5
38293,1.02283E-4
38294,1.0867E-4
38295,1.10596E-4
38296,8.7432E-5
38297,7.791E-5
38298,5.7254E-5
38299,8.4595E-5
38300,6.9046E-5
38301,7.4065E-5
38302,6.5118E-5
38303,9.1646E-5
38304,4.5402E-5
38305,7.3375E-5
38306,6.3537E-5
38307,7.2956E-5
38308,9.1215E-5
38309,9.0947E-5
38310,9.3772E-5
38311,7.8588E-5
38312,6.4876E-5
38313,6.4958E-5
38314,7.067E-5
38315,1.21433E-4
38316,8.0181E-5
38317,1.04507E-4
38318,8.3176E-5
38319,7.2923E-5
38320,4.994E-5
38321,7.8028E-5
38322,9.673E-5
38323,5.2256E-5
38324,6.5399E-5
38325,7.1247E-5
38326,9.1862E-5
38327,8.2698E-5
38328,6.9514E-5
38329,4.3399E-5
38330,7.3538E-5
38331,0.033980054
38332,8.225E-5
38333,9.5885E-5
38334,7.3418E-5
38335,4.4913E-5
38336,6.8304E-5
38337,8.0055E-5
38338,9.8328E-5
38339,8.8833E-5
38340,6.8285E-5
38341,5.8414E-5
38342,6.2404E-5
38343,2.5262E-5
38344,2.8873E-5
38345,6.5232E-5
38346,8.8006E-5
38347,4.6245E-5
38348,9.7672E-5
38349,9.1765E-5
38350,7.3347E-5
38351,6.8095E-5
38352,7.5484E-5
38353,9.35E-5
38354,6.5389E-5
38355,8.1105E-5
38356,4.4116E-5
38357,7.2035E-5
38358,7.5824E-5
38359,3.0366E-5
38360,7.3756E-5
38361,9.4603E-5
38362,7.368E-5
38363,3.5911E-5
38364,2.1383E-5
38365,1.19458E-4
38366,7.0044E-5
38367,1.11E-7
38368,8.6624E-5
38369,8.5437E-5
38370,4.5669E-5
38371,9.4673E-5
38372,7.7323E-5
38373,7.9629E-5
38374,7.158E-5
38375,1.1416E-4
38376,7.0773E-5
38377,8.2553E-5
38378,1.14976E-4
38379,6.1844E-5
38380,7.475E-5
38381,7.3938E-5
38382,5.0705E-5
38383,6.0736E-5
38384,9.4163E-5
38385,9.5755E-5
38386,6.7156E-5
38387,7.0085E-5
38388,7.2278E-5
38389,7.9059E-5
38390,7.3398E-5
38391,0.062578743
38392,9.6169E-5
38393,7.1609E-5
38394,5.0584E-5
38395,1.12536E-4
38396,6.8801E-5
38397,3.3735E-5
38398,5.58E-5
38399,9.7156E-5
38400,5.4114E-5
38401,5.8753E-5
38402,1.0442E-4
38403,6.9672E-5
38404,6.3521E-5
38405,8.8921E-5
38406,8.254E-5
38407,7.4168E-5
38408,1.00427E-4
38409,6.0656E-5
38410,6.5807E-5
38411,6.9502E-5
38412,8.4883E-5
38413,8.043E-5
38414,8.4401E-5
38415,6.7565E-5
38416,4.6975E-5
38417,6.6178E-5
38418,4.3376E-5
38419,6.9089E-5
38420,1.05586E-4
38421,9.4767E-5
38422,7.0882E-5
38423,6.3884E-5
38424,6.3806E-5
38425,4.9817E-5
38426,7.6932E-5
38427,7.952E-5
38428,5.6301E-5
38429,6.8851E-5
38430,7.1471E-5
38431,8.6964E-5
38432,4.7073E-5
38433,8.828E-5
38434,8.7936E-5
38435,8.3923E-5
38436,8.4943E-5
38437,8.9668E-5
38438,1.17682E-4
38439,5.7539E-5
38440,2.8753E-5
38441,1.00095E-4
38442,8.5315E-5
38443,9.598E-5
38444,5.87E-5
38445,9.5444E-5
38446,8.2371E-5
38447,6.329E-5
38448,9.5086E-5
38449,6.5291E-5
38450,7.3882E-5
38451,7.1229E-5
38452,8.7513E-5
38453,7.3083E-5
38454,5.8476E-5
38455,9.5075E-5
38456,6.4718E-5
38457,1.08961E-4
38458,6.8604E-5
38459,8.2601E-5
38460,6.6318E-5
38461,8.3367E-5
38462,6.0975E-5
38463,6.9427E-5
38464,1.2199E-4
38465,8.6467E-5
38466,6.7703E-5
38467,6.5834E-5
38468,7.1962E-5
38469,9.0965E-5
38470,9.5015E-5
38471,4.8472E-5
38472,8.2331E-5
38473,8.1373E-5
38474,5.5462E-5
38475,7.5544E-5
38476,8.0676E-5
38477,8.5322E-5
38478,9.0394E-5
38479,8.3173E-5
38480,7.9003E-5
38481,8.5707E-5
38482,8.1581E-5
38483,8.9768E-5
38484,6.2274E-5
38485,1.01494E-4
38486,7.9552E-5
38487,8.5789E-5
38488,4.4043E-5
38489,9.4631E-5
38490,5.1602E-5
38491,5.0273E-5
38492,5.4058E-5
38493,6.0248E-5
38494,9.4172E-5
38495,8.0467E-5
38496,8.6545E-5
38497,9.8351E-5
38498,9.8107E-5
38499,5.9839E-5
38500,6.856E-5
38501,6.4552E-5
38502,8.503E-5
38503,7.9424E-5
38504,5.3661E-5
38505,1.06778E-4
38506,7.0182E-5
38507,7.1728E-5
38508,9.6922E-5
38509,9.8484E-5
38510,5.7824E-5
38511,9.8262E-5
38512,1.1014E-4
38513,5.7217E-5
38514,5.9935E-5
38515,5.3639E-5
38516,4.213E-5
38517,8.5889E-5
38518,4.9489E-5
38519,9.2733E-5
38520,7.2779E-5
38521,4.6089E-5
38522,6.5406E-5
38523,1.00038E-4
38524,8.6508E-5
38525,1.04779E-4
38526,9.1775E-5
38527,1.0774E-4
38528,5.0445E-5
38529,9.5025E-5
38530,5.0892E-5
38531,6.1872E-5
38532,6.6006E-5
38533,7.4083E-5
38534,7.0535E-5
38535,7.1168E-5
38536,5.1688E-5
38537,8.6664E-5
38538,7.285E-5
38539,8.2015E-5
38540,6.9234E-5
38541,8.1274E-5
38542,8.5601E-5
38543,8.7086E-5
38544,9.7465E-5
38545,7.3423E-5
38546,7.1425E-5
38547,9.8105E-5
38548,6.968E-5
38549,5.2295E-5
38550,7.3084E-5
38551,6.4196E-5
38552,7.0565E-5
38553,4.6735E-5
38554,9.2136E-5
38555,5.4314E-5
38556,8.0257E-5
38557,9.7011E-5
38558,0.002327956
38559,6.8743E-5
38560,6.9827E-5
38561,9.8299E-5
38562,1.0777E-4
38563,8.3376E-5
38564,9.7099E-5
38565,7.411E-5
38566,4.5949E-5
38567,6.206E-5
38568,8.4284E-5
38569,5.5162E-5
38570,5.6361E-5
38571,4.6735E-5
38572,9.2025E-5
38573,1.15089E-4
38574,4.1025E-5
38575,6.6248E-5
38576,1.01634E-4
38577,5.5611E-5
38578,8.7948E-5
38579,0.006482818
38580,6.4741E-5
38581,1.04441E-4
38582,4.1654E-5
38583,9.4292E-5
38584,7.0293E-5
38585,4.8032E-5
38586,9.7983E-5
38587,8.0949E-5
38588,6.0814E-5
38589,1.02598E-4
38590,5.9645E-5
38591,8.1033E-5
38592,7.1836E-5
38593,8.1103E-5
38594,8.299E-5
38595,9.6088E-5
38596,6.9365E-5
38597,7.9877E-5
38598,9.8076E-5
38599,6.3918E-5
38600,9.9364E-5
38601,7.2651E-5
38602,5.0798E-5
38603,8.0092E-5
38604,6.8067E-5
38605,7.282E-5
38606,3.8933E-5
38607,1.30008E-4
38608,1.10294E-4
38609,1.10742E-4
38610,1.03645E-4
38611,7.4953E-5
38612,6.3981E-5
38613,6.6408E-5
38614,6.8553E-5
38615,6.8763E-5
38616,1.07656E-4
38617,3.6842E-5
38618,3.3233E-5
38619,8.5873E-5
38620,7.621E-5
38621,8.9946E-5
38622,9.7209E-5
38623,6.0701E-5
38624,1.03436E-4
38625,7.0732E-5
38626,6.5105E-5
38627,7.1388E-5
38628,8.0215E-5
38629,6.6404E-5
38630,4.4296E-5
38631,6.6021E-5
38632,1.12197E-4
38633,6.3234E-5
38634,6.6082E-5
38635,8.6133E-5
38636,7.5106E-5
38637,6.8867E-5
38638,9.2803E-5
38639,5.4577E-5
38640,8.6925E-5
38641,7.6153E-5
38642,8.9873E-5
38643,1.24336E-4
38644,9.2659E-5
38645,9.3864E-5
38646,7.2557E-5
38647,7.5299E-5
38648,8.3077E-5
38649,9.7358E-5
38650,9.7986E-5
38651,7.8906E-5
38652,1.00461E-4
38653,5.7803E-5
38654,8.6436E-5
38655,8.3332E-5
38656,8.6E-5
38657,1.14412E-4
38658,7.1271E-5
38659,6.4412E-5
38660,7.6871E-5
38661,1.04032E-4
38662,8.9027E-5
38663,4.084E-5
38664,7.3575E-5
38665,8.2729E-5
38666,8.1538E-5
38667,8.3807E-5
38668,5.4746E-5
38669,5.8474E-5
38670,6.4769E-5
38671,6.8192E-5
38672,8.6201E-5
38673,1.07415E-4
38674,1.02181E-4
38675,7.8883E-5
38676,5.0408E-5
38677,1.17744E-4
38678,9.5916E-5
38679,7.937E-5
38680,7.1014E-5
38681,5.8263E-5
38682,7.7134E-5
38683,8.5628E-5
38684,3.881E-5
38685,7.8683E-5
38686,9.0679E-5
38687,9.199E-5
38688,5.8363E-5
38689,5.0561E-5
38690,4.9254E-5
38691,3.6018E-5
38692,7.2987E-5
38693,7.8604E-5
38694,5.3897E-5
38695,7.5687E-5
38696,8.3567E-5
38697,8.6682E-5
38698,9.5682E-5
38699,6.9183E-5
38700,7.1178E-5
38701,7.2981E-5
38702,4.3445E-5
38703,1.12645E-4
38704,3.4123E-5
38705,9.1543E-5
38706,8.5346E-5
38707,8.7402E-5
38708,6.9918E-5
38709,9.3561E-5
38710,6.6901E-5
38711,7.8242E-5
38712,6.021E-5
38713,1.01268E-4
38714,9.609E-5
38715,5.8491E-5
38716,8.7426E-5
38717,6.7295E-5
38718,1.2962E-4
38719,7.2814E-5
38720,7.0525E-5
38721,7.1904E-5
38722,8.3004E-5
38723,5.7426E-5
38724,5.037E-5
38725,5.1073E-5
38726,3.751E-5
38727,8.1126E-5
38728,8.0123E-5
38729,7.7233E-5
38730,9.634E-5
38731,5.2275E-5
38732,8.4809E-5
38733,9.8249E-5
38734,6.2453E-5
38735,5.5141E-5
38736,8.4329E-5
38737,7.8258E-5
38738,9.9756E-5
38739,6.5679E-5
38740,7.6119E-5
38741,1.30248E-4
38742,1.0501E-4
38743,3.9272E-5
38744,8.8847E-5
38745,2.6214E-5
38746,7.9779E-5
38747,7.7068E-5
38748,8.3623E-5
38749,4.3225E-5
38750,9.5146E-5
38751,8.4256E-5
38752,7.2837E-5
38753,1.13077E-4
38754,9.0418E-5
38755,1.02025E-4
38756,8.0308E-5
38757,7.6915E-5
38758,7.8615E-5
38759,0.001615969
38760,6.4723E-5
38761,6.2809E-5
38762,9.3464E-5
38763,6.9737E-5
38764,9.22E-5
38765,1.01215E-4
38766,5.8614E-5
38767,9.3499E-5
38768,6.5321E-5
38769,7.4937E-5
38770,1.0952E-4
38771,8.5113E-5
38772,7.5667E-5
38773,1.04089E-4
38774,8.2377E-5
38775,8.4192E-5
38776,6.3224E-5
38777,7.1606E-5
38778,8.1849E-5
38779,1.08061E-4
38780,5.3515E-5
38781,5.5855E-5
38782,7.3694E-5
38783,8.3609E-5
38784,1.14472E-4
38785,9.9962E-5
38786,8.9632E-5
38787,1.02765E-4
38788,4.2662E-5
38789,7.6083E-5
38790,8.9313E-5
38791,6.3683E-5
38792,5.3587E-5
38793,7.8327E-5
38794,6.9575E-5
38795,1.32006E-4
38796,6.3729E-5
38797,6.7529E-5
38798,8.0684E-5
38799,7.0843E-5
38800,7.232E-5
38801,7.9273E-5
38802,8.5433E-5
38803,8.2121E-5
38804,1.03155E-4
38805,8.0593E-5
38806,6.0945E-5
38807,7.0765E-5
38808,1.29176E-4
38809,8.2347E-5
38810,7.6988E-5
38811,7.6456E-5
38812,7.4558E-5
38813,9.3319E-5
38814,6.2208E-5
38815,9.7767E-5
38816,1.03959E-4
38817,6.2504E-5
38818,7.4128E-5
38819,7.824E-5
38820,8.9095E-5
38821,0.098439629
38822,7.3966E-5
38823,2.0816E-5
38824,6.1556E-5
38825,4.2092E-5
38826,7.6506E-5
38827,7.1247E-5
38828,7.0686E-5
38829,7.5611E-5
38830,0.511293731
38831,6.4368E-5
38832,9.8889E-5
38833,1.0233E-4
38834,4.9766E-5
38835,3.5954E-5
38836,9.8897E-5
38837,7.302E-5
38838,7.7952E-5
38839,6.002E-5
38840,5.6401E-5
38841,1.11926E-4
38842,8.7193E-5
38843,5.2676E-5
38844,5.735E-5
38845,3.9437E-5
38846,5.8024E-5
38847,9.446E-5
38848,9.9654E-5
38849,5.4983E-5
38850,3.9484E-5
38851,6.1463E-5
38852,1.08562E-4
38853,7.793E-5
38854,8.5681E-5
38855,9.7242E-5
38856,8.3009E-5
38857,9.1782E-5
38858,1.09935E-4
38859,8.3461E-5
38860,7.4666E-5
38861,5.7779E-5
38862,9.4784E-5
38863,6.6212E-5
38864,8.6477E-5
38865,6.9921E-5
38866,2.7606E-5
38867,8.2421E-5
38868,5.4318E-5
38869,9.9696E-5
38870,7.8003E-5
38871,5.1961E-5
38872,7.226E-5
38873,9.6069E-5
38874,0.022640314
38875,5.5321E-5
38876,9.5689E-5
38877,8.6652E-5
38878,5.1133E-5
38879,7.2221E-5
38880,8.7721E-5
38881,5.6746E-5
38882,6.331E-5
38883,6.5561E-5
38884,1.0726E-4
38885,6.4422E-5
38886,7.2843E-5
38887,9.9424E-5
38888,9.5018E-5
38889,6.7592E-5
38890,5.3233E-5
38891,7.8837E-5
38892,1.00432E-4
38893,5.1889E-5
38894,8.1858E-5
38895,6.2727E-5
38896,5.5058E-5
38897,8.7463E-5
38898,5.2637E-5
38899,8.0818E-5
38900,1.14953E-4
38901,8.157E-5
38902,6.2656E-5
38903,9.6771E-5
38904,7.8047E-5
38905,7.9481E-5
38906,7.4865E-5
38907,7.2373E-5
38908,7.9375E-5
38909,1.14646E-4
38910,8.5685E-5
38911,4.2875E-5
38912,6.6782E-5
38913,5.9527E-5
38914,4.9644E-5
38915,2.1265E-5
38916,8.8396E-5
38917,7.6516E-5
38918,6.4638E-5
38919,1.05027E-4
38920,7.1774E-5
38921,3.4602E-5
38922,5.7406E-5
38923,0.02239831
38924,7.3263E-5
38925,6.4779E-5
38926,6.0199E-5
38927,6.6957E-5
38928,8.2966E-5
38929,9.7757E-5
38930,7.4743E-5
38931,1.04446E-4
38932,8.8286E-5
38933,7.962E-5
38934,9.543E-5
38935,9.2107E-5
38936,8.762E-5
38937,6.334E-5
38938,8.0258E-5
38939,8.5205E-5
38940,9.5633E-5
38941,6.52E-5
38942,9.9079E-5
38943,4.6831E-5
38944,6.977E-5
38945,7.8073E-5
38946,9.8069E-5
38947,6.99E-5
38948,8.698E-5
38949,7.7307E-5
38950,9.7516E-5
38951,5.9497E-5
38952,9.7499E-5
38953,7.1188E-5
38954,5.8134E-5
38955,5.3878E-5
38956,1.01219E-4
38957,1.03338E-4
38958,9.0226E-5
38959,5.4983E-5
38960,8.12E-5
38961,7.2584E-5
38962,5.3082E-5
38963,5.5745E-5
38964,9.3277E-5
38965,5.5584E-5
38966,6.6259E-5
38967,7.2771E-5
38968,8.8123E-5
38969,9.2973E-5
38970,1.35995E-4
38971,6.1471E-5
38972,4.6032E-5
38973,6.5299E-5
38974,1.9625E-5
38975,6.5586E-5
38976,1.05586E-4
38977,8.3276E-5
38978,7.2888E-5
38979,6.4867E-5
38980,5.9902E-5
38981,4.5089E-5
38982,8.9966E-5
38983,4.3892E-5
38984,8.008E-5
38985,7.8079E-5
38986,6.5452E-5
38987,7.3096E-5
38988,7.2634E-5
38989,7.3692E-5
38990,8.7847E-5
38991,6.512E-5
38992,7.039E-5
38993,5.012E-5
38994,9.3679E-5
38995,7.7686E-5
38996,7.6572E-5
38997,7.962E-5
38998,4.952E-5
38999,3.1744E-5
39000,8.4665E-5
39001,7.8333E-5
39002,1.5253E-5
39003,6.9472E-5
39004,8.7115E-5
39005,6.6741E-5
39006,7.0455E-5
39007,8.5874E-5
39008,6.5481E-5
39009,9.1117E-5
39010,7.5025E-5
39011,6.0271E-5
39012,1.0765E-4
39013,7.0983E-5
39014,9.0865E-5
39015,8.4277E-5
39016,8.6053E-5
39017,9.0418E-5
39018,1.03688E-4
39019,7.0552E-5
39020,7.4176E-5
39021,5.8907E-5
39022,5.4669E-5
39023,6.4328E-5
39024,5.6504E-5
39025,1.07994E-4
39026,1.02115E-4
39027,6.4236E-5
39028,1.00105E-4
39029,9.4502E-5
39030,4.6668E-5
39031,1.03981E-4
39032,3.4666E-5
39033,3.4578E-5
39034,4.6204E-5
39035,6.5501E-5
39036,8.1119E-5
39037,4.9482E-5
39038,3.5703E-5
39039,7.3818E-5
39040,8.3498E-5
39041,9.1313E-5
39042,1.1433E-4
39043,8.5778E-5
39044,7.705E-5
39045,5.7941E-5
39046,1.14187E-4
39047,5.9883E-5
39048,1.12837E-4
39049,5.6668E-5
39050,9.8674E-5
39051,8.5717E-5
39052,7.6068E-5
39053,1.02E-7
39054,5.5285E-5
39055,2.6877E-5
39056,8.4597E-5
39057,7.4048E-5
39058,7.3956E-5
39059,9.1434E-5
39060,3.2354E-5
39061,6.251E-5
39062,8.1172E-5
39063,2.5891E-5
39064,7.9307E-5
39065,5.3511E-5
39066,9.6404E-5
39067,6.6145E-5
39068,8.2571E-5
39069,7.6194E-5
39070,8.9333E-5
39071,7.2334E-5
39072,6.7015E-5
39073,4.3318E-5
39074,8.8662E-5
39075,8.5962E-5
39076,8.0136E-5
39077,4.7078E-5
39078,8.2324E-5
39079,7.1539E-5
39080,6.1257E-5
39081,7.1901E-5
39082,7.0409E-5
39083,6.4952E-5
39084,4.1923E-5
39085,6.8905E-5
39086,1.06566E-4
39087,8.0482E-5
39088,8.7758E-5
39089,1.53237E-4
39090,8.1027E-5
39091,6.5099E-5
39092,8.2799E-5
39093,7.3557E-5
39094,1.00417E-4
39095,8.2297E-5
39096,5.8921E-5
39097,7.327E-5
39098,1.05595E-4
39099,7.2621E-5
39100,5.3989E-5
39101,9.1784E-5
39102,5.8702E-5
39103,9.6817E-5
39104,8.986E-5
39105,7.9763E-5
39106,1.05054E-4
39107,7.708E-5
39108,8.5515E-5
39109,7.0904E-5
39110,7.4505E-5
39111,4.3501E-5
39112,8.6868E-5
39113,7.9941E-5
39114,9.5699E-5
39115,8.6959E-5
39116,6.9148E-5
39117,5.3919E-5
39118,7.7981E-5
39119,5.8689E-5
39120,9.2687E-5
39121,8.7027E-5
39122,6.9965E-5
39123,9.2347E-5
39124,8.6161E-5
39125,8.0284E-5
39126,9.2424E-5
39127,1.0441E-4
39128,7.1046E-5
39129,1.08656E-4
39130,6.4301E-5
39131,8.2666E-5
39132,5.8886E-5
39133,5.9513E-5
39134,8.7558E-5
39135,9.5109E-5
39136,8.5949E-5
39137,7.0419E-5
39138,6.6439E-5
39139,6.4388E-5
39140,6.5308E-5
39141,7.7704E-5
39142,5.0388E-5
39143,9.7377E-5
39144,6.239E-5
39145,8.8655E-5
39146,4.9E-5
39147,9.2005E-5
39148,9.0869E-5
39149,1.00308E-4
39150,1.18532E-4
39151,1.18204E-4
39152,5.9359E-5
39153,5.7313E-5
39154,1.2717E-4
39155,5.4899E-5
39156,1.06728E-4
39157,9.7425E-5
39158,6.2115E-5
39159,6.3019E-5
39160,1.05004E-4
39161,1.03789E-4
39162,3.9398E-5
39163,1.05565E-4
39164,5.5821E-5
39165,9.6767E-5
39166,6.7331E-5
39167,7.5681E-5
39168,7.9595E-5
39169,6.5368E-5
39170,8.4676E-5
39171,4.3552E-5
39172,7.8497E-5
39173,8.4553E-5
39174,9.3005E-5
39175,5.678E-5
39176,6.8662E-5
39177,7.2973E-5
39178,9.1219E-5
39179,1.0046E-4
39180,9.38E-5
39181,7.301E-5
39182,8.1806E-5
39183,0.020796223
39184,8.4292E-5
39185,5.0423E-5
39186,5.7971E-5
39187,7.0585E-5
39188,6.6456E-5
39189,6.4518E-5
39190,5.98E-5
39191,7.1302E-5
39192,4.4182E-5
39193,9.0036E-5
39194,1.04822E-4
39195,8.3114E-5
39196,1.29884E-4
39197,8.0611E-5
39198,9.0756E-5
39199,8.1911E-5
39200,7.4281E-5
39201,9.6182E-5
39202,5.8432E-5
39203,7.5263E-5
39204,1.1695E-4
39205,8.8212E-5
39206,8.596E-5
39207,6.4625E-5
39208,8.1936E-5
39209,3.6888E-5
39210,6.6001E-5
39211,6.1619E-5
39212,9.1868E-5
39213,7.7894E-5
39214,7.3359E-5
39215,5.5061E-5
39216,9.3626E-5
39217,4.0039E-5
39218,8.4388E-5
39219,2.2117E-5
39220,8.0721E-5
39221,9.0496E-5
39222,8.7039E-5
39223,6.9469E-5
39224,6.838E-5
39225,7.4738E-5
39226,9.8796E-5
39227,5.3098E-5
39228,6.6794E-5
39229,8.3717E-5
39230,5.831E-5
39231,5.6184E-5
39232,4.9755E-5
39233,8.5338E-5
39234,1.16943E-4
39235,5.9066E-5
39236,9.9198E-5
39237,3.7131E-5
39238,9.6353E-5
39239,7.396E-5
39240,7.9617E-5
39241,1.06589E-4
39242,1.12571E-4
39243,8.7278E-5
39244,3.0096E-5
39245,8.7721E-5
39246,7.4239E-5
39247,5.8271E-5
39248,7.9348E-5
39249,7.5111E-5
39250,6.694E-5
39251,9.1614E-5
39252,7.472E-5
39253,7.9757E-5
39254,9.0914E-5
39255,9.1464E-5
39256,9.9522E-5
39257,6.8355E-5
39258,6.8517E-5
39259,5.3914E-5
39260,7.5283E-5
39261,6.7915E-5
39262,6.3439E-5
39263,9.7968E-5
39264,7.2162E-5
39265,5.7385E-5
39266,3.5957E-5
39267,8.3367E-5
39268,7.0341E-5
39269,6.5087E-5
39270,7.6769E-5
39271,3.1914E-5
39272,6.8113E-5
39273,6.8363E-5
39274,8.9066E-5
39275,9.3188E-5
39276,7.678E-5
39277,8.3218E-5
39278,6.0614E-5
39279,7.6352E-5
39280,7.3445E-5
39281,6.3567E-5
39282,4.8674E-5
39283,8.7312E-5
39284,7.1149E-5
39285,8.3145E-5
39286,6.5103E-5
39287,8.5172E-5
39288,8.3935E-5
39289,4.8222E-5
39290,9.7678E-5
39291,5.5718E-5
39292,7.4284E-5
39293,1.02246E-4
39294,1.17847E-4
39295,7.2301E-5
39296,9.3884E-5
39297,7.7327E-5
39298,6.4127E-5
39299,1.06906E-4
39300,8.776E-5
39301,1.00798E-4
39302,3.1057E-5
39303,8.2838E-5
39304,8.3067E-5
39305,7.3288E-5
39306,7.6052E-5
39307,6.9448E-5
39308,8.5844E-5
39309,6.9299E-5
39310,5.3376E-5
39311,1.15998E-4
39312,4.1133E-5
39313,6.9565E-5
39314,6.897E-5
39315,8.4414E-5
39316,9.5708E-5
39317,8.377E-5
39318,8.07E-5
39319,7.5145E-5
39320,9.0268E-5
39321,7.0362E-5
39322,5.3607E-5
39323,5.7329E-5
39324,9.2835E-5
39325,6.5472E-5
39326,6.1802E-5
39327,7.9607E-5
39328,8.0007E-5
39329,7.9076E-5
39330,1.31639E-4
39331,8.6462E-5
39332,1.07888E-4
39333,7.7513E-5
39334,7.1346E-5
39335,8.6496E-5
39336,7.5263E-5
39337,8.7068E-5
39338,7.1565E-5
39339,6.9468E-5
39340,6.4173E-5
39341,7.2934E-5
39342,9.2553E-5
39343,9.063E-5
39344,4.736E-5
39345,5.6835E-5
39346,4.3195E-5
39347,6.9901E-5
39348,6.0752E-5
39349,6.9461E-5
39350,2.9506E-5
39351,8.5441E-5
39352,1.05838E-4
39353,9.6388E-5
39354,7.8228E-5
39355,8.7129E-5
39356,5.0353E-5
39357,9.0302E-5
39358,8.5868E-5
39359,7.43E-5
39360,5.4615E-5
39361,7.0984E-5
39362,3.5845E-5
39363,9.6905E-5
39364,8.4748E-5
39365,7.6597E-5
39366,1.00187E-4
39367,6.0967E-5
39368,8.7423E-5
39369,5.1861E-5
39370,8.5443E-5
39371,1.13803E-4
39372,5.1188E-5
39373,6.3363E-5
39374,7.5766E-5
39375,6.0934E-5
39376,6.5986E-5
39377,8.627E-5
39378,5.7047E-5
39379,6.8407E-5
39380,7.9676E-5
39381,4.6891E-5
39382,1.0092E-4
39383,9.5191E-5
39384,1.17379E-4
39385,5.405E-5
39386,1.0666E-4
39387,5.4381E-5
39388,7.4177E-5
39389,1.24821E-4
39390,8.4289E-5
39391,8.7238E-5
39392,9.1446E-5
39393,5.0822E-5
39394,4.0244E-5
39395,7.8024E-5
39396,6.6734E-5
39397,1.12205E-4
39398,7.7253E-5
39399,9.2337E-5
39400,7.8598E-5
39401,1.08425E-4
39402,4.3536E-5
39403,4.7606E-5
39404,4.666E-5
39405,7.7757E-5
39406,7.6079E-5
39407,3.9595E-5
39408,6.0006E-5
39409,6.2014E-5
39410,8.2022E-5
39411,7.9171E-5
39412,7.2823E-5
39413,1.2061E-4
39414,2.5731E-5
39415,5.971E-5
39416,5.4351E-5
39417,7.0735E-5
39418,6.8445E-5
39419,5.6171E-5
39420,6.35E-5
39421,3.4558E-5
39422,8.8821E-5
39423,7.3569E-5
39424,6.4321E-5
39425,6.3697E-5
39426,7.467E-5
39427,5.8399E-5
39428,6.2267E-5
39429,8.1012E-5
39430,5.9753E-5
39431,8.4473E-5
39432,8.2265E-5
39433,1.03541E-4
39434,1.14473E-4
39435,1.06833E-4
39436,7.2523E-5
39437,7.5681E-5
39438,5.9426E-5
39439,5.8612E-5
39440,1.04396E-4
39441,5.2223E-5
39442,8.7297E-5
39443,9.7373E-5
39444,1.03609E-4
39445,5.8724E-5
39446,6.3594E-5
39447,9.175E-5
39448,7.6059E-5
39449,8.6859E-5
39450,6.5465E-5
39451,7.2281E-5
39452,1.0865E-4
39453,8.1632E-5
39454,4.7123E-5
39455,6.4767E-5
39456,5.0691E-5
39457,7.6357E-5
39458,7.8718E-5
39459,9.4646E-5
39460,4.8181E-5
39461,6.425E-5
39462,7.8531E-5
39463,8.481E-5
39464,9.3877E-5
39465,5.5319E-5
39466,9.9222E-5
39467,6.5867E-5
39468,7.1473E-5
39469,7.4041E-5
39470,9.4842E-5
39471,7.6437E-5
39472,9.9139E-5
39473,8.8212E-5
39474,5.9185E-5
39475,8.3061E-5
39476,8.5228E-5
39477,8.5098E-5
39478,6.7851E-5
39479,5.1551E-5
39480,7.3778E-5
39481,7.32E-5
39482,1.01065E-4
39483,6.1444E-5
39484,5.8805E-5
39485,5.9306E-5
39486,5.1975E-5
39487,1.08603E-4
39488,4.4662E-5
39489,1.27426E-4
39490,9.3948E-5
39491,7.0598E-5
39492,8.362E-5
39493,3.3558E-5
39494,7.641E-5
39495,7.8927E-5
39496,6.9623E-5
39497,9.1995E-5
39498,7.7492E-5
39499,9.8872E-5
39500,8.3249E-5
39501,3.8033E-5
39502,9.8697E-5
39503,5.7581E-5
39504,1.22097E-4
39505,9.8005E-5
39506,9.0667E-5
39507,4.7983E-5
39508,1.35764E-4
39509,7.2029E-5
39510,9.3588E-5
39511,9.4881E-5
39512,2.414E-5
39513,6.2686E-5
39514,1.16986E-4
39515,5.8293E-5
39516,9.6762E-5
39517,1.05173E-4
39518,5.3421E-5
39519,7.7454E-5
39520,6.7157E-5
39521,6.3975E-5
39522,7.5014E-5
39523,5.5777E-5
39524,8.6354E-5
39525,7.5828E-5
39526,7.2515E-5
39527,8.5988E-5
39528,2.7023E-5
39529,9.359E-5
39530,7.3786E-5
39531,1.01813E-4
39532,5.5938E-5
39533,1.04339E-4
39534,6.5524E-5
39535,9.4456E-5
39536,8.121E-5
39537,7.8409E-5
39538,8.1447E-5
39539,8.9379E-5
39540,7.5524E-5
39541,6.1341E-5
39542,4.0638E-5
39543,1.03587E-4
39544,8.0929E-5
39545,6.3841E-5
39546,8.0047E-5
39547,9.6459E-5
39548,5.88E-5
39549,9.0758E-5
39550,6.8571E-5
39551,6.5694E-5
39552,4.884E-5
39553,7.55E-5
39554,7.1521E-5
39555,7.0545E-5
39556,9.9894E-5
39557,7.6594E-5
39558,8.9973E-5
39559,7.1123E-5
39560,9.8138E-5
39561,1.16903E-4
39562,7.7427E-5
39563,9.0142E-5
39564,7.0389E-5
39565,5.3996E-5
39566,8.9656E-5
39567,8.2608E-5
39568,5.7616E-5
39569,8.9335E-5
39570,5.7014E-5
39571,3.7657E-5
39572,1.20776E-4
39573,7.4608E-5
39574,8.3977E-5
39575,6.3217E-5
39576,1.17667E-4
39577,6.8469E-5
39578,4.4327E-5
39579,6.1893E-5
39580,1.10243E-4
39581,1.22272E-4
39582,7.637E-5
39583,1.07718E-4
39584,9.3917E-5
39585,5.6388E-5
39586,9.4162E-5
39587,7.7608E-5
39588,8.0564E-5
39589,8.2937E-5
39590,6.786E-5
39591,4.2049E-5
39592,9.3398E-5
39593,4.3991E-5
39594,1.12477E-4
39595,8.959E-5
39596,8.4993E-5
39597,7.1975E-5
39598,9.4899E-5
39599,7.2001E-5
39600,8.642E-5
39601,1.31684E-4
39602,7.3539E-5
39603,1.0196E-4
39604,3.6289E-5
39605,9.7039E-5
39606,5.0432E-5
39607,7.5699E-5
39608,4.8767E-5
39609,1.04486E-4
39610,3.3013E-5
39611,9.2834E-5
39612,7.5143E-5
39613,8.5209E-5
39614,9.8712E-5
39615,9.0106E-5
39616,9.9421E-5
39617,8.059E-5
39618,6.0174E-5
39619,8.0316E-5
39620,8.2104E-5
39621,1.016E-4
39622,8.7181E-5
39623,7.3177E-5
39624,5.8489E-5
39625,7.2527E-5
39626,9.2083E-5
39627,8.7984E-5
39628,7.8557E-5
39629,1.01929E-4
39630,8.0101E-5
39631,5.8571E-5
39632,8.8925E-5
39633,4.8645E-5
39634,8.1625E-5
39635,8.6981E-5
39636,6.8023E-5
39637,5.8147E-5
39638,8.2213E-5
39639,8.3624E-5
39640,1.08244E-4
39641,9.6164E-5
39642,1.05849E-4
39643,6.8155E-5
39644,5.7012E-5
39645,6.4714E-5
39646,9.9041E-5
39647,9.5329E-5
39648,6.6261E-5
39649,7.2766E-5
39650,3.7008E-5
39651,8.2512E-5
39652,5.5513E-5
39653,7.8905E-5
39654,7.085E-5
39655,4.2655E-5
39656,8.1734E-5
39657,9.0603E-5
39658,1.29914E-4
39659,6.2179E-5
39660,7.868E-5
39661,9.9535E-5
39662,1.25767E-4
39663,8.1578E-5
39664,1.17611E-4
39665,6.6538E-5
39666,7.5225E-5
39667,7.1135E-5
39668,9.6732E-5
39669,6.7646E-5
39670,7.82E-5
39671,7.8936E-5
39672,6.4511E-5
39673,7.5447E-5
39674,6.5378E-5
39675,8.6634E-5
39676,8.9499E-5
39677,8.9968E-5
39678,1.04105E-4
39679,8.1893E-5
39680,6.5568E-5
39681,1.094E-4
39682,6.3168E-5
39683,1.08806E-4
39684,7.1023E-5
39685,9.3133E-5
39686,5.6553E-5
39687,8.786E-5
39688,7.5309E-5
39689,7.8179E-5
39690,9.8145E-5
39691,6.9718E-5
39692,5.1737E-5
39693,3.8424E-5
39694,6.9625E-5
39695,8.4171E-5
39696,4.4192E-5
39697,7.3944E-5
39698,7.2605E-5
39699,7.1033E-5
39700,8.0321E-5
39701,6.4603E-5
39702,1.06618E-4
39703,8.4916E-5
39704,7.2158E-5
39705,9.6537E-5
39706,7.3356E-5
39707,5.9986E-5
39708,5.8038E-5
39709,6.0524E-5
39710,7.6516E-5
39711,5.8887E-4
39712,9.0895E-5
39713,6.4646E-5
39714,3.9489E-5
39715,6.3766E-5
39716,5.8439E-5
39717,8.5713E-5
39718,7.6005E-5
39719,1.08787E-4
39720,5.7457E-5
39721,9.5521E-5
39722,7.0589E-5
39723,9.8261E-5
39724,8.0493E-5
39725,8.5472E-5
39726,8.0436E-5
39727,8.8724E-5
39728,6.7702E-5
39729,5.5471E-5
39730,1.22208E-4
39731,1.0248E-4
39732,7.5774E-5
39733,1.02434E-4
39734,1.02636E-4
39735,8.5753E-5
39736,6.7474E-5
39737,3.9034E-5
39738,7.6869E-5
39739,7.7696E-5
39740,2.1959E-5
39741,8.7369E-5
39742,7.1834E-5
39743,9.1528E-5
39744,5.6254E-5
39745,9.2368E-5
39746,8.6442E-5
39747,1.1266E-4
39748,6.5862E-5
39749,5.5011E-5
39750,6.0676E-5
39751,8.4228E-5
39752,8.5212E-5
39753,7.5348E-5
39754,6.9937E-5
39755,9.9255E-5
39756,9.5766E-5
39757,8.0954E-5
39758,1.31661E-4
39759,7.3007E-5
39760,9.5201E-5
39761,4.715E-5
39762,5.1069E-5
39763,8.1472E-5
39764,3.8955E-5
39765,8.4985E-5
39766,6.3946E-5
39767,8.735E-5
39768,7.4114E-5
39769,6.9939E-5
39770,6.419E-5
39771,8.2012E-5
39772,9.8528E-5
39773,8.2414E-5
39774,2.882E-5
39775,3.9214E-5
39776,6.2949E-5
39777,8.8678E-5
39778,1.38135E-4
39779,8.4628E-5
39780,6.1952E-5
39781,1.16299E-4
39782,7.7049E-5
39783,1.03117E-4
39784,8.5931E-5
39785,6.9145E-5
39786,7.9222E-5
39787,1.09503E-4
39788,6.2054E-5
39789,9.3322E-5
39790,8.0311E-5
39791,3.0498E-5
39792,7.64E-5
39793,5.021E-5
39794,5.5959E-5
39795,8.6518E-5
39796,7.7835E-5
39797,1.24167E-4
39798,8.535E-5
39799,8.1619E-5
39800,8.5042E-5
39801,9.9606E-5
39802,1.03432E-4
39803,7.8574E-5
39804,3.5348E-5
39805,7.6268E-5
39806,8.7264E-5
39807,7.8006E-5
39808,5.5104E-5
39809,6.241E-5
39810,9.8662E-5
39811,7.007E-5
39812,8.6226E-5
39813,7.1237E-5
39814,1.03443E-4
39815,5.8728E-5
39816,8.5451E-5
39817,6.1402E-5
39818,7.4069E-5
39819,1.04979E-4
39820,7.8335E-5
39821,8.8085E-5
39822,6.7108E-5
39823,9.1353E-5
39824,3.7063E-5
39825,9.7289E-5
39826,7.2725E-5
39827,1.14022E-4
39828,7.8344E-5
39829,9.357E-5
39830,7.409E-5
39831,9.8608E-5
39832,8.0738E-5
39833,9.1257E-5
39834,5.8153E-5
39835,4.8443E-5
39836,6.9479E-5
39837,8.8193E-5
39838,8.4473E-5
39839,1.02191E-4
39840,1.01506E-4
39841,7.495E-5
39842,1.08932E-4
39843,6.9768E-5
39844,6.5277E-5
39845,7.2264E-5
39846,8.961E-5
39847,6.569E-5
39848,8.1669E-5
39849,6.877E-5
39850,3.6264E-5
39851,8.6141E-5
39852,9.5803E-5
39853,8.5862E-5
39854,1.07023E-4
39855,6.5162E-5
39856,7.4572E-5
39857,8.9104E-5
39858,7.5772E-5
39859,9.3639E-5
39860,7.1431E-5
39861,4.8213E-5
39862,9.3008E-5
39863,8.5702E-5
39864,8.8731E-5
39865,7.6559E-5
39866,1.05024E-4
39867,7.2534E-5
39868,6.5933E-5
39869,1.02299E-4
39870,1.03967E-4
39871,6.5156E-5
39872,8.095E-5
39873,5.3323E-5
39874,9.9407E-5
39875,8.8563E-5
39876,6.9567E-5
39877,4.9583E-5
39878,8.9206E-5
39879,5.7736E-5
39880,8.6364E-5
39881,4.16E-5
39882,7.1391E-5
39883,6.4593E-5
39884,1.07274E-4
39885,8.8577E-5
39886,5.6631E-5
39887,8.5881E-5
39888,6.4672E-5
39889,1.02235E-4
39890,3.8563E-5
39891,8.4624E-5
39892,9.7206E-5
39893,5.6128E-5
39894,6.8714E-5
39895,6.9254E-5
39896,6.391E-5
39897,1.06066E-4
39898,7.9731E-5
39899,3.9551E-5
39900,9.4558E-5
39901,9.3005E-5
39902,5.8911E-5
39903,6.0661E-5
39904,1.15427E-4
39905,8.306E-5
39906,5.4842E-5
39907,7.4282E-5
39908,4.3609E-5
39909,7.085E-5
39910,8.8668E-5
39911,8.1595E-5
39912,9.4587E-5
39913,7.9493E-5
39914,6.5377E-5
39915,6.6373E-5
39916,6.8936E-5
39917,6.403E-5
39918,9.0426E-5
39919,7.8105E-5
39920,8.8297E-5
39921,8.3651E-5
39922,7.5247E-5
39923,6.7576E-5
39924,9.9477E-5
39925,6.9944E-5
39926,8.2109E-5
39927,6.5665E-5
39928,4.6895E-5
39929,6.4012E-5
39930,4.5734E-5
39931,7.168E-5
39932,1.01424E-4
39933,1.03157E-4
39934,6.0008E-5
39935,5.5138E-5
39936,9.1943E-5
39937,9.8655E-5
39938,7.1647E-5
39939,5.748E-5
39940,6.3487E-5
39941,7.0996E-5
39942,7.3722E-5
39943,5.288E-5
39944,6.4035E-5
39945,8.614E-5
39946,5.0032E-5
39947,6.5585E-5
39948,9.2937E-5
39949,7.2059E-5
39950,9.669E-5
39951,9.1457E-5
39952,7.2381E-5
39953,9.351E-5
39954,8.6062E-5
39955,7.3304E-5
39956,7.8856E-5
39957,7.9995E-5
39958,7.5987E-5
39959,1.09177E-4
39960,9.5446E-5
39961,8.6858E-5
39962,8.6188E-5
39963,6.1025E-5
39964,6.3495E-5
39965,9.0614E-5
39966,8.31918E-4
39967,9.8191E-5
39968,3.2911E-5
39969,5.4562E-5
39970,8.2945E-5
39971,4.2578E-5
39972,1.36948E-4
39973,8.3748E-5
39974,7.5506E-5
39975,8.2326E-5
39976,1.03624E-4
39977,7.451E-5
39978,8.7417E-5
39979,7.8425E-5
39980,8.1127E-5
39981,9.2903E-5
39982,7.8584E-5
39983,6.4462E-5
39984,5.0849E-5
39985,7.0014E-5
39986,1.0622E-4
39987,9.7798E-5
39988,7.6319E-5
39989,7.3919E-5
39990,7.2993E-5
39991,1.01034E-4
39992,6.3714E-5
39993,6.1018E-5
39994,8.0816E-5
39995,5.9353E-5
39996,6.3156E-5
39997,5.5096E-5
39998,7.1653E-5
39999,4.3031E-5
40000,9.7117E-5
40001,5.697E-5
40002,1.20789E-4
40003,1.10042E-4
40004,7.6378E-5
40005,8.5953E-5
40006,1.11557E-4
40007,8.6963E-5
40008,7.6824E-5
40009,7.4834E-5
40010,1.03477E-4
40011,8.2168E-5
40012,5.7579E-5
40013,9.5868E-5
40014,9.1716E-5
40015,8.2096E-5
40016,7.1209E-5
40017,6.2239E-5
40018,8.6478E-5
40019,3.7812E-5
40020,4.4587E-5
40021,8.7738E-5
40022,8.504E-5
40023,4.4057E-5
40024,1.0048E-4
40025,1.10672E-4
40026,9.7307E-5
40027,6.4011E-5
40028,8.5208E-5
40029,8.0847E-5
40030,1.08563E-4
40031,5.8598E-5
40032,4.2939E-5
40033,7.6709E-5
40034,9.4565E-5
40035,4.7971E-5
40036,8.1801E-5
40037,1.05722E-4
40038,8.3799E-5
40039,9.9013E-5
40040,7.1837E-5
40041,7.7176E-5
40042,8.2186E-5
40043,7.9367E-5
40044,2.4788E-5
40045,9.1776E-5
40046,8.6118E-5
40047,7.706E-5
40048,7.08E-5
40049,7.0546E-5
40050,8.7831E-5
40051,9.5839E-5
40052,6.2928E-5
40053,9.5364E-5
40054,9.7684E-5
40055,7.7825E-5
40056,8.4708E-5
40057,1.00283E-4
40058,6.023E-5
40059,1.01636E-4
40060,1.2875E-4
40061,8.7181E-5
40062,6.843E-5
40063,7.3518E-5
40064,8.9038E-5
40065,1.16995E-4
40066,5.4439E-5
40067,7.3553E-5
40068,8.6794E-5
40069,1.10195E-4
40070,8.3514E-5
40071,9.4963E-5
40072,9.5666E-5
40073,1.10269E-4
40074,3.181E-5
40075,9.2876E-5
40076,4.1317E-5
40077,1.04795E-4
40078,8.2439E-5
40079,6.8018E-5
40080,8.6718E-5
40081,7.1158E-5
40082,5.8514E-5
40083,8.7409E-5
40084,1.03493E-4
40085,7.9754E-5
40086,5.1505E-5
40087,5.7001E-5
40088,1.14039E-4
40089,8.5969E-5
40090,6.8494E-5
40091,1.01212E-4
40092,1.02682E-4
40093,1.17407E-4
40094,6.9101E-5
40095,9.996E-5
40096,6.2448E-5
40097,9.6517E-5
40098,5.8679E-5
40099,8.0694E-5
40100,6.6723E-5
40101,7.6017E-5
40102,1.10514E-4
40103,5.6822E-5
40104,7.5316E-5
40105,6.4832E-5
40106,4.0457E-5
40107,1.17579E-4
40108,0.006462802
40109,1.06245E-4
40110,7.7719E-5
40111,1.09285E-4
40112,8.908E-5
40113,8.1875E-5
40114,1.13948E-4
40115,6.7603E-5
40116,9.0432E-5
40117,8.0113E-5
40118,4.2584E-5
40119,6.924E-5
40120,8.3021E-5
40121,6.6378E-5
40122,8.6509E-5
40123,7.2922E-5
40124,6.3212E-5
40125,8.7526E-5
40126,1.04948E-4
40127,6.8019E-5
40128,1.0136E-4
40129,9.0451E-5
40130,1.01603E-4
40131,9.5444E-5
40132,7.2363E-5
40133,1.19872E-4
40134,5.6695E-5
40135,4.6034E-5
40136,4.7715E-5
40137,1.17489E-4
40138,1.08357E-4
40139,8.8087E-5
40140,5.7741E-5
40141,7.1096E-5
40142,5.6095E-5
40143,5.9001E-5
40144,8.24E-5
40145,1.11397E-4
40146,7.6349E-5
40147,9.5948E-5
40148,2.638E-5
40149,6.6982E-5
40150,8.146E-5
40151,7.7952E-5
40152,6.3938E-5
40153,9.3746E-5
40154,2.8415E-5
40155,8.4857E-5
40156,6.3627E-5
40157,6.307E-5
40158,9.9619E-5
40159,7.1568E-5
40160,7.5286E-5
40161,7.1127E-5
40162,9.2238E-5
40163,7.8761E-5
40164,4.499E-5
40165,6.5154E-5
40166,4.9937E-5
40167,7.5396E-5
40168,1.00058E-4
40169,5.243E-5
40170,6.2111E-5
40171,1.20685E-4
40172,9.8337E-5
40173,6.7768E-5
40174,7.6254E-5
40175,7.4741E-5
40176,1.16775E-4
40177,8.4389E-5
40178,1.04928E-4
40179,8.0588E-5
40180,8.2424E-5
40181,5.6258E-5
40182,2.7927E-5
40183,4.1702E-5
40184,8.7327E-5
40185,9.8784E-5
40186,7.0934E-5
40187,1.00264E-4
40188,7.5897E-5
40189,1.06885E-4
40190,5.4581E-5
40191,6.4903E-5
40192,5.9541E-5
40193,8.4277E-5
40194,8.4609E-5
40195,1.11212E-4
40196,7.8922E-5
40197,8.7398E-5
40198,7.1567E-5
40199,7.1753E-5
40200,6.2761E-5
40201,1.02181E-4
40202,5.3082E-4
40203,9.5088E-5
40204,7.872E-5
40205,7.4011E-5
40206,9.0234E-5
40207,8.9718E-5
40208,8.8754E-5
40209,6.5922E-5
40210,1.18286E-4
40211,7.5247E-5
40212,8.2132E-5
40213,8.2105E-5
40214,1.18292E-4
40215,5.49E-5
40216,9.5114E-5
40217,1.17207E-4
40218,9.1363E-5
40219,7.8355E-5
40220,1.0041E-4
40221,5.4349E-5
40222,5.3756E-5
40223,9.6066E-5
40224,1.00038E-4
40225,5.727E-5
40226,1.03229E-4
40227,8.2112E-5
40228,9.284E-5
40229,6.881E-5
40230,8.3861E-5
40231,5.1322E-5
40232,8.2497E-5
40233,7.3935E-5
40234,7.441E-5
40235,7.8059E-5
40236,6.5478E-5
40237,8.4514E-5
40238,8.1104E-5
40239,7.6734E-5
40240,7.6401E-5
40241,7.9789E-5
40242,9.0702E-5
40243,7.8833E-5
40244,7.5817E-5
40245,6.764E-5
40246,7.3838E-5
40247,1.04466E-4
40248,8.6713E-5
40249,6.8874E-5
40250,8.9643E-5
40251,7.1799E-5
40252,1.00765E-4
40253,9.2447E-5
40254,6.0531E-5
40255,6.8726E-5
40256,8.8322E-5
40257,6.5697E-5
40258,9.2525E-5
40259,9.0818E-5
40260,5.9031E-5
40261,5.97624E-4
40262,1.19573E-4
40263,7.4317E-5
40264,4.2247E-5
40265,6.4101E-5
40266,9.4811E-5
40267,1.04281E-4
40268,9.0818E-5
40269,9.083E-5
40270,1.1243E-4
40271,8.4283E-5
40272,7.4155E-5
40273,7.2907E-5
40274,6.7206E-5
40275,2.4932E-5
40276,6.3298E-5
40277,8.3858E-5
40278,6.9527E-5
40279,9.6127E-5
40280,5.2613E-5
40281,8.2945E-5
40282,7.8207E-5
40283,7.3863E-5
40284,9.3755E-5
40285,7.9856E-5
40286,9.187E-5
40287,4.7676E-5
40288,6.4959E-5
40289,6.4941E-5
40290,1.00931E-4
40291,9.1148E-5
40292,8.8987E-5
40293,6.8728E-5
40294,7.0641E-5
40295,1.0675E-4
40296,8.5201E-5
40297,5.6437E-5
40298,7.4888E-5
40299,1.09054E-4
40300,8.4012E-5
40301,7.3903E-5
40302,6.0161E-5
40303,1.01505E-4
40304,4.7846E-5
40305,8.9908E-5
40306,1.02184E-4
40307,6.8636E-5
40308,8.1354E-5
40309,8.6428E-5
40310,9.2196E-5
40311,5.963E-5
40312,1.16882E-4
40313,7.144E-5
40314,8.8868E-5
40315,4.6153E-5
40316,8.1792E-5
40317,7.7253E-5
40318,9.3979E-5
40319,7.2781E-5
40320,4.166E-5
40321,1.1027E-4
40322,8.8895E-5
40323,7.7705E-5
40324,7.2173E-5
40325,8.9168E-5
40326,8.6711E-5
40327,3.1182E-5
40328,8.8391E-5
40329,8.1019E-5
40330,5.6799E-5
40331,9.0481E-5
40332,9.9777E-5
40333,8.6537E-5
40334,1.09269E-4
40335,8.2185E-5
40336,4.3514E-5
40337,1.05731E-4
40338,7.4004E-5
40339,7.5669E-5
40340,8.2345E-5
40341,1.0766E-4
40342,7.036E-5
40343,9.3858E-5
40344,8.0505E-5
40345,1.00632E-4
40346,7.4196E-5
40347,8.5946E-5
40348,5.4545E-5
40349,7.1323E-5
40350,5.2042E-5
40351,3.2476E-5
40352,8.6696E-5
40353,6.5698E-5
40354,8.9715E-5
40355,7.1897E-5
40356,8.5228E-5
40357,8.9838E-5
40358,5.5263E-5
40359,8.825E-5
40360,5.904E-5
40361,5.1591E-5
40362,8.8436E-5
40363,7.2048E-5
40364,7.3824E-5
40365,5.3304E-5
40366,8.2342E-5
40367,4.6292E-5
40368,6.1625E-5
40369,6.9146E-5
40370,8.9738E-5
40371,9.4385E-5
40372,1.07693E-4
40373,5.9063E-5
40374,8.4756E-5
40375,1.03965E-4
40376,6.7977E-5
40377,6.9913E-5
40378,8.9278E-5
40379,7.8564E-5
40380,5.9934E-5
40381,4.3438E-5
40382,1.18465E-4
40383,6.34E-5
40384,1.1299E-4
40385,5.719E-5
40386,5.9855E-5
40387,9.0283E-5
40388,5.877E-5
40389,9.541E-5
40390,1.09149E-4
40391,4.1767E-5
40392,6.7292E-5
40393,8.4489E-5
40394,8.2266E-5
40395,9.0784E-5
40396,8.5912E-5
40397,7.2251E-5
40398,7.9837E-5
40399,3.391E-5
40400,0.02344942
40401,4.6251E-5
40402,8.7086E-5
40403,9.1825E-5
40404,1.34091E-4
40405,7.769E-5
40406,4.5976E-5
40407,6.4314E-5
40408,7.535E-5
40409,7.2757E-5
40410,1.13556E-4
40411,1.06898E-4
40412,9.6233E-5
40413,9.1144E-5
40414,5.9096E-5
40415,6.3535E-5
40416,6.5447E-5
40417,9.1168E-5
40418,6.4377E-5
40419,5.6912E-5
40420,9.6974E-5
40421,7.0624E-5
40422,6.524E-5
40423,3.6712E-5
40424,5.055E-5
40425,1.08185E-4
40426,1.03808E-4
40427,8.9005E-5
40428,7.4675E-5
40429,6.5151E-5
40430,9.4117E-5
40431,1.03832E-4
40432,9.0072E-5
40433,7.5017E-5
40434,5.2914E-5
40435,6.3082E-5
40436,7.0328E-5
40437,8.9854E-5
40438,4.226E-5
40439,9.0149E-5
40440,8.4875E-5
40441,6.939E-5
40442,3.2401E-5
40443,6.5433E-5
40444,1.01954E-4
40445,7.8078E-5
40446,8.0262E-5
40447,8.12E-5
40448,7.4874E-5
40449,6.607E-5
40450,5.9782E-5
40451,9.1157E-5
40452,9.1446E-5
40453,5.6674E-5
40454,7.4663E-5
40455,8.3545E-5
40456,9.0531E-5
40457,9.7808E-5
40458,1.16341E-4
40459,1.0172E-4
40460,7.521E-5
40461,1.02092E-4
40462,1.19547E-4
40463,1.01481E-4
40464,6.9981E-5
40465,7.5162E-5
40466,8.6301E-5
40467,8.897E-5
40468,8.5932E-5
40469,5.0434E-5
40470,9.6547E-5
40471,1.03804E-4
40472,5.4775E-5
40473,8.6236E-5
40474,7.024E-5
40475,6.3951E-5
40476,6.6557E-5
40477,6.5338E-5
40478,6.0547E-5
40479,9.0091E-5
40480,8.1759E-5
40481,6.4952E-5
40482,8.4921E-5
40483,8.8588E-5
40484,9.1083E-5
40485,1.02949E-4
40486,3.4257E-5
40487,3.8605E-5
40488,4.1602E-5
40489,1.10747E-4
40490,7.6041E-5
40491,5.6368E-5
40492,5.7329E-5
40493,1.02424E-4
40494,3.5155E-5
40495,5.3597E-5
40496,9.6231E-5
40497,1.21628E-4
40498,9.2627E-5
40499,5.3843E-5
40500,7.935E-5
40501,8.3913E-5
40502,9.6316E-5
40503,7.6888E-5
40504,7.4632E-5
40505,9.0909E-5
40506,9.012E-5
40507,8.9709E-5
40508,1.33543E-4
40509,8.0029E-5
40510,5.3341E-5
40511,5.3947E-5
40512,9.3845E-5
40513,9.143E-5
40514,9.0266E-5
40515,8.0709E-5
40516,8.9215E-5
40517,6.2757E-5
40518,7.4949E-5
40519,6.3897E-5
40520,1.02113E-4
40521,9.8285E-5
40522,6.3926E-5
40523,7.3443E-5
40524,1.06883E-4
40525,8.8765E-5
40526,1.13355E-4
40527,1.33537E-4
40528,7.4774E-5
40529,9.6332E-5
40530,7.167E-5
40531,8.3526E-5
40532,9.845E-5
40533,4.3008E-5
40534,7.2422E-5
40535,6.0593E-5
40536,1.08433E-4
40537,6.4243E-5
40538,9.0208E-5
40539,9.1146E-5
40540,6.6228E-5
40541,5.7899E-5
40542,8.5936E-5
40543,5.7974E-5
40544,8.0137E-5
40545,6.8336E-5
40546,5.1094E-5
40547,1.14441E-4
40548,7.8022E-5
40549,7.1255E-5
40550,1.27041E-4
40551,8.4592E-5
40552,5.6763E-5
40553,6.7201E-5
40554,9.0599E-5
40555,5.0481E-5
40556,1.28931E-4
40557,7.4437E-5
40558,3.8495E-5
40559,7.2779E-5
40560,7.1208E-5
40561,7.2285E-5
40562,1.0194E-4
40563,6.3581E-5
40564,1.12574E-4
40565,8.92E-5
40566,8.8129E-5
40567,8.4517E-5
40568,7.8706E-5
40569,9.4419E-5
40570,9.1742E-5
40571,5.1486E-5
40572,8.5482E-5
40573,9.4309E-5
40574,6.9428E-5
40575,1.10648E-4
40576,8.4134E-5
40577,6.1253E-5
40578,1.22054E-4
40579,8.499E-5
40580,7.4667E-5
40581,8.2872E-5
40582,8.2179E-5
40583,9.1751E-5
40584,6.8916E-5
40585,9.8191E-5
40586,9.3864E-5
40587,8.4024E-5
40588,9.5646E-5
40589,2.6171E-5
40590,8.1774E-5
40591,1.33402E-4
40592,7.1524E-5
40593,1.18532E-4
40594,7.2028E-5
40595,6.7854E-5
40596,7.6844E-5
40597,9.4699E-5
40598,6.3464E-5
40599,8.1946E-5
40600,6.8411E-5
40601,8.2482E-5
40602,8.6285E-5
40603,7.4204E-5
40604,7.8015E-5
40605,6.8136E-5
40606,5.8976E-5
40607,6.9694E-5
40608,9.1575E-5
40609,4.0539E-5
40610,7.0255E-5
40611,5.7084E-5
40612,8.6082E-5
40613,5.4503E-5
40614,8.0568E-5
40615,1.07978E-4
40616,1.04382E-4
40617,8.8697E-5
40618,9.3662E-5
40619,1.06807E-4
40620,6.6118E-5
40621,6.3308E-5
40622,7.0862E-5
40623,5.2954E-5
40624,1.20695E-4
40625,1.00853E-4
40626,5.5198E-5
40627,5.0249E-5
40628,4.3128E-5
40629,7.6638E-5
40630,7.6047E-5
40631,7.9786E-5
40632,1.29505E-4
40633,9.6941E-5
40634,8.7246E-5
40635,5.0597E-5
40636,1.03372E-4
40637,6.3134E-5
40638,5.1728E-5
40639,9.7429E-5
40640,1.01235E-4
40641,1.2886E-4
40642,9.3019E-5
40643,7.1986E-5
40644,8.4303E-5
40645,8.2417E-5
40646,8.0586E-5
40647,1.1783E-4
40648,6.4054E-5
40649,1.0347E-4
40650,9.2414E-5
40651,6.3213E-5
40652,4.9553E-5
40653,7.5896E-5
40654,5.6853E-5
40655,6.0815E-5
40656,7.8269E-5
40657,8.7632E-5
40658,8.7976E-5
40659,9.9171E-5
40660,8.3502E-5
40661,7.0682E-5
40662,9.8335E-5
40663,9.7455E-5
40664,6.8095E-5
40665,9.1005E-5
40666,9.6965E-5
40667,3.7276E-5
40668,8.6301E-5
40669,9.0571E-5
40670,7.1181E-5
40671,1.18913E-4
40672,8.9663E-5
40673,7.8142E-5
40674,9.248E-5
40675,7.2562E-5
40676,9.469E-5
40677,1.08332E-4
40678,9.9077E-5
40679,1.00783E-4
40680,7.7855E-5
40681,8.9059E-5
40682,6.383E-5
40683,8.4812E-5
40684,7.115E-5
40685,9.3534E-5
40686,9.7082E-5
40687,1.16835E-4
40688,9.3381E-5
40689,8.0589E-5
40690,9.2204E-5
40691,6.7183E-5
40692,6.0943E-5
40693,1.01846E-4
40694,5.0307E-5
40695,9.8696E-5
40696,1.00228E-4
40697,7.1145E-5
40698,8.8392E-5
40699,9.4617E-5
40700,9.672E-5
40701,6.9607E-5
40702,9.3825E-5
40703,1.09041E-4
40704,8.9231E-5
40705,9.6441E-5
40706,8.0416E-5
40707,6.0277E-5
40708,8.4993E-5
40709,6.1175E-5
40710,1.14304E-4
40711,8.9742E-5
40712,9.7519E-5
40713,6.2503E-5
40714,5.6845E-5
40715,5.5704E-5
40716,6.6331E-5
40717,1.01915E-4
40718,6.8867E-5
40719,7.5381E-5
40720,7.562E-5
40721,7.0006E-5
40722,1.05185E-4
40723,1.10369E-4
40724,1.14646E-4
40725,1.04739E-4
40726,6.0196E-5
40727,9.5861E-5
40728,8.1333E-5
40729,9.3877E-5
40730,8.8868E-5
40731,5.78E-5
40732,8.4449E-5
40733,4.6416E-5
40734,8.6027E-5
40735,6.6243E-5
40736,4.9628E-5
40737,5.8752E-5
40738,1.29428E-4
40739,7.1299E-5
40740,0.004238221
40741,6.7164E-5
40742,7.6043E-5
40743,8.3203E-5
40744,6.6867E-5
40745,9.1352E-5
40746,8.6162E-5
40747,5.3625E-5
40748,8.7944E-5
40749,8.1545E-5
40750,9.346E-5
40751,6.5541E-5
40752,9.6706E-5
40753,7.5036E-5
40754,6.5669E-5
40755,5.5857E-5
40756,1.03009E-4
40757,5.6525E-5
40758,9.8227E-5
40759,3.8319E-5
40760,7.0559E-5
40761,8.4993E-5
40762,6.8397E-5
40763,9.5388E-5
40764,8.1074E-5
40765,0.845074004
40766,4.1414E-5
40767,7.9938E-5
40768,9.1356E-5
40769,7.8272E-5
40770,8.9233E-5
40771,9.6612E-5
40772,7.8311E-5
40773,5.799E-5
40774,9.2712E-5
40775,5.9267E-5
40776,7.6243E-5
40777,8.0005E-5
40778,1.01771E-4
40779,9.7339E-5
40780,7.4502E-5
40781,1.06647E-4
40782,9.3991E-5
40783,7.4576E-5
40784,7.4368E-5
40785,2.6599E-5
40786,6.5565E-5
40787,1.03882E-4
40788,5.1741E-5
40789,6.9E-5
40790,8.601E-5
40791,9.2548E-5
40792,9.6433E-5
40793,9.051E-5
40794,8.5037E-5
40795,4.0146E-5
40796,8.3873E-5
40797,1.09814E-4
40798,6.2845E-5
40799,8.7047E-5
40800,2.9103E-5
40801,1.04849E-4
40802,8.7194E-5
40803,9.7006E-5
40804,1.01751E-4
40805,8.3569E-5
40806,1.03337E-4
40807,1.05076E-4
40808,6.9591E-5
40809,8.3281E-5
40810,7.0339E-5
40811,9.8307E-5
40812,9.6241E-5
40813,1.04919E-4
40814,1.1275E-4
40815,1.00265E-4
40816,9.5416E-5
40817,1.12641E-4
40818,9.6132E-5
40819,8.6535E-5
40820,8.2447E-5
40821,5.2122E-5
40822,7.9009E-5
40823,9.2001E-5
40824,3.3098E-5
40825,1.04637E-4
40826,1.02421E-4
40827,4.2917E-5
40828,8.5299E-5
40829,8.1634E-5
40830,8.0074E-5
40831,6.9474E-5
40832,1.20307E-4
40833,9.1501E-5
40834,1.00315E-4
40835,6.5431E-5
40836,6.1668E-5
40837,6.2537E-5
40838,7.2667E-5
40839,9.5438E-5
40840,1.00734E-4
40841,1.28417E-4
40842,9.198E-5
40843,9.9777E-5
40844,8.5767E-5
40845,7.5228E-5
40846,9.5467E-5
40847,7.7417E-5
40848,5.9347E-5
40849,6.8903E-5
40850,7.2337E-5
40851,6.1231E-5
40852,2.6885E-5
40853,1.1251E-4
40854,7.4301E-5
40855,7.7974E-5
40856,5.6995E-5
40857,7.3063E-5
40858,8.1394E-5
40859,7.5609E-5
40860,9.0084E-5
40861,8.8583E-5
40862,1.00154E-4
40863,8.4271E-5
40864,1.00835E-4
40865,7.2499E-5
40866,9.5838E-5
40867,7.62E-5
40868,1.13423E-4
40869,7.5356E-5
40870,9.3592E-5
40871,0.001735771
40872,9.3103E-5
40873,9.7903E-5
40874,1.19762E-4
40875,8.9034E-5
40876,1.06182E-4
40877,9.6112E-5
40878,9.1655E-5
40879,7.5938E-5
40880,5.5485E-5
40881,7.9564E-5
40882,8.2977E-5
40883,8.5176E-5
40884,7.4651E-5
40885,4.8843E-5
40886,7.2435E-5
40887,1.1226E-4
40888,7.4122E-5
40889,6.3678E-5
40890,8.169E-5
40891,5.9814E-5
40892,8.6849E-5
40893,7.8385E-5
40894,7.62E-5
40895,4.6506E-5
40896,1.03377E-4
40897,6.0456E-5
40898,8.5686E-5
40899,1.11231E-4
40900,6.6785E-5
40901,9.5061E-5
40902,1.16434E-4
40903,7.0481E-5
40904,9.0147E-5
40905,7.4308E-5
40906,7.0368E-5
40907,9.3508E-5
40908,8.9963E-5
40909,7.8805E-5
40910,7.7931E-5
40911,7.5944E-5
40912,4.12679E-4
40913,1.08744E-4
40914,7.5886E-5
40915,1.37465E-4
40916,1.03357E-4
40917,9.7524E-5
40918,6.9463E-5
40919,1.04137E-4
40920,9.9715E-5
40921,9.9448E-5
40922,9.209E-5
40923,6.9709E-5
40924,8.2501E-5
40925,7.0448E-5
40926,5.5035E-5
40927,5.1293E-5
40928,8.9071E-5
40929,0.003089492
40930,4.4213E-5
40931,7.0119E-5
40932,5.5661E-5
40933,7.2125E-5
40934,7.2116E-5
40935,8.5329E-5
40936,9.559E-5
40937,7.2823E-5
40938,6.8499E-5
40939,7.0486E-5
40940,9.6467E-5
40941,8.8487E-5
40942,6.9703E-5
40943,7.153E-5
40944,8.0066E-5
40945,7.952E-5
40946,1.11264E-4
40947,1.09399E-4
40948,9.198E-5
40949,7.4725E-5
40950,6.9638E-5
40951,9.7729E-5
40952,6.317E-5
40953,7.9903E-5
40954,3.6587E-5
40955,6.9857E-5
40956,7.1019E-5
40957,4.6795E-5
40958,1.12451E-4
40959,9.5481E-5
40960,1.31205E-4
40961,0.005419029
40962,8.753E-5
40963,9.9661E-5
40964,7.5205E-5
40965,5.7028E-5
40966,8.581E-5
40967,8.3419E-5
40968,8.8935E-5
40969,7.7716E-5
40970,3.0663E-5
40971,7.1479E-5
40972,5.1829E-5
40973,9.3732E-5
40974,7.46E-5
40975,8.1931E-5
40976,1.06891E-4
40977,8.0311E-5
40978,4.9191E-5
40979,8.2776E-5
40980,9.3685E-5
40981,1.10716E-4
40982,1.02219E-4
40983,8.944E-5
40984,9.8358E-5
40985,4.9825E-5
40986,9.4618E-5
40987,9.4727E-5
40988,7.7912E-5
40989,1.00633E-4
40990,6.18E-5
40991,9.3493E-5
40992,7.3971E-5
40993,8.576E-5
40994,6.4718E-5
40995,6.8021E-5
40996,6.8319E-5
40997,8.6052E-5
40998,1.11516E-4
40999,9.1297E-5
41000,6.6057E-5
41001,8.7342E-5
41002,9.419E-5
41003,1.05687E-4
41004,1.04833E-4
41005,6.8366E-5
41006,9.1435E-5
41007,8.2559E-5
41008,8.1955E-5
41009,8.4883E-5
41010,3.2824E-5
41011,5.1416E-5
41012,8.0278E-5
41013,9.6225E-5
41014,9.9821E-5
41015,3.1649E-5
41016,6.4414E-5
41017,6.3621E-5
41018,6.4838E-5
41019,2.4271E-5
41020,8.8547E-5
41021,7.0682E-5
41022,9.5479E-5
41023,1.09715E-4
41024,8.061E-5
41025,8.8069E-5
41026,7.0143E-5
41027,7.5284E-5
41028,9.2352E-5
41029,9.0995E-5
41030,9.6043E-5
41031,9.6068E-5
41032,6.8682E-5
41033,7.0141E-5
41034,6.5393E-5
41035,8.8724E-5
41036,7.8079E-5
41037,9.0688E-5
41038,1.01145E-4
41039,5.0179E-5
41040,8.3334E-5
41041,1.10142E-4
41042,8.7526E-5
41043,8.103E-5
41044,8.1456E-5
41045,1.07452E-4
41046,6.914E-5
41047,3.6414E-5
41048,9.3067E-5
41049,2.5156E-5
41050,8.2731E-5
41051,1.04467E-4
41052,1.33505E-4
41053,1.06863E-4
41054,1.13068E-4
41055,7.6543E-5
41056,5.5266E-5
41057,3.5274E-5
41058,8.8999E-5
41059,7.5218E-5
41060,6.244E-5
41061,5.9174E-5
41062,7.0345E-5
41063,6.9443E-5
41064,8.7089E-5
41065,6.6393E-5
41066,7.0787E-5
41067,8.7742E-5
41068,1.0684E-4
41069,7.1202E-5
41070,8.7304E-5
41071,9.2614E-5
41072,1.05132E-4
41073,5.5586E-5
41074,5.547E-5
41075,5.2046E-5
41076,8.1009E-5
41077,7.9398E-5
41078,4.795E-5
41079,7.5654E-5
41080,7.6676E-5
41081,6.4455E-5
41082,5.1519E-5
41083,9.5619E-5
41084,8.6478E-5
41085,4.0369E-5
41086,7.8068E-5
41087,7.8343E-5
41088,7.3696E-5
41089,9.4077E-5
41090,5.5342E-5
41091,1.32381E-4
41092,5.4309E-5
41093,1.03988E-4
41094,9.0062E-5
41095,8.7309E-5
41096,5.5698E-5
41097,9.7903E-5
41098,1.04364E-4
41099,8.5994E-5
41100,5.9217E-5
41101,8.6629E-5
41102,9.9681E-5
41103,8.8655E-5
41104,1.21762E-4
41105,9.0634E-5
41106,7.436E-5
41107,6.5183E-5
41108,6.0351E-5
41109,1.0696E-4
41110,6.9933E-5
41111,7.3916E-5
41112,7.457E-5
41113,1.1E-7
41114,9.2176E-5
41115,8.1982E-5
41116,8.3649E-5
41117,8.5661E-5
41118,8.6576E-5
41119,1.20777E-4
41120,3.3724E-5
41121,9.0529E-5
41122,8.3693E-5
41123,6.4202E-5
41124,5.3891E-5
41125,6.5683E-5
41126,7.4658E-5
41127,7.7958E-5
41128,1.04286E-4
41129,1.0533E-4
41130,7.9736E-5
41131,6.7656E-5
41132,5.7572E-5
41133,1.16918E-4
41134,1.02169E-4
41135,8.4237E-5
41136,7.7414E-5
41137,9.0993E-5
41138,6.6152E-5
41139,5.1936E-5
41140,4.0202E-5
41141,1.03935E-4
41142,5.9817E-5
41143,7.4846E-5
41144,7.1212E-5
41145,8.2175E-5
41146,9.7599E-5
41147,5.2789E-5
41148,9.32E-5
41149,8.9416E-5
41150,1.03412E-4
41151,1.22668E-4
41152,9.5001E-5
41153,1.04985E-4
41154,6.9869E-5
41155,1.09659E-4
41156,1.08054E-4
41157,7.8756E-5
41158,9.7493E-5
41159,1.31946E-4
41160,4.6632E-5
41161,1.04164E-4
41162,7.0523E-5
41163,7.7048E-5
41164,7.1797E-5
41165,8.527E-5
41166,5.6474E-5
41167,8.9057E-5
41168,6.6227E-5
41169,8.1479E-5
41170,3.9653E-5
41171,9.6725E-5
41172,9.477E-5
41173,7.4909E-5
41174,7.1471E-5
41175,8.2662E-5
41176,8.3183E-5
41177,6.6691E-5
41178,7.4129E-5
41179,5.8334E-5
41180,1.15712E-4
41181,8.5242E-5
41182,6.522E-5
41183,7.9122E-5
41184,6.4228E-5
41185,1.10147E-4
41186,8.5874E-5
41187,1.12636E-4
41188,9.5974E-5
41189,8.3843E-5
41190,7.0267E-5
41191,8.892E-5
41192,8.0581E-5
41193,8.2049E-5
41194,6.6192E-5
41195,5.0512E-5
41196,4.8811E-5
41197,8.9924E-5
41198,1.04529E-4
41199,7.5201E-5
41200,6.3958E-5
41201,6.8686E-5
41202,1.02396E-4
41203,7.4751E-5
41204,6.6073E-5
41205,8.023E-5
41206,9.1632E-5
41207,7.3852E-5
41208,9.815E-5
41209,1.10111E-4
41210,7.2424E-5
41211,7.5322E-5
41212,7.466E-5
41213,5.9928E-5
41214,8.1514E-5
41215,6.3502E-5
41216,9.3969E-5
41217,6.4323E-5
41218,7.5713E-5
41219,5.5121E-5
41220,1.322E-5
41221,9.234E-5
41222,7.9912E-5
41223,8.5661E-5
41224,8.6169E-5
41225,8.6303E-5
41226,9.9905E-5
41227,1.03018E-4
41228,8.7145E-5
41229,9.0451E-5
41230,6.8315E-5
41231,4.8655E-5
41232,9.7422E-5
41233,7.5223E-5
41234,1.04982E-4
41235,1.31856E-4
41236,8.5302E-5
41237,1.06491E-4
41238,8.7424E-5
41239,7.7835E-5
41240,9.11E-5
41241,9.2211E-5
41242,9.6602E-5
41243,1.12651E-4
41244,8.3669E-5
41245,1.33135E-4
41246,8.0649E-5
41247,1.05947E-4
41248,8.2644E-5
41249,7.355E-5
41250,8.2003E-5
41251,6.8304E-5
41252,6.859E-5
41253,5.947E-5
41254,1.03105E-4
41255,7.1978E-5
41256,9.2937E-5
41257,6.2818E-5
41258,9.1173E-5
41259,7.9229E-5
41260,1.28876E-4
41261,7.7766E-5
41262,1.01944E-4
41263,2.9361E-5
41264,6.9863E-5
41265,4.393E-5
41266,3.4207E-5
41267,6.325E-5
41268,1.02028E-4
41269,1.04065E-4
41270,9.6094E-5
41271,6.5043E-5
41272,6.6622E-5
41273,9.2867E-5
41274,6.8106E-5
41275,1.08552E-4
41276,7.8497E-5
41277,7.8482E-5
41278,1.9511E-5
41279,7.0188E-5
41280,5.4966E-5
41281,9.0401E-5
41282,1.02468E-4
41283,9.0979E-5
41284,6.3477E-5
41285,6.8882E-5
41286,6.2845E-5
41287,8.7204E-5
41288,9.2446E-5
41289,8.8037E-5
41290,1.00863E-4
41291,5.9895E-5
41292,7.3861E-5
41293,8.759E-5
41294,1.0252E-4
41295,7.4485E-5
41296,7.6491E-5
41297,1.0342E-4
41298,5.9997E-5
41299,8.8674E-5
41300,6.5071E-5
41301,8.1547E-5
41302,9.29E-5
41303,7.844E-5
41304,9.4046E-5
41305,9.4525E-5
41306,9.9578E-5
41307,4.9485E-5
41308,7.446E-5
41309,5.2028E-5
41310,6.6995E-5
41311,9.163E-5
41312,8.072E-5
41313,1.13765E-4
41314,1.32859E-4
41315,7.913E-5
41316,7.2404E-5
41317,9.3808E-5
41318,9.4674E-5
41319,5.3743E-5
41320,8.7346E-5
41321,8.5375E-5
41322,6.3906E-5
41323,7.3954E-5
41324,8.0248E-5
41325,7.8166E-5
41326,7.3234E-5
41327,1.10064E-4
41328,9.4404E-5
41329,6.8964E-5
41330,7.0868E-5
41331,9.8199E-5
41332,9.1704E-5
41333,6.5723E-5
41334,4.5669E-5
41335,7.8895E-5
41336,7.3486E-5
41337,8.947E-5
41338,5.6541E-5
41339,9.3704E-5
41340,1.00021E-4
41341,1.14063E-4
41342,5.9553E-5
41343,8.6277E-5
41344,1.156E-4
41345,9.995E-5
41346,7.0585E-5
41347,6.6945E-5
41348,4.7395E-5
41349,3.7305E-5
41350,7.5355E-5
41351,1.01585E-4
41352,9.7906E-5
41353,1.02984E-4
41354,6.6068E-5
41355,1.06024E-4
41356,5.6461E-5
41357,1.01825E-4
41358,7.7076E-5
41359,8.4856E-5
41360,9.6824E-5
41361,7.3646E-5
41362,6.8363E-5
41363,7.7995E-5
41364,7.1584E-5
41365,1.13764E-4
41366,9.2733E-5
41367,6.438E-5
41368,7.6033E-5
41369,9.103E-5
41370,7.8226E-5
41371,8.0053E-5
41372,8.9575E-5
41373,9.3936E-5
41374,7.0388E-5
41375,8.3686E-5
41376,9.8717E-5
41377,1.04643E-4
41378,1.10432E-4
41379,8.9993E-5
41380,9.5646E-5
41381,7.194E-5
41382,7.3872E-5
41383,5.7494E-5
41384,9.5386E-5
41385,9.5367E-5
41386,6.385E-5
41387,9.2661E-5
41388,8.8447E-5
41389,7.6987E-5
41390,8.6016E-5
41391,2.6707E-5
41392,7.7613E-5
41393,6.1965E-5
41394,7.4803E-5
41395,5.7813E-5
41396,9.2782E-5
41397,8.2464E-5
41398,1.05141E-4
41399,2.0708E-5
41400,8.8892E-5
41401,7.1834E-5
41402,9.4386E-5
41403,5.8605E-5
41404,7.5635E-5
41405,6.0015E-5
41406,8.6237E-5
41407,9.0824E-5
41408,1.05852E-4
41409,8.6195E-5
41410,8.5946E-5
41411,1.18786E-4
41412,1.9328E-5
41413,9.6066E-5
41414,1.06869E-4
41415,1.37027E-4
41416,7.1412E-5
41417,7.682E-5
41418,6.9225E-5
41419,1.06879E-4
41420,1.19179E-4
41421,8.9753E-5
41422,6.5022E-5
41423,0.11167676
41424,8.0144E-5
41425,1.09718E-4
41426,7.3528E-5
41427,5.7036E-5
41428,4.2376E-5
41429,9.2525E-5
41430,8.8244E-5
41431,8.4911E-5
41432,9.9952E-5
41433,5.4516E-5
41434,1.03288E-4
41435,7.0555E-5
41436,1.06569E-4
41437,7.2649E-5
41438,9.524E-5
41439,8.3996E-5
41440,9.788E-5
41441,1.03491E-4
41442,7.0894E-5
41443,8.5935E-5
41444,6.8477E-5
41445,1.106E-4
41446,7.8726E-5
41447,8.637E-5
41448,6.2239E-5
41449,7.7335E-5
41450,6.4745E-5
41451,7.5668E-5
41452,7.1682E-5
41453,7.4764E-5
41454,1.53029E-4
41455,1.13209E-4
41456,5.6903E-5
41457,8.3884E-5
41458,5.2186E-5
41459,1.30625E-4
41460,9.9559E-5
41461,7.7562E-5
41462,8.4931E-5
41463,6.0793E-5
41464,6.8938E-5
41465,9.0809E-5
41466,8.758E-5
41467,8.4584E-5
41468,6.4445E-5
41469,5.3963E-5
41470,6.8988E-5
41471,7.1388E-5
41472,1.06604E-4
41473,1.29675E-4
41474,7.8623E-5
41475,5.6356E-5
41476,7.7229E-5
41477,6.5753E-5
41478,8.5692E-5
41479,6.0877E-5
41480,1.05517E-4
41481,1.03191E-4
41482,7.2334E-5
41483,9.288E-5
41484,9.0625E-5
41485,9.2264E-5
41486,8.8416E-5
41487,8.391E-5
41488,1.01623E-4
41489,5.114E-5
41490,9.4193E-5
41491,7.8333E-5
41492,8.7727E-5
41493,0.006617941
41494,6.1316E-5
41495,7.1838E-5
41496,9.43E-5
41497,1.11213E-4
41498,6.8668E-5
41499,8.2964E-5
41500,5.8601E-5
41501,1.3661E-4
41502,4.9526E-5
41503,5.8345E-5
41504,7.9952E-5
41505,5.7063E-5
41506,9.7111E-5
41507,8.0091E-5
41508,1.02192E-4
41509,9.5202E-5
41510,8.0597E-5
41511,1.07307E-4
41512,5.3247E-5
41513,5.7384E-5
41514,9.7359E-5
41515,9.5726E-5
41516,6.6333E-5
41517,1.00981E-4
41518,9.9066E-5
41519,8.6064E-5
41520,8.1548E-5
41521,8.4792E-5
41522,1.29029E-4
41523,6.9741E-5
41524,7.3039E-5
41525,1.04517E-4
41526,5.6226E-5
41527,6.0254E-5
41528,5.2136E-5
41529,8.0368E-5
41530,9.0381E-5
41531,7.1016E-5
41532,6.5081E-5
41533,7.7013E-5
41534,9.2979E-5
41535,8.7432E-5
41536,7.9523E-5
41537,8.1865E-5
41538,7.691E-5
41539,9.6445E-5
41540,1.02079E-4
41541,8.9861E-5
41542,9.1378E-5
41543,9.5873E-5
41544,6.1348E-5
41545,5.706E-5
41546,4.4696E-5
41547,8.7724E-5
41548,6.4532E-5
41549,9.4673E-5
41550,6.958E-5
41551,8.4468E-5
41552,1.01691E-4
41553,6.2336E-5
41554,8.3198E-5
41555,1.07567E-4
41556,9.0042E-5
41557,7.7761E-5
41558,8.2167E-5
41559,6.6135E-5
41560,8.1183E-5
41561,7.5615E-5
41562,1.09332E-4
41563,8.5289E-5
41564,7.2581E-5
41565,5.1142E-5
41566,5.0498E-5
41567,8.4447E-5
41568,5.6347E-5
41569,7.6184E-5
41570,0.003296979
41571,1.11167E-4
41572,7.0437E-5
41573,6.9699E-5
41574,8.8289E-5
41575,1.01638E-4
41576,7.321E-5
41577,6.6076E-5
41578,1.00308E-4
41579,8.4317E-5
41580,1.04575E-4
41581,6.8925E-5
41582,9.1923E-5
41583,9.4632E-5
41584,7.6772E-5
41585,9.6021E-5
41586,1.8446E-5
41587,1.0205E-4
41588,9.0297E-5
41589,1.00814E-4
41590,7.767E-5
41591,8.8343E-5
41592,7.4962E-5
41593,7.4594E-5
41594,8.4101E-5
41595,1.15052E-4
41596,6.8923E-5
41597,7.7932E-5
41598,1.0761E-4
41599,1.01471E-4
41600,1.0064E-4
41601,1.16668E-4
41602,7.8586E-5
41603,1.04191E-4
41604,1.0579E-4
41605,1.0291E-4
41606,8.3265E-5
41607,9.0784E-5
41608,6.38E-5
41609,8.373E-5
41610,9.8006E-5
41611,1.00901E-4
41612,6.5712E-5
41613,1.14233E-4
41614,6.5182E-5
41615,1.22699E-4
41616,3.9326E-5
41617,9.0041E-5
41618,7.8413E-5
41619,7.7661E-5
41620,5.6759E-5
41621,8.9646E-5
41622,9.0355E-5
41623,8.3775E-5
41624,8.1474E-5
41625,9.8588E-5
41626,6.8216E-5
41627,8.3179E-5
41628,9.6484E-5
41629,1.06552E-4
41630,8.4927E-5
41631,6.9042E-5
41632,8.6559E-5
41633,1.18572E-4
41634,1.00244E-4
41635,9.7421E-5
41636,8.9571E-5
41637,1.03443E-4
41638,6.0208E-5
41639,7.4522E-5
41640,6.0406E-5
41641,1.20803E-4
41642,9.5936E-5
41643,3.1995E-5
41644,8.1708E-5
41645,7.2829E-5
41646,6.7501E-5
41647,8.3537E-5
41648,9.1819E-5
41649,6.0234E-5
41650,1.11964E-4
41651,8.4019E-5
41652,8.1878E-5
41653,7.4963E-5
41654,1.04714E-4
41655,5.3544E-5
41656,1.34633E-4
41657,5.4188E-5
41658,1.10555E-4
41659,9.4885E-5
41660,6.6104E-5
41661,8.784E-5
41662,7.1001E-5
41663,5.9476E-5
41664,7.8411E-5
41665,5.5057E-5
41666,9.8893E-5
41667,7.014E-5
41668,9.057E-5
41669,8.2829E-5
41670,7.3967E-5
41671,5.8764E-5
41672,1.05756E-4
41673,6.6156E-5
41674,9.5369E-5
41675,7.1095E-5
41676,8.0655E-5
41677,6.3628E-5
41678,9.3795E-5
41679,9.5795E-5
41680,8.6542E-5
41681,8.9514E-5
41682,7.6774E-5
41683,1.0614E-4
41684,9.5179E-5
41685,3.49E-5
41686,1.06912E-4
41687,5.1464E-5
41688,8.3313E-5
41689,9.0926E-5
41690,5.3776E-5
41691,8.9447E-5
41692,9.0717E-5
41693,1.29652E-4
41694,7.2977E-5
41695,7.8279E-5
41696,8.0872E-5
41697,6.5036E-5
41698,1.0653E-4
41699,8.2347E-5
41700,9.4793E-5
41701,6.9538E-5
41702,1.14964E-4
41703,6.2524E-5
41704,9.2367E-5
41705,7.763E-5
41706,5.0655E-5
41707,3.6514E-5
41708,4.227E-5
41709,9.8594E-5
41710,8.7299E-5
41711,1.05351E-4
41712,6.5321E-5
41713,9.767E-5
41714,3.9985E-5
41715,1.11964E-4
41716,9.0378E-5
41717,5.6644E-5
41718,7.7329E-5
41719,8.8177E-5
41720,8.7652E-5
41721,8.9894E-5
41722,7.6222E-5
41723,9.3985E-5
41724,7.6268E-5
41725,9.4811E-5
41726,1.30294E-4
41727,7.9556E-5
41728,9.6818E-5
41729,9.7287E-5
41730,8.7938E-5
41731,1.29781E-4
41732,1.00198E-4
41733,8.94E-5
41734,8.5822E-5
41735,6.59E-5
41736,7.5975E-5
41737,7.5052E-5
41738,8.3787E-5
41739,6.4728E-5
41740,8.5518E-5
41741,8.876E-5
41742,9.393E-5
41743,5.541E-5
41744,1.0992E-4
41745,6.2031E-5
41746,1.19463E-4
41747,1.2879E-4
41748,9.3241E-5
41749,9.1949E-5
41750,9.3701E-5
41751,1.0712E-4
41752,7.9139E-5
41753,1.03679E-4
41754,8.25E-5
41755,7.0955E-5
41756,9.3189E-5
41757,8.7148E-5
41758,8.8648E-5
41759,8.1462E-5
41760,1.12592E-4
41761,9.7005E-5
41762,5.651E-5
41763,7.6323E-5
41764,1.17177E-4
41765,7.3971E-5
41766,7.0329E-5
41767,1.03412E-4
41768,7.8536E-5
41769,8.1152E-5
41770,4.5892E-5
41771,5.7667E-5
41772,9.7154E-5
41773,8.6825E-5
41774,7.664E-5
41775,8.4044E-5
41776,9.4126E-5
41777,1.14984E-4
41778,8.5542E-5
41779,8.1677E-5
41780,1.28568E-4
41781,4.3903E-5
41782,6.2637E-5
41783,5.8483E-5
41784,1.05449E-4
41785,8.226E-5
41786,7.2829E-5
41787,1.03951E-4
41788,9.9696E-5
41789,6.523E-5
41790,6.479E-5
41791,9.6356E-5
41792,7.9396E-5
41793,7.7181E-5
41794,1.03793E-4
41795,1.17698E-4
41796,6.9156E-5
41797,6.9878E-5
41798,6.8098E-5
41799,9.5588E-5
41800,9.2321E-5
41801,8.2774E-5
41802,8.4129E-5
41803,9.2086E-5
41804,8.3768E-5
41805,7.4537E-5
41806,6.8602E-5
41807,7.1631E-5
41808,7.9595E-5
41809,7.401E-5
41810,6.4796E-5
41811,8.0511E-5
41812,9.51E-5
41813,8.594E-5
41814,8.8602E-5
41815,9.2808E-5
41816,6.2725E-5
41817,4.1845E-5
41818,9.5736E-5
41819,9.6694E-5
41820,1.27225E-4
41821,5.7099E-5
41822,9.9143E-5
41823,6.1961E-5
41824,9.1803E-5
41825,1.13438E-4
41826,7.4824E-5
41827,1.12086E-4
41828,1.07753E-4
41829,8.5839E-5
41830,8.9427E-5
41831,9.7781E-5
41832,1.0745E-4
41833,9.4583E-5
41834,8.7572E-5
41835,9.3632E-5
41836,7.6349E-5
41837,9.079E-5
41838,9.3234E-5
41839,6.7001E-5
41840,9.4323E-5
41841,7.3434E-5
41842,1.01169E-4
41843,8.7693E-5
41844,8.7562E-5
41845,5.8593E-5
41846,8.0124E-5
41847,7.2829E-5
41848,8.3501E-5
41849,6.0949E-5
41850,6.2337E-5
41851,9.9059E-5
41852,7.5101E-5
41853,5.122E-5
41854,8.9643E-5
41855,0.001588223
41856,8.5786E-5
41857,8.7029E-5
41858,9.7713E-5
41859,1.04744E-4
41860,9.7085E-5
41861,8.7288E-5
41862,7.5236E-5
41863,1.13237E-4
41864,1.2116E-4
41865,4.8831E-5
41866,5.8673E-5
41867,7.2719E-5
41868,9.0169E-5
41869,7.1807E-5
41870,9.2303E-5
41871,9.0101E-5
41872,1.08036E-4
41873,6.4865E-5
41874,7.915E-5
41875,9.7016E-5
41876,0.023871849
41877,1.03244E-4
41878,6.5568E-5
41879,4.3053E-5
41880,8.5492E-5
41881,1.0498E-4
41882,8.9425E-5
41883,1.24263E-4
41884,6.4618E-5
41885,4.8267E-5
41886,1.04955E-4
41887,8.02E-5
41888,8.8737E-5
41889,9.1608E-5
41890,1.07368E-4
41891,9.2747E-5
41892,7.6987E-5
41893,1.07716E-4
41894,9.5016E-5
41895,9.9559E-5
41896,9.4301E-5
41897,6.5642E-5
41898,7.0563E-5
41899,8.612E-5
41900,1.00047E-4
41901,8.4071E-5
41902,9.0542E-5
41903,1.01317E-4
41904,6.8016E-5
41905,1.09891E-4
41906,8.2668E-5
41907,7.363E-5
41908,1.03079E-4
41909,7.0875E-5
41910,1.05369E-4
41911,9.6092E-5
41912,7.725E-5
41913,6.4777E-5
41914,1.12281E-4
41915,6.5355E-5
41916,5.718E-5
41917,7.9377E-5
41918,6.2521E-5
41919,1.12774E-4
41920,9.936E-5
41921,7.3084E-5
41922,8.4275E-5
41923,8.9215E-5
41924,3.9509E-5
41925,1.26992E-4
41926,1.05919E-4
41927,1.04898E-4
41928,1.10112E-4
41929,1.04506E-4
41930,1.04958E-4
41931,9.0915E-5
41932,0.056572622
41933,7.8475E-5
41934,8.3851E-5
41935,5.8544E-5
41936,9.4052E-5
41937,1.16377E-4
41938,6.5524E-5
41939,7.7749E-5
41940,5.2312E-5
41941,4.3627E-5
41942,9.0835E-5
41943,5.8207E-5
41944,1.01601E-4
41945,1.08351E-4
41946,9.7484E-5
41947,9.0902E-5
41948,8.6951E-5
41949,6.9772E-5
41950,6.4996E-5
41951,6.7943E-5
41952,5.011E-5
41953,4.2164E-5
41954,9.4828E-5
41955,1.02666E-4
41956,6.3702E-5
41957,3.7194E-5
41958,4.5178E-5
41959,7.8312E-5
41960,6.3068E-5
41961,1.04494E-4
41962,8.5695E-5
41963,5.1891E-5
41964,7.7713E-5
41965,8.4386E-5
41966,6.7233E-5
41967,9.2091E-5
41968,5.8597E-5
41969,1.18146E-4
41970,1.24732E-4
41971,5.1096E-5
41972,9.8835E-5
41973,4.4332E-5
41974,1.00816E-4
41975,7.711E-5
41976,6.8881E-5
41977,8.7293E-5
41978,7.4334E-5
41979,8.2338E-5
41980,8.0594E-5
41981,7.4451E-5
41982,8.9707E-5
41983,3.4879E-5
41984,8.9386E-5
41985,5.2527E-5
41986,1.01853E-4
41987,8.4579E-5
41988,8.2992E-5
41989,5.9833E-5
41990,1.05441E-4
41991,9.6977E-5
41992,6.9077E-5
41993,9.3212E-5
41994,7.2386E-5
41995,1.14194E-4
41996,8.449E-5
41997,1.03127E-4
41998,9.9114E-5
41999,9.1176E-5
42000,8.4087E-5
42001,8.7237E-5
42002,5.934E-5
42003,9.1212E-5
42004,6.6996E-5
42005,8.1712E-5
42006,5.4244E-5
42007,6.5529E-5
42008,1.03352E-4
42009,8.4476E-5
42010,6.1946E-5
42011,1.02767E-4
42012,1.08E-4
42013,5.8815E-5
42014,5.8115E-5
42015,5.964E-5
42016,6.8704E-5
42017,9.5996E-5
42018,8.6728E-5
42019,1.25406E-4
42020,9.6369E-5
42021,8.6324E-5
42022,8.2338E-5
42023,7.7619E-5
42024,9.6632E-5
42025,1.20651E-4
42026,1.01594E-4
42027,5.1257E-5
42028,9.9452E-5
42029,9.0811E-5
42030,9.4908E-5
42031,8.4775E-5
42032,7.5448E-5
42033,9.2895E-5
42034,8.1285E-5
42035,6.8235E-5
42036,7.7647E-5
42037,1.0217E-4
42038,5.7496E-5
42039,6.924E-5
42040,8.5355E-5
42041,7.1353E-5
42042,7.5909E-5
42043,8.8032E-5
42044,9.5859E-5
42045,5.807E-5
42046,8.1379E-5
42047,5.5389E-5
42048,9.1062E-5
42049,8.3271E-5
42050,7.2393E-5
42051,4.482E-5
42052,7.7486E-5
42053,1.23666E-4
42054,7.7112E-5
42055,2.7599E-5
42056,6.9102E-5
42057,4.9204E-5
42058,6.3331E-5
42059,8.4542E-5
42060,6.4158E-5
42061,7.3439E-5
42062,7.8397E-5
42063,8.1751E-5
42064,6.9633E-5
42065,6.9736E-5
42066,7.7234E-5
42067,7.8242E-5
42068,8.8012E-5
42069,7.3529E-5
42070,6.8807E-5
42071,1.01672E-4
42072,9.0704E-5
42073,8.1332E-5
42074,6.6112E-5
42075,8.1591E-5
42076,7.7857E-5
42077,7.8278E-5
42078,6.73E-5
42079,8.2227E-5
42080,9.8592E-5
42081,2.6141E-5
42082,8.976E-5
42083,1.06293E-4
42084,7.8175E-5
42085,9.6197E-5
42086,6.786E-5
42087,5.6628E-5
42088,7.901E-5
42089,9.6466E-5
42090,8.0487E-5
42091,7.4393E-5
42092,8.0231E-5
42093,9.7609E-5
42094,6.9562E-5
42095,8.7015E-5
42096,6.9562E-5
42097,4.8163E-5
42098,8.1563E-5
42099,4.7312E-5
42100,9.1929E-5
42101,4.0697E-5
42102,6.6629E-5
42103,1.17004E-4
42104,6.3682E-5
42105,4.8885E-5
42106,7.6833E-5
42107,8.769E-5
42108,7.8666E-5
42109,8.512E-5
42110,8.4298E-5
42111,6.0386E-5
42112,1.02369E-4
42113,7.1447E-5
42114,8.6424E-5
42115,6.3678E-5
42116,7.5454E-5
42117,1.05952E-4
42118,8.9695E-5
42119,9.959E-5
42120,7.63E-5
42121,1.077E-4
42122,9.6102E-5
42123,8.6598E-5
42124,9.7806E-5
42125,7.1501E-5
42126,7.36E-5
42127,9.5277E-5
42128,6.612E-5
42129,1.10243E-4
42130,9.2865E-5
42131,7.1981E-5
42132,4.5646E-5
42133,7.1916E-5
42134,8.6356E-5
42135,7.0284E-5
42136,5.8527E-5
42137,8.0516E-5
42138,4.8358E-5
42139,8.5385E-5
42140,6.5183E-5
42141,9.3108E-5
42142,1.09138E-4
42143,1.1506E-4
42144,6.3797E-5
42145,4.0612E-5
42146,9.5085E-5
42147,7.1507E-5
42148,9.5139E-5
42149,9.3189E-5
42150,6.6188E-5
42151,8.4488E-5
42152,8.0999E-5
42153,9.1585E-5
42154,8.8442E-5
42155,5.4823E-5
42156,8.8968E-5
42157,6.621E-5
42158,8.0439E-5
42159,9.9987E-5
42160,8.4346E-5
42161,9.6821E-5
42162,8.5762E-5
42163,4.9852E-5
42164,7.6521E-5
42165,7.1716E-5
42166,7.5037E-5
42167,7.3269E-5
42168,6.4438E-5
42169,9.1821E-5
42170,9.861E-5
42171,8.3856E-5
42172,8.9815E-5
42173,9.2726E-5
42174,9.5305E-5
42175,8.167E-5
42176,7.8477E-5
42177,8.8307E-5
42178,6.6587E-5
42179,8.3929E-5
42180,7.4928E-5
42181,9.6741E-5
42182,9.6141E-5
42183,1.13377E-4
42184,6.7355E-5
42185,8.7324E-5
42186,9.5374E-5
42187,1.31127E-4
42188,1.02133E-4
42189,6.5557E-5
42190,6.8735E-5
42191,7.7624E-5
42192,5.6575E-5
42193,7.5174E-5
42194,4.6829E-5
42195,7.3054E-5
42196,9.1507E-5
42197,1.17677E-4
42198,9.6452E-5
42199,1.06374E-4
42200,8.1374E-5
42201,5.9849E-5
42202,9.0167E-5
42203,9.1453E-5
42204,7.0099E-5
42205,7.6158E-5
42206,1.14272E-4
42207,4.3575E-5
42208,6.3651E-5
42209,8.9559E-5
42210,8.4558E-5
42211,6.8259E-5
42212,7.9455E-5
42213,6.8505E-5
42214,8.5923E-5
42215,6.7422E-5
42216,9.1928E-5
42217,5.3365E-5
42218,1.05221E-4
42219,4.5525E-5
42220,8.1253E-5
42221,5.6312E-5
42222,9.1383E-5
42223,9.1929E-5
42224,7.1988E-5
42225,6.432E-5
42226,8.7468E-5
42227,6.5446E-5
42228,8.5536E-5
42229,5.4772E-5
42230,6.3618E-5
42231,5.7336E-5
42232,9.3922E-5
42233,1.01914E-4
42234,1.07318E-4
42235,7.9318E-5
42236,7.9281E-5
42237,8.7122E-5
42238,1.03948E-4
42239,9.4138E-5
42240,8.4774E-5
42241,8.9297E-5
42242,9.8145E-5
42243,5.4063E-5
42244,7.9909E-5
42245,7.2459E-5
42246,7.3146E-5
42247,4.9925E-5
42248,5.6486E-5
42249,8.2325E-5
42250,8.0556E-5
42251,1.04622E-4
42252,8.7802E-5
42253,9.588E-5
42254,5.0772E-5
42255,8.6572E-5
42256,1.02824E-4
42257,1.13287E-4
42258,8.4161E-5
42259,8.7202E-5
42260,5.94E-5
42261,6.2981E-5
42262,7.0366E-5
42263,9.9159E-5
42264,7.078E-5
42265,1.05601E-4
42266,1.0688E-4
42267,7.0221E-5
42268,5.2196E-5
42269,7.9041E-5
42270,8.8384E-5
42271,9.5837E-5
42272,7.3982E-5
42273,7.1483E-5
42274,7.5509E-5
42275,9.2943E-5
42276,1.08499E-4
42277,8.4976E-5
42278,1.24061E-4
42279,8.9478E-5
42280,7.8175E-5
42281,9.8716E-5
42282,5.4598E-5
42283,8.4321E-5
42284,1.0049E-4
42285,1.06676E-4
42286,8.2961E-5
42287,1.21112E-4
42288,4.3869E-5
42289,8.2807E-5
42290,8.3168E-5
42291,8.5128E-5
42292,8.2247E-5
42293,7.6664E-5
42294,7.3688E-5
42295,9.5498E-5
42296,1.16802E-4
42297,1.2008E-4
42298,6.7222E-5
42299,8.4039E-5
42300,1.04451E-4
42301,7.3877E-5
42302,1.22375E-4
42303,1.37864E-4
42304,8.4183E-5
42305,9.0093E-5
42306,7.7208E-5
42307,8.0867E-5
42308,8.5395E-5
42309,8.2507E-5
42310,7.5711E-5
42311,8.3156E-5
42312,7.3857E-5
42313,1.10958E-4
42314,1.03705E-4
42315,7.8245E-5
42316,9.3995E-5
42317,5.808E-5
42318,8.9868E-5
42319,7.014E-5
42320,8.0202E-5
42321,1.01003E-4
42322,1.05887E-4
42323,9.2018E-5
42324,8.8246E-5
42325,6.6352E-5
42326,1.00111E-4
42327,9.4641E-5
42328,9.1094E-5
42329,6.6608E-5
42330,6.6625E-5
42331,7.2093E-5
42332,9.1768E-5
42333,1.00537E-4
42334,9.2811E-5
42335,1.11944E-4
42336,9.0548E-5
42337,7.9531E-5
42338,7.9159E-5
42339,7.6557E-5
42340,8.0255E-5
42341,5.9495E-5
42342,6.3129E-5
42343,8.5196E-5
42344,4.9926E-5
42345,8.2739E-5
42346,8.2477E-5
42347,1.1005E-4
42348,7.3773E-5
42349,1.06634E-4
42350,7.6215E-5
42351,1.06786E-4
42352,8.4722E-5
42353,7.6553E-5
42354,8.0269E-5
42355,7.4169E-5
42356,7.1785E-5
42357,5.9106E-5
42358,7.9778E-5
42359,5.9557E-5
42360,1.07924E-4
42361,1.27183E-4
42362,6.0541E-5
42363,9.9415E-5
42364,7.6387E-5
42365,8.8262E-5
42366,8.1298E-5
42367,8.2311E-5
42368,8.6416E-5
42369,9.0478E-5
42370,1.01166E-4
42371,8.926E-5
42372,7.3544E-5
42373,7.4318E-5
42374,9.958E-5
42375,8.4452E-5
42376,5.5329E-5
42377,9.8989E-5
42378,8.7753E-5
42379,8.4482E-5
42380,1.15511E-4
42381,1.12286E-4
42382,6.4209E-5
42383,8.6744E-5
42384,5.6579E-5
42385,6.9201E-5
42386,8.9943E-5
42387,7.1885E-5
42388,1.00572E-4
42389,6.8341E-5
42390,1.12767E-4
42391,8.5743E-5
42392,4.1878E-5
42393,3.7308E-5
42394,7.6719E-5
42395,4.8037E-5
42396,5.5477E-5
42397,6.2778E-5
42398,6.1971E-5
42399,9.7333E-5
42400,7.5712E-5
42401,1.07234E-4
42402,7.8936E-5
42403,1.07871E-4
42404,9.3918E-5
42405,7.0848E-5
42406,1.15274E-4
42407,9.7337E-5
42408,9.5923E-5
42409,1.00406E-4
42410,8.2667E-5
42411,9.631E-5
42412,1.13743E-4
42413,7.8289E-5
42414,7.9848E-5
42415,9.1804E-5
42416,9.7857E-5
42417,9.2476E-5
42418,8.6276E-5
42419,8.7987E-5
42420,8.824E-5
42421,7.307E-5
42422,5.7479E-5
42423,1.1348E-4
42424,5.0568E-5
42425,7.2634E-5
42426,1.02282E-4
42427,6.4637E-5
42428,8.4916E-5
42429,8.067E-5
42430,7.7615E-5
42431,6.9063E-5
42432,6.5133E-5
42433,8.9207E-5
42434,5.9042E-5
42435,8.5214E-5
42436,8.0883E-5
42437,7.7426E-5
42438,6.3335E-5
42439,1.09404E-4
42440,0.001585452
42441,1.06784E-4
42442,8.5123E-5
42443,7.8251E-5
42444,7.0829E-5
42445,7.6689E-5
42446,4.2923E-5
42447,1.11624E-4
42448,6.9582E-5
42449,1.13708E-4
42450,1.12021E-4
42451,7.8117E-5
42452,7.8537E-5
42453,5.5102E-5
42454,8.8358E-5
42455,1.05669E-4
42456,5.8785E-5
42457,8.2111E-5
42458,1.05346E-4
42459,7.7339E-5
42460,9.73456E-4
42461,8.8257E-5
42462,7.3681E-5
42463,1.23749E-4
42464,9.669E-5
42465,4.4486E-5
42466,7.8026E-5
42467,4.2185E-5
42468,1.05732E-4
42469,9.1972E-5
42470,9.6709E-5
42471,9.4734E-5
42472,1.07466E-4
42473,8.207E-5
42474,5.2938E-5
42475,8.6985E-5
42476,7.1425E-5
42477,6.0475E-5
42478,1.26788E-4
42479,9.5416E-5
42480,8.7523E-5
42481,9.4334E-5
42482,8.9492E-5
42483,1.01183E-4
42484,1.15322E-4
42485,9.6747E-5
42486,4.0432E-5
42487,8.181E-5
42488,6.3425E-5
42489,3.8359E-5
42490,8.6656E-5
42491,9.2727E-5
42492,1.05411E-4
42493,9.3811E-5
42494,8.5001E-5
42495,7.7136E-5
42496,1.06395E-4
42497,7.1885E-5
42498,9.6359E-5
42499,7.0543E-5
42500,1.19143E-4
42501,9.3511E-5
42502,1.03946E-4
42503,8.6786E-5
42504,7.179E-5
42505,6.8573E-5
42506,8.1183E-5
42507,1.08895E-4
42508,7.289E-5
42509,4.701E-5
42510,8.2162E-5
42511,9.798E-5
42512,8.3983E-5
42513,8.5674E-5
42514,8.4172E-5
42515,7.8683E-5
42516,8.2371E-5
42517,7.0342E-5
42518,7.9242E-5
42519,1.07819E-4
42520,5.6069E-5
42521,7.6096E-5
42522,8.0623E-5
42523,7.4537E-5
42524,4.5207E-5
42525,1.21231E-4
42526,9.8842E-5
42527,1.09097E-4
42528,8.0975E-5
42529,8.491E-5
42530,9.1611E-5
42531,1.13602E-4
42532,9.616E-5
42533,5.2336E-5
42534,7.035E-5
42535,5.0807E-5
42536,5.8318E-5
42537,6.439E-5
42538,9.2976E-5
42539,1.19183E-4
42540,5.605E-5
42541,1.03342E-4
42542,7.7747E-5
42543,4.2765E-5
42544,6.5012E-5
42545,8.6867E-5
42546,9.513E-5
42547,8.2975E-5
42548,8.2708E-5
42549,7.3482E-5
42550,5.9084E-5
42551,9.9223E-5
42552,7.8824E-5
42553,7.5445E-5
42554,5.1151E-5
42555,5.6735E-5
42556,9.7145E-5
42557,1.05005E-4
42558,8.9604E-5
42559,6.5007E-5
42560,1.00056E-4
42561,8.1515E-5
42562,9.1132E-5
42563,7.0839E-5
42564,7.3546E-5
42565,1.14182E-4
42566,6.7502E-5
42567,8.83E-5
42568,6.933E-5
42569,7.1629E-5
42570,1.04663E-4
42571,5.2672E-5
42572,5.701E-5
42573,8.5295E-5
42574,9.3586E-5
42575,9.6765E-5
42576,7.2242E-5
42577,6.7179E-5
42578,7.9834E-5
42579,8.1E-5
42580,8.8956E-5
42581,9.1554E-5
42582,7.4495E-5
42583,9.2992E-5
42584,6.8774E-5
42585,8.3516E-5
42586,6.9186E-5
42587,4.601E-5
42588,7.4097E-5
42589,0.001029321
42590,1.19631E-4
42591,7.8874E-5
42592,7.929E-5
42593,8.5371E-5
42594,8.8324E-5
42595,8.8651E-5
42596,6.0822E-5
42597,9.2087E-5
42598,6.2039E-5
42599,4.8219E-5
42600,9.4207E-5
42601,7.5306E-5
42602,7.2526E-5
42603,6.7955E-5
42604,8.3966E-5
42605,7.0411E-5
42606,9.9959E-5
42607,1.0362E-4
42608,8.8601E-5
42609,1.1511E-4
42610,5.8828E-5
42611,8.0118E-5
42612,6.3216E-5
42613,7.9625E-5
42614,7.2552E-5
42615,3.5132E-5
42616,1.05979E-4
42617,6.5228E-5
42618,7.7811E-5
42619,5.7341E-5
42620,1.13797E-4
42621,6.077E-5
42622,5.0407E-5
42623,8.8065E-5
42624,7.7129E-5
42625,5.4025E-5
42626,8.8737E-5
42627,5.1918E-5
42628,8.0095E-5
42629,8.0234E-5
42630,9.2422E-5
42631,7.7917E-5
42632,8.3415E-5
42633,1.32031E-4
42634,8.4223E-5
42635,7.1037E-5
42636,7.6547E-5
42637,7.153E-5
42638,1.07799E-4
42639,1.10689E-4
42640,9.6043E-5
42641,5.6049E-5
42642,7.6086E-5
42643,9.3487E-5
42644,7.6114E-5
42645,1.09777E-4
42646,8.4704E-5
42647,4.7702E-5
42648,8.3635E-5
42649,5.2526E-5
42650,7.7198E-5
42651,1.16624E-4
42652,7.8876E-5
42653,9.3271E-5
42654,7.1491E-5
42655,8.8591E-5
42656,9.6678E-5
42657,5.8338E-5
42658,1.21895E-4
42659,7.3604E-5
42660,7.5682E-5
42661,4.469E-5
42662,1.13035E-4
42663,9.0657E-5
42664,6.2856E-5
42665,1.02465E-4
42666,8.7485E-5
42667,8.8557E-5
42668,8.2527E-5
42669,1.0548E-4
42670,9.787E-5
42671,9.3201E-5
42672,8.4052E-5
42673,9.8288E-5
42674,7.7925E-5
42675,1.03389E-4
42676,6.7588E-5
42677,8.7843E-5
42678,1.26629E-4
42679,7.4491E-5
42680,8.3356E-5
42681,9.4157E-5
42682,8.6736E-5
42683,1.03199E-4
42684,6.4578E-5
42685,1.1777E-4
42686,1.05286E-4
42687,1.00154E-4
42688,9.4732E-5
42689,5.7719E-5
42690,7.6066E-5
42691,8.8499E-5
42692,5.2988E-5
42693,1.11085E-4
42694,7.5683E-5
42695,1.2893E-4
42696,9.0404E-5
42697,7.3413E-5
42698,8.8807E-5
42699,7.4164E-5
42700,9.824E-5
42701,1.01078E-4
42702,1.10125E-4
42703,5.5839E-5
42704,5.7385E-5
42705,8.3615E-5
42706,1.06253E-4
42707,1.22945E-4
42708,9.4021E-5
42709,1.20672E-4
42710,1.13009E-4
42711,5.0867E-5
42712,7.9516E-5
42713,1.0645E-4
42714,9.2666E-5
42715,4.2397E-5
42716,9.1075E-5
42717,9.9498E-5
42718,1.07718E-4
42719,7.8072E-5
42720,6.5779E-5
42721,8.4891E-5
42722,7.1293E-5
42723,9.6986E-5
42724,8.1617E-5
42725,7.9634E-5
42726,8.0079E-5
42727,8.5448E-5
42728,5.9028E-5
42729,9.2373E-5
42730,1.12323E-4
42731,9.4089E-5
42732,9.1057E-5
42733,9.0879E-5
42734,8.7573E-5
42735,6.6658E-5
42736,3.4426E-5
42737,9.3396E-5
42738,9.2341E-5
42739,9.2683E-5
42740,9.1773E-5
42741,9.705E-5
42742,6.2495E-5
42743,1.00159E-4
42744,8.5886E-5
42745,8.0859E-5
42746,6.5125E-5
42747,1.04008E-4
42748,8.3777E-5
42749,8.1766E-5
42750,1.20946E-4
42751,9.0874E-5
42752,9.0847E-5
42753,9.4222E-5
42754,8.94E-5
42755,3.3315E-5
42756,4.9104E-5
42757,8.3887E-5
42758,9.8517E-5
42759,8.667E-5
42760,1.01618E-4
42761,6.6331E-5
42762,5.6151E-5
42763,1.31058E-4
42764,1.13785E-4
42765,1.07317E-4
42766,8.4262E-5
42767,1.13521E-4
42768,8.277E-5
42769,6.8899E-5
42770,1.12689E-4
42771,9.144E-5
42772,8.2533E-5
42773,9.7848E-5
42774,1.08773E-4
42775,1.05304E-4
42776,8.1123E-5
42777,9.9915E-5
42778,0.016306776
42779,1.11261E-4
42780,1.16606E-4
42781,8.5114E-5
42782,8.4498E-5
42783,7.1469E-5
42784,8.6593E-5
42785,6.8339E-5
42786,7.0787E-5
42787,1.01962E-4
42788,7.9308E-5
42789,6.7502E-5
42790,9.3521E-5
42791,8.5716E-5
42792,7.1024E-5
42793,9.0808E-5
42794,8.1744E-5
42795,6.6608E-5
42796,8.6834E-5
42797,8.5226E-5
42798,1.19411E-4
42799,8.1475E-5
42800,5.4747E-5
42801,4.6516E-5
42802,6.9518E-5
42803,9.8491E-5
42804,5.7936E-5
42805,8.1243E-5
42806,7.2582E-5
42807,1.10217E-4
42808,1.06568E-4
42809,8.6065E-5
42810,9.301E-5
42811,7.2754E-5
42812,9.9344E-5
42813,5.7041E-5
42814,6.8997E-5
42815,9.6049E-5
42816,8.8433E-5
42817,6.8223E-5
42818,7.6343E-5
42819,1.06859E-4
42820,1.1235E-4
42821,7.5953E-5
42822,6.1365E-5
42823,9.9831E-5
42824,7.5898E-5
42825,1.07345E-4
42826,8.415E-5
42827,8.2589E-5
42828,8.1957E-5
42829,9.5702E-5
42830,1.05909E-4
42831,8.8574E-5
42832,9.4022E-5
42833,1.1459E-4
42834,7.697E-5
42835,1.038E-4
42836,6.531E-5
42837,5.5714E-5
42838,4.4554E-5
42839,7.8606E-5
42840,9.8822E-5
42841,1.07961E-4
42842,1.0116E-4
42843,1.09089E-4
42844,9.5002E-5
42845,9.2814E-5
42846,9.8726E-5
42847,1.19862E-4
42848,0.001152909
42849,4.8327E-5
42850,1.6441E-5
42851,5.1465E-5
42852,1.12158E-4
42853,1.23176E-4
42854,8.8545E-5
42855,6.4122E-5
42856,1.02769E-4
42857,5.2725E-5
42858,9.1123E-5
42859,7.4039E-5
42860,7.0187E-5
42861,1.38607E-4
42862,1.17812E-4
42863,9.3664E-5
42864,1.02861E-4
42865,1.03321E-4
42866,7.5399E-5
42867,8.794E-5
42868,6.8365E-5
42869,9.7982E-5
42870,8.9332E-5
42871,4.2506E-5
42872,9.1113E-5
42873,1.3316E-4
42874,1.09144E-4
42875,9.9167E-5
42876,1.10557E-4
42877,6.0797E-5
42878,9.5262E-5
42879,8.7206E-5
42880,8.2978E-5
42881,7.52E-5
42882,9.1058E-5
42883,1.08838E-4
42884,0.019465571
42885,8.8721E-5
42886,5.6469E-5
42887,9.5283E-5
42888,9.6053E-5
42889,1.00967E-4
42890,9.5226E-5
42891,1.12036E-4
42892,7.4602E-5
42893,1.07867E-4
42894,5.7119E-5
42895,5.6325E-5
42896,6.2527E-5
42897,7.1676E-5
42898,9.098E-5
42899,6.6734E-5
42900,6.6026E-5
42901,8.357E-5
42902,1.05726E-4
42903,6.4895E-5
42904,8.7976E-5
42905,7.9992E-5
42906,9.9585E-5
42907,5.6586E-5
42908,7.9058E-5
42909,9.7988E-5
42910,1.20232E-4
42911,1.07991E-4
42912,7.2967E-5
42913,8.0924E-5
42914,4.1783E-5
42915,8.6292E-5
42916,6.8902E-5
42917,5.918E-5
42918,8.5486E-5
42919,4.6996E-5
42920,8.329E-5
42921,7.7765E-5
42922,5.052E-5
42923,1.00099E-4
42924,7.2295E-5
42925,9.4073E-5
42926,6.7632E-5
42927,0.001497901
42928,8.5984E-5
42929,9.3352E-5
42930,8.4412E-5
42931,7.7929E-5
42932,7.7957E-5
42933,1.16546E-4
42934,7.5978E-5
42935,7.4498E-5
42936,7.369E-5
42937,8.4449E-5
42938,9.736E-5
42939,8.0354E-5
42940,9.2065E-5
42941,8.5846E-5
42942,5.693E-5
42943,8.1097E-5
42944,1.20601E-4
42945,5.0625E-5
42946,6.1369E-5
42947,8.3631E-5
42948,8.0465E-5
42949,5.8718E-5
42950,7.0444E-5
42951,9.303E-5
42952,7.8016E-5
42953,9.4311E-5
42954,9.4876E-5
42955,8.1967E-5
42956,1.40098E-4
42957,8.0127E-5
42958,1.14533E-4
42959,4.7398E-5
42960,1.06102E-4
42961,8.2729E-5
42962,8.182E-5
42963,6.3423E-5
42964,1.07267E-4
42965,9.1463E-5
42966,9.3668E-5
42967,7.0884E-5
42968,8.5383E-5
42969,1.4475E-4
42970,7.7432E-5
42971,8.6364E-5
42972,1.10841E-4
42973,1.00085E-4
42974,1.18342E-4
42975,1.02355E-4
42976,7.6963E-5
42977,9.7434E-5
42978,8.3898E-5
42979,8.36E-5
42980,8.6908E-5
42981,8.7452E-5
42982,8.8441E-5
42983,9.1703E-5
42984,8.585E-5
42985,7.1044E-5
42986,8.9017E-5
42987,6.9237E-5
42988,1.16439E-4
42989,7.1265E-5
42990,3.5184E-5
42991,6.5565E-5
42992,6.6046E-5
42993,3.3073E-5
42994,9.9227E-5
42995,5.3111E-5
42996,8.7479E-5
42997,8.5375E-5
42998,6.6338E-5
42999,8.7209E-5
43000,9.7346E-5
43001,8.5189E-5
43002,7.1495E-5
43003,7.6891E-5
43004,8.5088E-5
43005,1.17446E-4
43006,8.1945E-5
43007,8.7353E-5
43008,9.0628E-5
43009,9.5257E-5
43010,6.4708E-5
43011,9.4562E-5
43012,8.5319E-5
43013,6.5512E-5
43014,4.8393E-5
43015,1.04411E-4
43016,4.2802E-5
43017,8.0278E-5
43018,7.8196E-5
43019,6.2755E-5
43020,1.22676E-4
43021,6.6822E-5
43022,8.7333E-5
43023,1.07103E-4
43024,8.5232E-5
43025,1.03692E-4
43026,8.7532E-5
43027,7.4601E-5
43028,6.3351E-5
43029,6.0872E-5
43030,9.7136E-5
43031,8.7668E-5
43032,8.1441E-5
43033,8.1349E-5
43034,8.9428E-5
43035,6.067E-5
43036,6.6804E-5
43037,1.31062E-4
43038,1.04578E-4
43039,1.11217E-4
43040,8.1508E-5
43041,7.8035E-5
43042,4.9758E-5
43043,5.3095E-5
43044,8.2694E-5
43045,1.01831E-4
43046,9.4681E-5
43047,9.496E-5
43048,1.04104E-4
43049,7.0076E-5
43050,1.16809E-4
43051,5.2616E-5
43052,4.7127E-5
43053,1.03808E-4
43054,7.3081E-5
43055,9.1015E-5
43056,5.4102E-5
43057,6.2802E-5
43058,8.7286E-5
43059,9.8471E-5
43060,1.30465E-4
43061,6.8124E-5
43062,9.1807E-5
43063,8.1006E-5
43064,8.5032E-5
43065,7.614E-5
43066,7.9315E-5
43067,5.3591E-5
43068,1.15296E-4
43069,8.3592E-5
43070,1.15036E-4
43071,4.6353E-5
43072,7.7229E-5
43073,6.5289E-5
43074,7.6413E-5
43075,9.2067E-5
43076,4.6894E-5
43077,1.03705E-4
43078,1.14384E-4
43079,1.0025E-4
43080,6.5998E-5
43081,1.12657E-4
43082,6.4803E-5
43083,6.4642E-5
43084,7.8109E-5
43085,6.9715E-5
43086,5.541E-5
43087,5.2462E-5
43088,9.6372E-5
43089,5.46E-5
43090,6.9602E-5
43091,7.1447E-5
43092,6.598E-5
43093,7.1761E-5
43094,8.9464E-5
43095,8.1801E-5
43096,5.9129E-5
43097,4.2901E-5
43098,5.3174E-5
43099,9.4041E-5
43100,7.7295E-5
43101,9.7954E-5
43102,5.8267E-5
43103,8.2655E-5
43104,8.6267E-5
43105,1.03984E-4
43106,1.17152E-4
43107,1.13761E-4
43108,8.2197E-5
43109,1.02809E-4
43110,8.6561E-5
43111,8.8333E-5
43112,9.5952E-5
43113,7.8422E-5
43114,9.2223E-5
43115,9.9904E-5
43116,7.5561E-5
43117,9.4529E-5
43118,8.0702E-5
43119,7.3604E-5
43120,8.8188E-5
43121,8.9052E-5
43122,7.2261E-5
43123,1.08853E-4
43124,8.9419E-5
43125,1.17419E-4
43126,5.108E-5
43127,9.3532E-5
43128,8.2751E-5
43129,6.1562E-5
43130,7.514E-5
43131,1.02931E-4
43132,6.6254E-5
43133,8.0395E-5
43134,7.7379E-5
43135,1.0171E-4
43136,8.1241E-5
43137,1.17019E-4
43138,9.2758E-5
43139,6.8175E-5
43140,7.1222E-5
43141,1.0643E-4
43142,7.4222E-5
43143,1.03443E-4
43144,7.2613E-5
43145,1.04325E-4
43146,6.3607E-5
43147,7.2926E-5
43148,8.574E-5
43149,9.7292E-5
43150,1.0732E-4
43151,1.00708E-4
43152,1.1486E-4
43153,5.2035E-5
43154,5.4732E-5
43155,7.603E-5
43156,6.0398E-5
43157,6.8821E-5
43158,1.03204E-4
43159,6.63E-5
43160,8.8802E-5
43161,7.6285E-5
43162,9.4336E-5
43163,6.1311E-5
43164,8.3004E-5
43165,6.4081E-5
43166,1.08473E-4
43167,1.11439E-4
43168,8.0042E-5
43169,7.9973E-5
43170,1.10963E-4
43171,6.3086E-5
43172,9.7586E-5
43173,7.016E-5
43174,8.8934E-5
43175,1.09308E-4
43176,7.1743E-5
43177,1.10715E-4
43178,4.3818E-5
43179,7.7111E-5
43180,1.07673E-4
43181,5.8917E-5
43182,7.6946E-5
43183,4.0413E-5
43184,8.7274E-5
43185,9.043E-5
43186,2.8107E-5
43187,8.1139E-5
43188,8.3019E-5
43189,9.1334E-5
43190,8.1731E-5
43191,6.4382E-5
43192,6.2465E-5
43193,1.00145E-4
43194,1.03629E-4
43195,9.7745E-5
43196,7.7865E-5
43197,1.05433E-4
43198,8.4458E-5
43199,1.07136E-4
43200,6.8787E-5
43201,5.2229E-5
43202,1.16168E-4
43203,7.9333E-5
43204,8.5912E-5
43205,1.13785E-4
43206,8.0303E-5
43207,9.7434E-5
43208,9.5071E-5
43209,8.2974E-5
43210,9.3473E-5
43211,1.10509E-4
43212,6.9726E-5
43213,8.086E-5
43214,5.7917E-5
43215,8.7066E-5
43216,7.8715E-5
43217,9.8176E-5
43218,1.02029E-4
43219,8.2781E-5
43220,7.4305E-5
43221,9.6868E-5
43222,8.4439E-5
43223,8.4576E-5
43224,8.5119E-5
43225,1.03039E-4
43226,9.8026E-5
43227,8.6194E-5
43228,8.2543E-5
43229,9.7753E-5
43230,1.03991E-4
43231,9.3492E-5
43232,1.06213E-4
43233,6.7665E-5
43234,1.01164E-4
43235,9.0937E-5
43236,1.00288E-4
43237,5.9546E-5
43238,7.1481E-5
43239,1.13139E-4
43240,9.2911E-5
43241,1.02801E-4
43242,6.8899E-5
43243,1.25185E-4
43244,1.01595E-4
43245,1.06383E-4
43246,6.5936E-5
43247,7.6916E-5
43248,6.9554E-5
43249,8.4866E-5
43250,8.399E-5
43251,9.7711E-5
43252,7.2135E-5
43253,9.2682E-5
43254,9.7288E-5
43255,7.573E-5
43256,6.6164E-5
43257,7.596E-5
43258,4.9342E-5
43259,7.4229E-5
43260,9.7637E-5
43261,7.5643E-5
43262,6.8228E-5
43263,1.12776E-4
43264,6.9214E-5
43265,6.3635E-5
43266,5.0663E-5
43267,8.1686E-5
43268,1.25173E-4
43269,1.16745E-4
43270,4.6831E-5
43271,7.835E-5
43272,1.2862E-4
43273,7.3977E-5
43274,8.8968E-5
43275,1.04296E-4
43276,8.2686E-5
43277,6.2743E-5
43278,1.06374E-4
43279,9.6021E-5
43280,9.4948E-5
43281,8.1846E-5
43282,9.8629E-5
43283,1.16871E-4
43284,6.6732E-5
43285,1.0942E-4
43286,5.1212E-5
43287,8.7508E-5
43288,8.5927E-5
43289,6.0274E-5
43290,8.6012E-5
43291,8.8462E-5
43292,7.3242E-5
43293,8.8818E-5
43294,6.8941E-5
43295,8.2141E-5
43296,9.4657E-5
43297,1.05718E-4
43298,1.08073E-4
43299,6.4586E-5
43300,9.9369E-5
43301,8.1439E-5
43302,8.2861E-5
43303,1.15513E-4
43304,1.15048E-4
43305,7.6004E-5
43306,1.24809E-4
43307,1.11647E-4
43308,8.9022E-5
43309,8.5432E-5
43310,5.921E-5
43311,6.0708E-5
43312,1.09976E-4
43313,8.8204E-5
43314,8.8069E-5
43315,7.1137E-5
43316,5.4588E-5
43317,2.2198E-5
43318,5.6551E-5
43319,8.058E-5
43320,7.378E-5
43321,1.02925E-4
43322,5.8891E-5
43323,6.8586E-5
43324,1.04885E-4
43325,1.18775E-4
43326,9.0428E-5
43327,8.1818E-5
43328,9.7269E-5
43329,8.1896E-5
43330,7.8873E-5
43331,7.1945E-5
43332,8.8008E-5
43333,9.3689E-5
43334,7.5529E-5
43335,9.6713E-5
43336,1.08942E-4
43337,8.9201E-5
43338,7.5405E-5
43339,9.542E-5
43340,9.6701E-5
43341,8.2072E-5
43342,7.677E-5
43343,8.0486E-5
43344,9.8408E-5
43345,7.1066E-5
43346,1.15553E-4
43347,9.6752E-5
43348,8.8768E-5
43349,1.20593E-4
43350,5.1894E-5
43351,9.0366E-5
43352,8.7535E-5
43353,1.02523E-4
43354,8.2573E-5
43355,9.8763E-5
43356,6.295E-5
43357,7.2669E-5
43358,9.6033E-5
43359,1.08297E-4
43360,8.8932E-5
43361,7.9794E-5
43362,9.2852E-5
43363,8.0877E-5
43364,6.9071E-5
43365,6.7048E-5
43366,6.3354E-5
43367,1.28267E-4
43368,8.8547E-5
43369,1.13312E-4
43370,8.154E-5
43371,1.0119E-4
43372,7.2947E-5
43373,1.19457E-4
43374,5.9682E-5
43375,8.2521E-5
43376,1.01678E-4
43377,9.4533E-5
43378,9.9609E-5
43379,5.8982E-5
43380,1.03082E-4
43381,7.3958E-5
43382,7.9758E-5
43383,8.942E-5
43384,8.9377E-5
43385,8.3559E-5
43386,9.5959E-5
43387,7.9928E-5
43388,8.0187E-5
43389,7.5739E-5
43390,8.3109E-5
43391,7.6915E-5
43392,1.10225E-4
43393,9.8458E-5
43394,4.7196E-5
43395,1.10857E-4
43396,6.6448E-5
43397,1.01231E-4
43398,8.7175E-5
43399,6.8198E-5
43400,9.0226E-5
43401,9.3374E-5
43402,8.7361E-5
43403,7.0125E-5
43404,1.06414E-4
43405,8.7956E-5
43406,1.02091E-4
43407,7.6182E-5
43408,7.7706E-5
43409,6.8719E-5
43410,6.4874E-5
43411,7.7465E-5
43412,7.7246E-5
43413,9.0221E-5
43414,9.8695E-5
43415,8.6138E-5
43416,8.9144E-5
43417,0.002204253
43418,6.8548E-5
43419,5.9626E-5
43420,8.203E-5
43421,6.5017E-5
43422,7.6655E-5
43423,1.06317E-4
43424,9.8146E-5
43425,1.05698E-4
43426,6.0363E-5
43427,5.4146E-5
43428,9.8059E-5
43429,1.11123E-4
43430,7.359E-5
43431,6.859E-5
43432,6.9838E-5
43433,7.8654E-5
43434,6.6754E-5
43435,6.9779E-5
43436,1.00795E-4
43437,1.0398E-4
43438,9.1111E-5
43439,3.4999E-5
43440,6.5576E-5
43441,1.10405E-4
43442,7.7436E-5
43443,5.8632E-5
43444,8.7127E-5
43445,7.4748E-5
43446,5.8386E-5
43447,6.2141E-5
43448,5.9759E-5
43449,6.4434E-5
43450,9.2564E-5
43451,6.1611E-5
43452,7.5336E-5
43453,8.4044E-5
43454,1.04163E-4
43455,8.3787E-5
43456,4.3027E-5
43457,9.033E-5
43458,7.0201E-5
43459,1.06613E-4
43460,9.8847E-5
43461,1.06244E-4
43462,1.1077E-4
43463,1.00064E-4
43464,7.684E-5
43465,7.1945E-5
43466,9.2375E-5
43467,8.4783E-5
43468,1.01095E-4
43469,7.6759E-5
43470,9.8286E-5
43471,6.2945E-5
43472,9.8744E-5
43473,1.13708E-4
43474,7.6111E-5
43475,7.8094E-5
43476,8.956E-5
43477,1.09859E-4
43478,1.13758E-4
43479,9.342E-5
43480,8.0298E-5
43481,7.3918E-5
43482,8.7292E-5
43483,8.4519E-5
43484,6.1945E-5
43485,9.3694E-5
43486,9.6802E-5
43487,6.3933E-5
43488,6.637E-5
43489,9.533E-5
43490,8.6738E-5
43491,9.7555E-5
43492,9.1692E-5
43493,8.4979E-5
43494,1.09692E-4
43495,7.7872E-5
43496,7.7729E-5
43497,8.8264E-5
43498,8.8511E-5
43499,6.4096E-5
43500,7.3307E-5
43501,8.9345E-5
43502,2.8732E-5
43503,1.1774E-4
43504,7.4728E-5
43505,9.9384E-5
43506,1.09398E-4
43507,5.7763E-5
43508,1.00808E-4
43509,8.9191E-5
43510,9.9053E-5
43511,5.8673E-5
43512,7.9994E-5
43513,8.3E-5
43514,6.4947E-5
43515,8.1332E-5
43516,8.3025E-5
43517,8.7027E-5
43518,8.3601E-5
43519,9.6379E-5
43520,6.3609E-5
43521,1.06482E-4
43522,9.2614E-5
43523,5.6366E-5
43524,6.5038E-5
43525,8.9229E-5
43526,1.17336E-4
43527,6.5374E-5
43528,1.1055E-4
43529,5.9265E-5
43530,7.0747E-5
43531,9.7767E-5
43532,1.14607E-4
43533,8.349E-5
43534,1.20856E-4
43535,1.00124E-4
43536,1.10062E-4
43537,7.6237E-5
43538,8.4357E-5
43539,6.6985E-5
43540,8.574E-5
43541,6.7799E-5
43542,3.4855E-5
43543,8.1641E-5
43544,1.08712E-4
43545,5.9389E-5
43546,1.09243E-4
43547,8.3086E-5
43548,6.3632E-5
43549,1.19967E-4
43550,1.00491E-4
43551,8.3432E-5
43552,6.9936E-5
43553,1.0641E-4
43554,6.3287E-5
43555,9.4267E-5
43556,1.05873E-4
43557,6.5587E-5
43558,6.3518E-5
43559,9.7121E-5
43560,1.20655E-4
43561,9.2014E-5
43562,1.09576E-4
43563,7.9148E-5
43564,1.10118E-4
43565,1.18059E-4
43566,9.6777E-5
43567,9.6827E-5
43568,8.2196E-5
43569,1.11406E-4
43570,1.07238E-4
43571,1.10064E-4
43572,6.9311E-5
43573,8.2901E-5
43574,8.6313E-5
43575,7.6291E-5
43576,9.889E-5
43577,6.4425E-5
43578,1.16742E-4
43579,9.2081E-5
43580,5.0591E-5
43581,9.4607E-5
43582,9.4504E-5
43583,8.6634E-5
43584,8.7121E-5
43585,9.8456E-5
43586,1.03988E-4
43587,9.5396E-5
43588,1.00409E-4
43589,9.6646E-5
43590,6.1219E-5
43591,1.09332E-4
43592,1.1827E-4
43593,4.5186E-5
43594,1.12515E-4
43595,8.524E-5
43596,6.7907E-5
43597,9.8735E-5
43598,7.0967E-5
43599,5.49E-5
43600,1.0139E-4
43601,1.08729E-4
43602,1.1601E-4
43603,7.5382E-5
43604,1.19343E-4
43605,9.4192E-5
43606,1.07943E-4
43607,1.05485E-4
43608,7.6827E-5
43609,9.3043E-5
43610,1.05184E-4
43611,7.5268E-5
43612,8.8694E-5
43613,8.3557E-5
43614,8.372E-5
43615,9.89E-5
43616,9.1866E-5
43617,9.1554E-5
43618,1.02737E-4
43619,8.0935E-5
43620,9.0673E-5
43621,8.1528E-5
43622,7.5243E-5
43623,8.313E-5
43624,8.6838E-5
43625,9.3158E-5
43626,7.0256E-5
43627,1.1068E-4
43628,8.9574E-5
43629,1.03745E-4
43630,8.17E-5
43631,8.2692E-5
43632,6.4397E-5
43633,1.00448E-4
43634,6.8575E-5
43635,1.11931E-4
43636,1.15014E-4
43637,7.965E-5
43638,5.9439E-5
43639,6.2533E-5
43640,1.0775E-4
43641,6.0352E-5
43642,9.2017E-5
43643,2.4113E-5
43644,9.6545E-5
43645,4.8392E-5
43646,8.5146E-5
43647,1.03024E-4
43648,6.5889E-5
43649,5.998E-5
43650,1.16572E-4
43651,7.0846E-5
43652,8.9422E-5
43653,9.5359E-5
43654,9.2777E-5
43655,8.5422E-5
43656,7.9465E-5
43657,1.01732E-4
43658,7.9694E-5
43659,9.631E-5
43660,0.006997152
43661,1.07373E-4
43662,9.1251E-5
43663,8.5381E-5
43664,9.1913E-5
43665,9.6324E-5
43666,8.1885E-5
43667,1.02859E-4
43668,9.9724E-5
43669,8.6927E-5
43670,8.2755E-5
43671,8.2264E-5
43672,8.9585E-5
43673,1.08814E-4
43674,1.03786E-4
43675,7.9739E-5
43676,1.0744E-4
43677,8.9457E-5
43678,1.02283E-4
43679,6.4813E-5
43680,8.4465E-5
43681,6.6476E-5
43682,2.7786E-5
43683,8.0852E-5
43684,1.18863E-4
43685,1.21128E-4
43686,8.7756E-5
43687,8.211E-5
43688,8.9138E-5
43689,1.15713E-4
43690,1.04909E-4
43691,8.1911E-5
43692,7.6002E-5
43693,6.2808E-5
43694,7.3377E-5
43695,7.8354E-5
43696,8.7849E-5
43697,8.9609E-5
43698,1.16766E-4
43699,9.2449E-5
43700,1.09531E-4
43701,6.9995E-5
43702,9.6738E-5
43703,1.33218E-4
43704,1.09708E-4
43705,9.6673E-5
43706,1.17664E-4
43707,7.7115E-5
43708,1.0151E-4
43709,9.1948E-5
43710,1.01964E-4
43711,7.2869E-5
43712,9.1381E-5
43713,1.19055E-4
43714,9.2274E-5
43715,1.08977E-4
43716,9.2411E-5
43717,1.137E-4
43718,8.585E-5
43719,6.0342E-5
43720,1.20246E-4
43721,5.8589E-5
43722,1.10067E-4
43723,8.0722E-5
43724,6.3603E-5
43725,1.09024E-4
43726,6.7424E-5
43727,6.3835E-5
43728,6.3271E-5
43729,9.1397E-5
43730,7.2806E-5
43731,9.1556E-5
43732,7.0768E-5
43733,8.2129E-5
43734,1.35996E-4
43735,7.4797E-5
43736,1.02098E-4
43737,7.2176E-5
43738,1.1813E-4
43739,9.0903E-5
43740,5.1812E-5
43741,8.0344E-5
43742,1.07286E-4
43743,5.2228E-5
43744,8.3595E-5
43745,8.2177E-5
43746,7.2205E-5
43747,9.1525E-5
43748,5.5628E-5
43749,0.005425162
43750,9.96E-5
43751,8.9661E-5
43752,8.8142E-5
43753,9.3009E-5
43754,0.01151812
43755,6.5331E-5
43756,7.8435E-5
43757,9.4535E-5
43758,7.2319E-5
43759,8.6248E-5
43760,6.7928E-5
43761,6.8061E-5
43762,8.4968E-5
43763,8.6051E-5
43764,9.2352E-5
43765,7.1337E-5
43766,6.0486E-5
43767,7.2014E-5
43768,8.5718E-5
43769,1.24221E-4
43770,6.248E-5
43771,7.2114E-5
43772,9.2045E-5
43773,9.4024E-5
43774,9.1568E-5
43775,1.00749E-4
43776,5.092E-5
43777,5.7143E-5
43778,7.4584E-5
43779,8.619E-5
43780,7.2762E-5
43781,1.02907E-4
43782,7.5836E-5
43783,1.12138E-4
43784,4.9192E-5
43785,9.0583E-5
43786,8.8006E-5
43787,7.289E-5
43788,1.03211E-4
43789,7.4107E-5
43790,5.7962E-5
43791,9.766E-5
43792,9.3195E-5
43793,9.4986E-5
43794,1.20677E-4
43795,6.5539E-5
43796,9.7461E-5
43797,7.3088E-5
43798,9.0994E-5
43799,1.00819E-4
43800,8.1398E-5
43801,9.938E-5
43802,8.3008E-5
43803,7.544E-5
43804,5.6677E-5
43805,7.424E-5
43806,7.3203E-5
43807,1.05645E-4
43808,1.13209E-4
43809,1.14496E-4
43810,7.7029E-5
43811,1.01299E-4
43812,1.02858E-4
43813,8.3521E-5
43814,9.7238E-5
43815,8.7409E-5
43816,1.00044E-4
43817,7.0989E-5
43818,8.6741E-5
43819,6.8876E-5
43820,7.275E-5
43821,8.0404E-5
43822,7.1188E-5
43823,1.18897E-4
43824,9.9237E-5
43825,5.1724E-5
43826,1.06735E-4
43827,1.01054E-4
43828,9.7796E-5
43829,7.3566E-5
43830,9.6113E-5
43831,1.02499E-4
43832,1.01319E-4
43833,1.04062E-4
43834,8.7862E-5
43835,8.2192E-5
43836,7.9931E-5
43837,6.6127E-5
43838,6.9527E-5
43839,8.5683E-5
43840,9.022E-5
43841,3.1406E-5
43842,9.6882E-5
43843,1.02636E-4
43844,7.2701E-5
43845,7.7877E-5
43846,1.01334E-4
43847,1.18356E-4
43848,8.5354E-5
43849,6.4894E-5
43850,8.759E-5
43851,9.1626E-5
43852,1.09173E-4
43853,9.0121E-5
43854,7.3624E-5
43855,6.311E-5
43856,9.9555E-5
43857,8.3785E-5
43858,8.5178E-5
43859,4.2744E-5
43860,1.12063E-4
43861,9.3766E-5
43862,9.8966E-5
43863,9.6261E-5
43864,6.4825E-5
43865,5.9683E-5
43866,1.18002E-4
43867,1.1212E-4
43868,7.7038E-5
43869,1.07167E-4
43870,8.88E-5
43871,8.2252E-5
43872,8.2592E-5
43873,9.9229E-5
43874,8.056E-5
43875,5.7958E-5
43876,1.14546E-4
43877,9.6642E-5
43878,9.5007E-5
43879,8.1456E-5
43880,5.5073E-5
43881,8.1423E-5
43882,9.7534E-5
43883,7.1321E-5
43884,9.6593E-5
43885,1.12228E-4
43886,5.915E-5
43887,8.2461E-5
43888,8.5358E-5
43889,1.20894E-4
43890,8.2166E-5
43891,6.2764E-5
43892,9.5254E-5
43893,1.15379E-4
43894,9.1643E-5
43895,8.8063E-5
43896,1.14396E-4
43897,6.908E-5
43898,4.3202E-5
43899,8.0286E-5
43900,8.1976E-5
43901,8.403E-5
43902,6.6803E-5
43903,1.18135E-4
43904,7.3576E-5
43905,7.9294E-5
43906,7.0033E-5
43907,9.5972E-5
43908,9.6623E-5
43909,9.7572E-5
43910,9.3967E-5
43911,8.9177E-5
43912,8.8861E-5
43913,8.949E-5
43914,5.1205E-5
43915,5.0312E-5
43916,5.7075E-5
43917,1.14089E-4
43918,8.3973E-5
43919,7.7407E-5
43920,1.0191E-4
43921,7.8763E-5
43922,4.6369E-5
43923,9.3651E-5
43924,8.8956E-5
43925,9.8982E-5
43926,4.9269E-5
43927,9.2396E-5
43928,1.07541E-4
43929,1.00528E-4
43930,9.9609E-5
43931,6.8376E-5
43932,7.2175E-5
43933,1.04979E-4
43934,8.4872E-5
43935,8.8108E-5
43936,1.03076E-4
43937,8.0551E-5
43938,7.4343E-5
43939,7.6793E-5
43940,9.5167E-5
43941,9.2891E-5
43942,9.9833E-5
43943,9.284E-5
43944,1.16443E-4
43945,7.4211E-5
43946,1.03275E-4
43947,7.9558E-5
43948,9.9582E-5
43949,1.20276E-4
43950,5.2533E-5
43951,1.02035E-4
43952,7.2861E-5
43953,0.040081021
43954,1.04228E-4
43955,9.8374E-5
43956,7.0608E-5
43957,8.03E-5
43958,1.0393E-4
43959,7.7074E-5
43960,8.2646E-5
43961,7.9705E-5
43962,7.7816E-5
43963,1.04055E-4
43964,1.06004E-4
43965,8.8925E-5
43966,6.3209E-5
43967,1.00927E-4
43968,9.455E-5
43969,8.8807E-5
43970,7.2524E-5
43971,9.7703E-5
43972,9.0379E-5
43973,8.4391E-5
43974,9.6995E-5
43975,9.011E-5
43976,1.13909E-4
43977,8.3324E-5
43978,1.00818E-4
43979,8.9697E-5
43980,1.05568E-4
43981,5.4788E-5
43982,8.9932E-5
43983,9.5054E-5
43984,1.20547E-4
43985,7.1892E-5
43986,6.1547E-5
43987,7.1969E-5
43988,7.9119E-5
43989,9.1273E-5
43990,7.3031E-5
43991,7.9761E-5
43992,6.2589E-5
43993,9.3484E-5
43994,1.09821E-4
43995,9.9373E-5
43996,7.0918E-5
43997,8.4516E-5
43998,8.1762E-5
43999,1.29549E-4
44000,7.4144E-5
44001,8.6549E-5
44002,5.8309E-5
44003,1.03033E-4
44004,8.3741E-5
44005,1.03947E-4
44006,1.2949E-4
44007,7.0434E-5
44008,5.6388E-5
44009,8.6488E-5
44010,1.05426E-4
44011,1.03687E-4
44012,3.3935E-5
44013,8.4425E-5
44014,8.9324E-5
44015,9.5735E-5
44016,7.1463E-5
44017,4.9578E-5
44018,1.12002E-4
44019,7.7046E-5
44020,1.04732E-4
44021,8.672E-5
44022,4.7371E-5
44023,1.06512E-4
44024,9.7978E-5
44025,9.0138E-5
44026,7.1963E-5
44027,9.5111E-5
44028,9.1064E-5
44029,7.9313E-5
44030,1.08096E-4
44031,6.9372E-5
44032,7.658E-5
44033,7.6196E-5
44034,9.0735E-5
44035,8.9982E-5
44036,8.1588E-5
44037,9.2123E-5
44038,9.5436E-5
44039,1.02784E-4
44040,9.5106E-5
44041,9.7556E-5
44042,9.5888E-5
44043,9.2831E-5
44044,1.00611E-4
44045,8.627E-5
44046,7.9955E-5
44047,9.1932E-5
44048,6.5693E-5
44049,9.9446E-5
44050,1.02121E-4
44051,4.2643E-5
44052,1.09847E-4
44053,8.7009E-5
44054,1.16274E-4
44055,1.06149E-4
44056,7.6994E-5
44057,1.18839E-4
44058,1.13886E-4
44059,7.1719E-5
44060,8.3994E-5
44061,8.5196E-5
44062,1.16436E-4
44063,9.9166E-5
44064,8.0322E-5
44065,1.25814E-4
44066,9.9854E-5
44067,8.5472E-5
44068,9.2032E-5
44069,9.7937E-5
44070,9.2492E-5
44071,8.5762E-5
44072,7.4278E-5
44073,9.0641E-5
44074,8.5396E-5
44075,7.8743E-5
44076,4.0631E-5
44077,9.0837E-5
44078,1.07068E-4
44079,1.10077E-4
44080,1.11251E-4
44081,8.6281E-5
44082,9.4153E-5
44083,1.05728E-4
44084,7.5688E-5
44085,8.6767E-5
44086,1.19428E-4
44087,1.18001E-4
44088,1.01888E-4
44089,7.5019E-5
44090,1.12067E-4
44091,1.03135E-4
44092,9.1336E-5
44093,1.24901E-4
44094,7.0078E-5
44095,9.6819E-5
44096,8.0874E-5
44097,7.1167E-5
44098,6.5301E-5
44099,8.0016E-5
44100,1.04003E-4
44101,4.5519E-5
44102,8.1409E-5
44103,4.9478E-5
44104,7.3701E-5
44105,8.1871E-5
44106,8.4286E-5
44107,9.0125E-5
44108,6.0434E-5
44109,1.02167E-4
44110,6.5431E-5
44111,7.0158E-5
44112,6.3287E-5
44113,3.0376E-5
44114,3.5144E-5
44115,7.302E-5
44116,1.07058E-4
44117,1.18685E-4
44118,9.6117E-5
44119,8.4693E-5
44120,6.7693E-5
44121,1.0617E-4
44122,6.4147E-5
44123,8.8491E-5
44124,5.5933E-5
44125,6.6646E-5
44126,8.2426E-5
44127,1.02302E-4
44128,1.36013E-4
44129,1.03252E-4
44130,6.1148E-5
44131,7.9691E-5
44132,8.4758E-5
44133,1.0137E-4
44134,7.9118E-5
44135,9.8882E-5
44136,1.14534E-4
44137,7.4464E-5
44138,8.4654E-5
44139,9.2664E-5
44140,5.4549E-5
44141,9.5487E-5
44142,9.8744E-5
44143,6.0006E-5
44144,8.8713E-5
44145,8.4489E-5
44146,9.077E-5
44147,9.7204E-5
44148,1.03893E-4
44149,9.0685E-5
44150,1.11627E-4
44151,9.2324E-5
44152,7.8248E-5
44153,1.00995E-4
44154,6.3865E-5
44155,8.6186E-5
44156,8.2717E-5
44157,7.4573E-5
44158,8.6093E-5
44159,8.2614E-5
44160,1.04834E-4
44161,7.2515E-5
44162,7.5246E-5
44163,7.0887E-5
44164,6.5061E-5
44165,9.5643E-5
44166,9.5211E-5
44167,7.9701E-5
44168,9.6688E-5
44169,9.3283E-5
44170,6.9629E-5
44171,7.4185E-5
44172,9.2276E-5
44173,8.9256E-5
44174,6.3377E-5
44175,5.8106E-5
44176,9.8498E-5
44177,7.0894E-5
44178,8.8813E-5
44179,7.1969E-5
44180,3.9758E-5
44181,5.9985E-5
44182,8.6935E-5
44183,8.9603E-5
44184,7.4289E-5
44185,7.51E-5
44186,9.359E-5
44187,9.7019E-5
44188,9.5717E-5
44189,7.711E-5
44190,1.14352E-4
44191,9.5384E-5
44192,9.6257E-5
44193,8.0416E-5
44194,1.08041E-4
44195,7.2022E-5
44196,1.03237E-4
44197,1.0923E-4
44198,1.14063E-4
44199,8.9373E-5
44200,1.04991E-4
44201,5.6841E-5
44202,1.21253E-4
44203,7.4243E-5
44204,9.7537E-5
44205,9.6466E-5
44206,1.05038E-4
44207,7.1184E-5
44208,9.38E-5
44209,8.669E-5
44210,9.8421E-5
44211,4.3651E-5
44212,8.428E-5
44213,8.6812E-5
44214,5.9656E-5
44215,7.9172E-5
44216,1.03523E-4
44217,7.3732E-5
44218,7.1731E-5
44219,1.06464E-4
44220,1.14236E-4
44221,6.5056E-5
44222,6.3695E-5
44223,7.8216E-5
44224,1.06901E-4
44225,6.7736E-5
44226,9.7304E-5
44227,6.2149E-5
44228,4.3766E-5
44229,6.9873E-5
44230,9.4071E-5
44231,1.08379E-4
44232,1.10355E-4
44233,8.9153E-5
44234,1.07128E-4
44235,5.3064E-5
44236,4.8973E-5
44237,8.5013E-5
44238,1.19251E-4
44239,7.9321E-5
44240,1.08848E-4
44241,7.9247E-5
44242,8.3923E-5
44243,1.00752E-4
44244,1.24937E-4
44245,8.7947E-5
44246,1.07326E-4
44247,8.2323E-5
44248,1.11873E-4
44249,7.8274E-5
44250,1.01552E-4
44251,5.6639E-5
44252,9.2403E-5
44253,7.6251E-5
44254,7.9869E-5
44255,6.2788E-5
44256,1.03604E-4
44257,9.4206E-5
44258,6.3256E-5
44259,9.0846E-5
44260,9.9426E-5
44261,1.14152E-4
44262,6.8951E-5
44263,6.9608E-5
44264,9.768E-5
44265,7.7829E-5
44266,6.007E-5
44267,9.7762E-5
44268,9.7148E-5
44269,7.3217E-5
44270,1.01667E-4
44271,8.5497E-5
44272,5.0958E-5
44273,1.19239E-4
44274,9.2514E-5
44275,6.4524E-5
44276,1.16405E-4
44277,9.9605E-5
44278,8.8154E-5
44279,8.1049E-5
44280,8.5147E-5
44281,1.27735E-4
44282,1.11053E-4
44283,1.1714E-4
44284,5.8088E-5
44285,8.1058E-5
44286,7.7946E-5
44287,9.1436E-5
44288,1.04181E-4
44289,9.2925E-5
44290,9.3848E-5
44291,8.9753E-5
44292,8.7328E-5
44293,1.01147E-4
44294,5.2653E-5
44295,1.03477E-4
44296,7.1102E-5
44297,9.4785E-5
44298,1.00654E-4
44299,1.05197E-4
44300,1.09513E-4
44301,9.5938E-5
44302,8.7228E-5
44303,9.9031E-5
44304,7.1297E-5
44305,7.2038E-5
44306,8.1061E-5
44307,5.6192E-5
44308,8.2387E-5
44309,8.9577E-5
44310,8.5642E-5
44311,1.00101E-4
44312,7.6681E-5
44313,9.1067E-5
44314,8.6696E-5
44315,7.004E-5
44316,9.0744E-5
44317,9.1494E-5
44318,9.3763E-5
44319,1.18224E-4
44320,1.00745E-4
44321,7.4956E-5
44322,9.0271E-5
44323,8.8718E-5
44324,7.4817E-5
44325,8.9346E-5
44326,1.0615E-4
44327,8.7589E-5
44328,7.8573E-5
44329,7.9983E-5
44330,9.0881E-5
44331,9.7634E-5
44332,9.5874E-5
44333,7.3763E-5
44334,9.3184E-5
44335,1.03697E-4
44336,7.0659E-5
44337,7.4969E-5
44338,7.0128E-5
44339,8.3928E-5
44340,6.9362E-5
44341,1.14186E-4
44342,4.8734E-5
44343,7.8449E-5
44344,8.6402E-5
44345,1.05424E-4
44346,1.1218E-4
44347,8.331E-5
44348,7.1794E-5
44349,1.10148E-4
44350,4.6605E-5
44351,7.6597E-5
44352,8.1433E-5
44353,1.02609E-4
44354,7.1264E-5
44355,7.8834E-5
44356,7.9073E-5
44357,1.14913E-4
44358,7.8156E-5
44359,8.124E-5
44360,1.21825E-4
44361,8.9126E-5
44362,1.05789E-4
44363,1.17504E-4
44364,7.0752E-5
44365,1.00273E-4
44366,1.30815E-4
44367,9.8404E-5
44368,9.4419E-5
44369,1.20252E-4
44370,7.5692E-5
44371,6.5348E-5
44372,1.20357E-4
44373,8.8018E-5
44374,8.338E-5
44375,6.6101E-5
44376,1.05014E-4
44377,1.19037E-4
44378,9.8237E-5
44379,1.0305E-4
44380,1.10155E-4
44381,9.9781E-5
44382,8.4108E-5
44383,8.363E-5
44384,5.708E-5
44385,9.1058E-5
44386,8.4889E-5
44387,6.6612E-5
44388,1.01114E-4
44389,5.5641E-5
44390,8.5758E-5
44391,9.9506E-5
44392,4.3246E-5
44393,1.20705E-4
44394,1.0655E-4
44395,1.31199E-4
44396,8.022E-5
44397,3.9882E-5
44398,1.22618E-4
44399,6.1705E-5
44400,2.64E-5
44401,5.8954E-5
44402,8.1388E-5
44403,1.13824E-4
44404,9.284E-5
44405,7.4732E-5
44406,4.9938E-5
44407,1.06912E-4
44408,8.0402E-5
44409,9.8425E-5
44410,1.03227E-4
44411,6.6216E-5
44412,8.2303E-5
44413,7.778E-5
44414,7.9619E-5
44415,6.6334E-5
44416,1.18796E-4
44417,8.3563E-5
44418,1.12314E-4
44419,6.3405E-5
44420,8.6608E-5
44421,8.891E-5
44422,8.1671E-5
44423,6.5685E-5
44424,9.6042E-5
44425,5.4844E-5
44426,8.6843E-5
44427,7.2955E-5
44428,8.6579E-5
44429,7.7007E-5
44430,8.2829E-5
44431,8.0517E-5
44432,6.5201E-5
44433,8.0666E-5
44434,9.0631E-5
44435,8.1697E-5
44436,1.16527E-4
44437,1.04303E-4
44438,7.1275E-5
44439,8.6254E-5
44440,6.7768E-5
44441,9.7857E-5
44442,8.0131E-5
44443,9.2224E-5
44444,9.1204E-5
44445,1.0593E-4
44446,6.8517E-5
44447,8.9777E-5
44448,6.0033E-5
44449,9.1561E-5
44450,5.2356E-5
44451,3.9609E-5
44452,9.2711E-5
44453,8.5952E-5
44454,8.0852E-5
44455,4.8719E-5
44456,9.8529E-5
44457,3.583E-5
44458,1.26557E-4
44459,9.587E-5
44460,6.347E-5
44461,9.3304E-5
44462,8.0191E-5
44463,5.6955E-5
44464,9.3244E-5
44465,6.3504E-5
44466,1.00636E-4
44467,8.6851E-5
44468,7.124E-5
44469,1.02397E-4
44470,8.8908E-5
44471,1.13429E-4
44472,6.6457E-5
44473,8.2175E-5
44474,8.9296E-5
44475,9.1159E-5
44476,8.8032E-5
44477,7.8378E-5
44478,1.0414E-4
44479,8.307E-5
44480,8.3117E-5
44481,9.4967E-5
44482,8.3594E-5
44483,1.11906E-4
44484,8.8632E-5
44485,6.4777E-5
44486,8.1504E-5
44487,7.2542E-5
44488,8.7936E-5
44489,9.9615E-5
44490,7.1235E-5
44491,1.00824E-4
44492,1.15702E-4
44493,1.27967E-4
44494,8.4214E-5
44495,7.3661E-5
44496,1.26841E-4
44497,9.2559E-5
44498,7.3222E-5
44499,9.0234E-5
44500,7.8463E-5
44501,8.9414E-5
44502,1.03972E-4
44503,6.2025E-5
44504,1.24287E-4
44505,7.2051E-5
44506,8.5071E-5
44507,7.6784E-5
44508,6.5775E-5
44509,9.1182E-5
44510,1.03354E-4
44511,1.17781E-4
44512,8.2611E-5
44513,8.9337E-5
44514,8.0792E-5
44515,8.5734E-5
44516,9.5408E-5
44517,6.6472E-5
44518,9.5385E-5
44519,7.4118E-5
44520,1.23325E-4
44521,8.7016E-5
44522,7.2251E-5
44523,8.6854E-5
44524,8.1358E-5
44525,5.4806E-5
44526,6.3346E-5
44527,1.10137E-4
44528,1.03251E-4
44529,1.01396E-4
44530,1.07039E-4
44531,8.0797E-5
44532,1.05099E-4
44533,6.947E-5
44534,1.01517E-4
44535,1.05381E-4
44536,1.00719E-4
44537,7.7376E-5
44538,9.801E-5
44539,5.9324E-5
44540,1.09888E-4
44541,7.8592E-5
44542,8.1933E-5
44543,9.134E-5
44544,1.03189E-4
44545,8.3632E-5
44546,1.1692E-4
44547,9.4477E-5
44548,1.0622E-4
44549,1.01883E-4
44550,1.00045E-4
44551,1.07432E-4
44552,5.6232E-5
44553,4.7561E-5
44554,9.6157E-5
44555,7.4361E-5
44556,1.19595E-4
44557,7.9156E-5
44558,9.0637E-5
44559,6.1777E-5
44560,4.7385E-5
44561,9.6578E-5
44562,8.244E-5
44563,7.4167E-5
44564,9.5475E-5
44565,1.00936E-4
44566,7.7952E-5
44567,3.1735E-5
44568,7.2093E-5
44569,1.36569E-4
44570,1.10673E-4
44571,9.3012E-5
44572,1.11883E-4
44573,8.2323E-5
44574,8.7872E-5
44575,9.3384E-5
44576,1.41875E-4
44577,8.8539E-5
44578,7.5159E-5
44579,1.15997E-4
44580,9.8168E-5
44581,9.2369E-5
44582,1.09552E-4
44583,8.6585E-5
44584,1.07685E-4
44585,1.07192E-4
44586,8.5156E-5
44587,7.2876E-5
44588,7.9918E-5
44589,5.9505E-5
44590,9.5811E-5
44591,1.18231E-4
44592,8.2665E-5
44593,1.07909E-4
44594,8.6653E-5
44595,7.9783E-5
44596,9.7758E-5
44597,1.04467E-4
44598,1.03152E-4
44599,1.0901E-4
44600,1.20451E-4
44601,1.10514E-4
44602,1.04763E-4
44603,6.6996E-5
44604,1.04344E-4
44605,8.6408E-5
44606,1.04162E-4
44607,9.3746E-5
44608,5.9092E-5
44609,1.12583E-4
44610,1.0287E-4
44611,9.5494E-5
44612,9.0959E-5
44613,8.4972E-5
44614,9.8644E-5
44615,1.10389E-4
44616,8.9844E-5
44617,1.00219E-4
44618,9.7043E-5
44619,1.1822E-4
44620,6.5872E-5
44621,5.486E-5
44622,1.15632E-4
44623,1.06088E-4
44624,1.01562E-4
44625,9.2889E-5
44626,7.3931E-5
44627,9.6775E-5
44628,6.6615E-5
44629,1.14194E-4
44630,8.3535E-5
44631,9.576E-5
44632,8.5577E-5
44633,8.8918E-5
44634,8.4729E-5
44635,8.2798E-5
44636,7.7221E-5
44637,7.8039E-5
44638,9.412E-5
44639,9.5044E-5
44640,8.9959E-5
44641,8.5897E-5
44642,1.19415E-4
44643,8.3471E-5
44644,1.05548E-4
44645,1.00426E-4
44646,8.2554E-5
44647,7.4082E-5
44648,1.13078E-4
44649,1.02516E-4
44650,9.4547E-5
44651,7.287E-5
44652,6.1257E-5
44653,1.35677E-4
44654,6.7837E-5
44655,9.267E-5
44656,1.03313E-4
44657,1.14676E-4
44658,8.4068E-5
44659,7.8225E-5
44660,1.27458E-4
44661,1.0608E-4
44662,8.6551E-5
44663,1.03331E-4
44664,8.9419E-5
44665,9.8323E-5
44666,7.0568E-5
44667,9.5854E-5
44668,9.9962E-5
44669,9.3967E-5
44670,1.13868E-4
44671,1.01505E-4
44672,9.8793E-5
44673,1.01979E-4
44674,7.9545E-5
44675,7.6147E-5
44676,6.5244E-5
44677,1.00586E-4
44678,8.9811E-5
44679,8.7501E-5
44680,9.9622E-5
44681,1.20017E-4
44682,8.794E-5
44683,4.8484E-5
44684,8.2734E-5
44685,8.5002E-5
44686,8.1074E-5
44687,1.09664E-4
44688,9.5905E-5
44689,1.02765E-4
44690,9.4137E-5
44691,1.28303E-4
44692,5.0987E-5
44693,8.7062E-5
44694,8.7846E-5
44695,1.02482E-4
44696,6.929E-5
44697,7.666E-5
44698,8.6637E-5
44699,8.7872E-5
44700,9.4929E-5
44701,1.04906E-4
44702,8.5523E-5
44703,6.1358E-5
44704,1.12061E-4
44705,1.00726E-4
44706,1.04429E-4
44707,1.02258E-4
44708,1.07842E-4
44709,9.8074E-5
44710,8.9031E-5
44711,9.8284E-5
44712,1.10371E-4
44713,8.2225E-5
44714,5.179E-5
44715,1.08752E-4
44716,7.9318E-5
44717,8.2659E-5
44718,5.4633E-5
44719,1.10549E-4
44720,9.314E-5
44721,5.6442E-5
44722,1.02566E-4
44723,7.336E-5
44724,1.03349E-4
44725,4.6745E-5
44726,9.7622E-5
44727,9.4448E-5
44728,6.3649E-5
44729,8.827E-5
44730,1.01123E-4
44731,7.4118E-5
44732,8.7216E-5
44733,7.9613E-5
44734,1.1271E-4
44735,8.845E-5
44736,9.5498E-5
44737,7.7569E-5
44738,9.1119E-5
44739,5.5304E-5
44740,7.6555E-5
44741,8.236E-5
44742,8.0169E-5
44743,7.2916E-5
44744,8.9926E-5
44745,1.07982E-4
44746,1.10872E-4
44747,9.0295E-5
44748,1.04869E-4
44749,8.7774E-5
44750,8.1562E-5
44751,1.10502E-4
44752,1.1252E-4
44753,7.3074E-5
44754,8.678E-5
44755,8.1593E-5
44756,9.0977E-5
44757,7.0514E-5
44758,8.654E-5
44759,8.2196E-5
44760,1.10972E-4
44761,1.1992E-4
44762,1.00503E-4
44763,7.6445E-5
44764,7.8596E-5
44765,7.892E-5
44766,9.7562E-5
44767,0.034635838
44768,4.6525E-5
44769,5.2966E-5
44770,8.1589E-5
44771,1.13261E-4
44772,9.0706E-5
44773,1.04539E-4
44774,9.9947E-5
44775,1.04149E-4
44776,1.0366E-4
44777,0.002713776
44778,9.1153E-5
44779,1.15371E-4
44780,5.1237E-5
44781,5.5466E-5
44782,8.1895E-5
44783,1.06969E-4
44784,0.001031794
44785,1.14256E-4
44786,9.754E-5
44787,7.2779E-5
44788,9.2303E-5
44789,1.28553E-4
44790,9.4273E-5
44791,1.13283E-4
44792,9.1568E-5
44793,7.6757E-5
44794,7.9542E-5
44795,1.19859E-4
44796,1.07589E-4
44797,7.5573E-5
44798,8.2887E-5
44799,9.5534E-5
44800,1.008E-4
44801,5.6048E-5
44802,6.3895E-5
44803,8.4422E-5
44804,7.6354E-5
44805,1.07467E-4
44806,9.663E-5
44807,7.3198E-5
44808,1.04661E-4
44809,1.07814E-4
44810,1.05419E-4
44811,9.8587E-5
44812,6.8195E-5
44813,1.03157E-4
44814,9.1493E-5
44815,1.18322E-4
44816,8.1871E-5
44817,1.01307E-4
44818,8.1122E-5
44819,1.15072E-4
44820,8.6224E-5
44821,8.9464E-5
44822,6.4364E-5
44823,9.8053E-5
44824,7.1109E-5
44825,7.6425E-5
44826,6.8836E-5
44827,9.5721E-5
44828,8.5486E-5
44829,1.09309E-4
44830,1.06027E-4
44831,1.04659E-4
44832,1.03008E-4
44833,5.2767E-5
44834,9.9181E-5
44835,9.95E-5
44836,1.03627E-4
44837,4.0022E-5
44838,4.405E-5
44839,8.0629E-5
44840,8.6197E-5
44841,8.2025E-5
44842,1.02054E-4
44843,1.06902E-4
44844,7.613E-5
44845,9.1221E-5
44846,1.04968E-4
44847,9.2022E-5
44848,7.8128E-5
44849,9.4781E-5
44850,8.2469E-5
44851,9.8229E-5
44852,9.3589E-5
44853,1.19553E-4
44854,3.516E-5
44855,1.03811E-4
44856,4.2971E-5
44857,1.00063E-4
44858,6.7762E-5
44859,1.1271E-4
44860,1.03617E-4
44861,9.8959E-5
44862,1.05571E-4
44863,1.01395E-4
44864,7.9784E-5
44865,9.3156E-5
44866,1.23959E-4
44867,6.2569E-5
44868,9.3342E-5
44869,1.01258E-4
44870,1.08501E-4
44871,7.9903E-5
44872,9.5221E-5
44873,8.8181E-5
44874,1.13655E-4
44875,8.9207E-5
44876,7.5857E-5
44877,9.0556E-5
44878,1.10334E-4
44879,8.6891E-5
44880,8.5013E-5
44881,1.17833E-4
44882,9.5993E-5
44883,1.14547E-4
44884,1.18617E-4
44885,8.2001E-5
44886,7.2936E-5
44887,1.15203E-4
44888,7.8601E-5
44889,6.4707E-5
44890,5.9609E-5
44891,1.07478E-4
44892,8.9608E-5
44893,8.5379E-5
44894,4.2445E-5
44895,1.02655E-4
44896,7.4156E-5
44897,1.12363E-4
44898,9.5085E-5
44899,6.5522E-5
44900,7.9881E-5
44901,9.8434E-5
44902,1.02816E-4
44903,7.2045E-5
44904,6.1064E-5
44905,6.4168E-5
44906,8.5897E-5
44907,1.20264E-4
44908,7.5979E-5
44909,6.5661E-5
44910,7.2859E-5
44911,8.1734E-5
44912,8.8887E-5
44913,8.1455E-5
44914,8.8404E-5
44915,8.1382E-5
44916,7.2043E-5
44917,9.9872E-5
44918,8.2729E-5
44919,6.5692E-5
44920,1.08225E-4
44921,7.719E-5
44922,9.3875E-5
44923,5.8933E-5
44924,8.9092E-5
44925,1.04696E-4
44926,1.0575E-4
44927,9.5161E-5
44928,1.03837E-4
44929,9.2794E-5
44930,5.1346E-5
44931,7.0258E-5
44932,7.6758E-5
44933,9.7252E-5
44934,1.05105E-4
44935,9.4585E-5
44936,1.00388E-4
44937,1.18343E-4
44938,1.0603E-4
44939,8.2504E-5
44940,8.567E-5
44941,9.8165E-5
44942,9.1232E-5
44943,9.9173E-5
44944,7.653E-5
44945,8.7174E-5
44946,6.2812E-5
44947,5.8792E-5
44948,8.8915E-5
44949,7.3641E-5
44950,9.0679E-5
44951,4.5239E-5
44952,6.2894E-5
44953,1.00446E-4
44954,7.0601E-5
44955,9.7406E-5
44956,9.0979E-5
44957,9.5669E-5
44958,0.016220233
44959,8.1381E-5
44960,9.7792E-5
44961,1.10597E-4
44962,9.2939E-5
44963,1.28463E-4
44964,7.5385E-5
44965,5.4535E-5
44966,1.0371E-4
44967,4.002E-5
44968,1.32675E-4
44969,5.943E-5
44970,8.0679E-5
44971,8.8833E-5
44972,1.17091E-4
44973,1.01958E-4
44974,8.7847E-5
44975,1.05136E-4
44976,6.3987E-5
44977,9.8957E-5
44978,9.3457E-5
44979,8.8461E-5
44980,8.8135E-5
44981,7.4352E-5
44982,5.9122E-5
44983,8.083E-5
44984,9.7411E-5
44985,1.04324E-4
44986,7.9084E-5
44987,9.5849E-5
44988,8.0368E-5
44989,8.9801E-5
44990,7.1542E-5
44991,6.6714E-5
44992,8.6764E-5
44993,5.4616E-5
44994,9.942E-5
44995,7.3799E-5
44996,4.3379E-5
44997,8.925E-5
44998,9.1481E-5
44999,7.1835E-5
45000,4.6398E-5
45001,9.81E-5
45002,8.3763E-5
45003,8.2545E-5
45004,9.0942E-5
45005,8.9117E-5
45006,9.1506E-5
45007,6.8131E-5
45008,9.3849E-5
45009,4.012E-5
45010,9.1389E-5
45011,7.7458E-5
45012,6.2587E-5
45013,8.559E-5
45014,1.13666E-4
45015,7.0237E-5
45016,9.5562E-5
45017,4.1216E-5
45018,1.18514E-4
45019,1.02823E-4
45020,9.9941E-5
45021,8.2909E-5
45022,9.4432E-5
45023,6.4698E-5
45024,9.0425E-5
45025,7.3116E-5
45026,9.5023E-5
45027,1.03622E-4
45028,6.5217E-5
45029,1.03466E-4
45030,1.00016E-4
45031,5.9368E-5
45032,1.0445E-4
45033,7.3421E-5
45034,1.0854E-4
45035,6.1417E-5
45036,1.08153E-4
45037,6.7238E-5
45038,8.3681E-5
45039,1.14951E-4
45040,6.5054E-5
45041,7.6222E-5
45042,9.0971E-5
45043,1.00229E-4
45044,1.01035E-4
45045,1.17315E-4
45046,7.0357E-5
45047,9.0348E-5
45048,9.0599E-5
45049,7.0669E-5
45050,7.5033E-5
45051,9.0406E-5
45052,8.9757E-5
45053,9.5422E-5
45054,4.8024E-5
45055,9.8374E-5
45056,7.4183E-5
45057,7.3317E-5
45058,6.4468E-5
45059,7.8978E-5
45060,8.5138E-5
45061,5.6883E-5
45062,8.4259E-5
45063,9.2053E-5
45064,1.06469E-4
45065,9.4473E-5
45066,7.6191E-5
45067,9.5247E-5
45068,7.0384E-5
45069,7.4657E-5
45070,8.6339E-5
45071,8.9713E-5
45072,7.2832E-5
45073,9.6293E-5
45074,1.05789E-4
45075,6.6129E-5
45076,8.0386E-5
45077,5.2486E-5
45078,5.6728E-5
45079,7.9852E-5
45080,5.5218E-5
45081,1.20124E-4
45082,1.02923E-4
45083,1.07223E-4
45084,1.01406E-4
45085,7.3905E-5
45086,8.644E-5
45087,1.02316E-4
45088,7.8066E-5
45089,1.18741E-4
45090,8.3983E-5
45091,3.2456E-5
45092,1.20848E-4
45093,9.8092E-5
45094,9.4231E-5
45095,6.7444E-5
45096,9.6523E-5
45097,8.0705E-5
45098,8.5767E-5
45099,7.3701E-5
45100,9.126E-5
45101,9.387E-5
45102,9.1985E-5
45103,9.6456E-5
45104,1.11778E-4
45105,8.2527E-5
45106,8.8871E-5
45107,8.9692E-5
45108,1.05677E-4
45109,1.22988E-4
45110,8.6478E-5
45111,8.5321E-5
45112,1.12768E-4
45113,8.3592E-5
45114,7.8089E-5
45115,7.0924E-5
45116,8.0463E-5
45117,5.3199E-5
45118,1.04874E-4
45119,9.9065E-5
45120,8.2598E-5
45121,9.8426E-5
45122,8.2043E-5
45123,8.7416E-5
45124,1.04381E-4
45125,1.06506E-4
45126,6.1502E-5
45127,1.03632E-4
45128,1.01427E-4
45129,1.3134E-4
45130,7.952E-5
45131,6.5318E-5
45132,1.22391E-4
45133,9.6956E-5
45134,1.08521E-4
45135,9.5626E-5
45136,7.8291E-5
45137,5.3615E-5
45138,6.4346E-5
45139,8.7163E-5
45140,8.9761E-5
45141,6.5468E-5
45142,4.9142E-5
45143,8.177E-5
45144,1.07846E-4
45145,8.4488E-5
45146,9.8897E-5
45147,8.3496E-5
45148,1.22635E-4
45149,7.6392E-5
45150,8.4245E-5
45151,1.01181E-4
45152,1.02743E-4
45153,9.2996E-5
45154,1.01303E-4
45155,5.4085E-5
45156,7.3663E-5
45157,7.4359E-5
45158,6.392E-5
45159,8.8535E-5
45160,6.4903E-5
45161,9.5723E-5
45162,9.0777E-5
45163,8.8401E-5
45164,6.3742E-5
45165,5.6935E-5
45166,7.5459E-5
45167,1.10668E-4
45168,6.5225E-5
45169,9.4478E-5
45170,8.4616E-5
45171,7.087E-5
45172,7.468E-5
45173,8.9038E-5
45174,8.5531E-5
45175,8.3808E-5
45176,5.2576E-5
45177,8.8879E-5
45178,1.00246E-4
45179,6.0489E-5
45180,1.02995E-4
45181,1.30048E-4
45182,7.6187E-5
45183,9.7184E-5
45184,9.0892E-5
45185,8.1103E-5
45186,8.281E-5
45187,9.7328E-5
45188,9.7359E-5
45189,1.06867E-4
45190,6.4954E-5
45191,4.9507E-5
45192,9.6309E-5
45193,9.8409E-5
45194,1.00348E-4
45195,8.9472E-5
45196,1.03602E-4
45197,7.8825E-5
45198,9.9124E-5
45199,8.9561E-5
45200,8.6923E-5
45201,1.20914E-4
45202,6.59E-5
45203,8.6086E-5
45204,9.9437E-5
45205,1.16501E-4
45206,8.5895E-5
45207,7.7835E-5
45208,8.6554E-5
45209,9.0468E-5
45210,1.03813E-4
45211,9.6936E-5
45212,8.7834E-5
45213,7.8391E-5
45214,1.01197E-4
45215,6.3129E-5
45216,7.219E-5
45217,1.12296E-4
45218,7.993E-5
45219,8.153E-5
45220,7.3133E-5
45221,6.3152E-5
45222,9.0654E-5
45223,8.2155E-5
45224,7.1577E-5
45225,9.5163E-5
45226,7.8786E-5
45227,1.19177E-4
45228,8.1861E-5
45229,1.36771E-4
45230,8.6222E-5
45231,9.4037E-5
45232,1.06198E-4
45233,9.3076E-5
45234,8.4862E-5
45235,6.4593E-5
45236,7.9405E-5
45237,8.1631E-5
45238,9.6188E-5
45239,1.03084E-4
45240,9.2878E-5
45241,1.07793E-4
45242,1.01778E-4
45243,9.2717E-5
45244,1.03399E-4
45245,1.10866E-4
45246,8.6593E-5
45247,9.3865E-5
45248,8.1626E-5
45249,1.16777E-4
45250,9.8981E-5
45251,6.0857E-5
45252,8.0711E-5
45253,9.6197E-5
45254,9.9851E-5
45255,9.5596E-5
45256,8.5521E-5
45257,1.0814E-4
45258,1.10828E-4
45259,1.15083E-4
45260,1.08501E-4
45261,8.0939E-5
45262,1.05006E-4
45263,9.2204E-5
45264,7.2721E-5
45265,9.125E-5
45266,8.2155E-5
45267,1.09827E-4
45268,1.20702E-4
45269,9.8942E-5
45270,1.04178E-4
45271,9.2262E-5
45272,8.3659E-5
45273,7.9837E-5
45274,1.01035E-4
45275,9.6531E-5
45276,7.5243E-5
45277,6.4618E-5
45278,1.16251E-4
45279,8.0518E-5
45280,7.5203E-5
45281,9.6027E-5
45282,1.01999E-4
45283,9.8567E-5
45284,8.8633E-5
45285,9.9572E-5
45286,9.6147E-5
45287,9.0783E-5
45288,9.0883E-5
45289,8.7567E-5
45290,7.794E-5
45291,8.9724E-5
45292,8.6813E-5
45293,1.09795E-4
45294,8.627E-5
45295,1.09915E-4
45296,1.06785E-4
45297,1.00984E-4
45298,8.3436E-5
45299,1.01803E-4
45300,1.12157E-4
45301,1.20458E-4
45302,4.9906E-5
45303,9.2587E-5
45304,6.2916E-5
45305,9.5411E-5
45306,1.13709E-4
45307,9.4835E-5
45308,9.0872E-5
45309,1.0305E-4
45310,9.2842E-5
45311,8.1295E-5
45312,1.03049E-4
45313,7.9189E-5
45314,9.6753E-5
45315,1.03423E-4
45316,9.8657E-5
45317,7.0533E-5
45318,6.8061E-5
45319,1.07472E-4
45320,8.4202E-5
45321,7.4503E-5
45322,9.6413E-5
45323,1.00372E-4
45324,7.97E-5
45325,6.1262E-5
45326,1.106E-4
45327,6.3811E-5
45328,1.06028E-4
45329,8.8012E-5
45330,8.6292E-5
45331,4.446E-5
45332,1.18535E-4
45333,8.2817E-5
45334,8.2234E-5
45335,1.0213E-4
45336,9.4871E-5
45337,8.394E-5
45338,7.4803E-5
45339,1.08159E-4
45340,6.474E-5
45341,7.5547E-5
45342,1.02088E-4
45343,7.1721E-5
45344,8.2551E-5
45345,1.08272E-4
45346,6.4742E-5
45347,9.3442E-5
45348,9.2655E-5
45349,1.11092E-4
45350,5.2781E-5
45351,5.255E-5
45352,8.4312E-5
45353,7.5967E-5
45354,9.0011E-5
45355,1.01492E-4
45356,1.45652E-4
45357,5.531E-5
45358,8.4329E-5
45359,5.121E-5
45360,7.0421E-5
45361,1.03634E-4
45362,1.01294E-4
45363,8.893E-5
45364,1.0229E-4
45365,8.9562E-5
45366,9.8487E-5
45367,8.6648E-5
45368,8.7957E-5
45369,7.5029E-5
45370,9.2388E-5
45371,1.03513E-4
45372,1.12091E-4
45373,9.2982E-5
45374,0.005099163
45375,9.1219E-5
45376,7.6234E-5
45377,1.12566E-4
45378,9.4463E-5
45379,1.19572E-4
45380,3.2955E-5
45381,1.10566E-4
45382,1.30633E-4
45383,5.89E-5
45384,1.20954E-4
45385,8.6867E-5
45386,8.0279E-5
45387,7.4997E-5
45388,9.2625E-5
45389,1.24758E-4
45390,1.17174E-4
45391,7.2755E-5
45392,8.8484E-5
45393,6.3421E-5
45394,9.6156E-5
45395,9.2099E-5
45396,6.5896E-5
45397,1.12057E-4
45398,8.4556E-5
45399,5.1271E-5
45400,8.0173E-5
45401,1.05594E-4
45402,2.48775E-4
45403,7.3032E-5
45404,1.01775E-4
45405,8.2137E-5
45406,8.6111E-5
45407,7.2666E-5
45408,8.7978E-5
45409,7.2386E-5
45410,6.3181E-5
45411,1.18031E-4
45412,1.14179E-4
45413,6.3238E-5
45414,6.6098E-5
45415,4.9704E-5
45416,6.5895E-5
45417,1.1005E-4
45418,7.7203E-5
45419,9.9344E-5
45420,1.01534E-4
45421,5.0185E-5
45422,8.5958E-5
45423,8.4816E-5
45424,5.9067E-5
45425,7.2177E-5
45426,8.6805E-5
45427,9.5004E-5
45428,1.02806E-4
45429,6.8496E-5
45430,6.8637E-5
45431,8.48E-5
45432,9.5489E-5
45433,4.3603E-5
45434,9.8959E-5
45435,9.4373E-5
45436,9.489E-5
45437,1.36233E-4
45438,1.20182E-4
45439,9.1849E-5
45440,9.0623E-5
45441,8.9285E-5
45442,4.8282E-5
45443,1.14944E-4
45444,9.5679E-5
45445,6.4304E-5
45446,5.0871E-5
45447,7.1529E-5
45448,1.10516E-4
45449,1.07755E-4
45450,8.4389E-5
45451,7.1651E-5
45452,8.3407E-5
45453,6.8319E-5
45454,6.4375E-5
45455,1.32946E-4
45456,6.5024E-5
45457,7.5036E-5
45458,9.2356E-5
45459,8.9014E-5
45460,8.3909E-5
45461,7.61E-5
45462,9.8934E-5
45463,7.288E-5
45464,8.038E-5
45465,1.15356E-4
45466,5.9541E-5
45467,1.14137E-4
45468,9.3657E-5
45469,8.3326E-5
45470,6.7749E-5
45471,7.5041E-5
45472,8.4071E-5
45473,7.6466E-5
45474,9.194E-5
45475,9.4366E-5
45476,8.2033E-5
45477,1.15274E-4
45478,7.6966E-5
45479,1.10012E-4
45480,1.03643E-4
45481,9.6142E-5
45482,1.05291E-4
45483,8.6088E-5
45484,1.01407E-4
45485,7.5843E-5
45486,1.19391E-4
45487,0.244344221
45488,9.7286E-5
45489,9.2281E-5
45490,6.4578E-5
45491,8.6903E-5
45492,1.07954E-4
45493,8.0141E-5
45494,6.5886E-5
45495,8.1933E-5
45496,9.9129E-5
45497,1.0744E-4
45498,9.0939E-5
45499,9.9706E-5
45500,0.43189436
45501,7.1975E-5
45502,1.08495E-4
45503,7.5715E-5
45504,1.19481E-4
45505,9.1694E-5
45506,9.9218E-5
45507,6.5223E-5
45508,1.2329E-4
45509,8.0746E-5
45510,6.4442E-5
45511,1.04709E-4
45512,9.3769E-5
45513,1.00461E-4
45514,9.1848E-5
45515,1.03498E-4
45516,7.6772E-5
45517,4.9552E-5
45518,9.5796E-5
45519,7.6333E-5
45520,8.4312E-5
45521,1.21107E-4
45522,9.7166E-5
45523,1.08248E-4
45524,9.8541E-5
45525,9.0282E-5
45526,7.8294E-5
45527,1.03705E-4
45528,9.9742E-5
45529,1.09806E-4
45530,8.5618E-5
45531,1.34131E-4
45532,6.3962E-5
45533,1.08181E-4
45534,7.1772E-5
45535,1.08215E-4
45536,1.15496E-4
45537,9.5358E-5
45538,1.03242E-4
45539,7.8019E-5
45540,9.5501E-5
45541,8.8745E-5
45542,1.13014E-4
45543,9.1455E-5
45544,0.006140873
45545,1.1934E-4
45546,1.1136E-4
45547,8.4729E-5
45548,7.1097E-5
45549,7.2004E-5
45550,7.2262E-5
45551,8.2722E-5
45552,6.5441E-5
45553,9.3125E-5
45554,5.2271E-5
45555,1.00454E-4
45556,1.09862E-4
45557,1.18266E-4
45558,7.7587E-5
45559,1.20214E-4
45560,9.7911E-5
45561,9.5392E-5
45562,8.765E-5
45563,9.9411E-5
45564,8.2852E-5
45565,1.16161E-4
45566,9.2357E-5
45567,7.6554E-5
45568,6.4157E-5
45569,1.04997E-4
45570,6.9547E-5
45571,9.5316E-5
45572,1.01293E-4
45573,6.523E-5
45574,6.9502E-5
45575,9.5721E-5
45576,7.1625E-5
45577,3.5998E-5
45578,1.15536E-4
45579,1.2826E-4
45580,8.8391E-5
45581,1.00376E-4
45582,1.13267E-4
45583,7.897E-5
45584,1.11557E-4
45585,8.6466E-5
45586,1.17945E-4
45587,1.28042E-4
45588,9.9066E-5
45589,9.8467E-5
45590,9.8529E-5
45591,1.23197E-4
45592,7.0157E-5
45593,1.10601E-4
45594,8.4541E-5
45595,7.3789E-5
45596,6.7414E-5
45597,8.0666E-5
45598,9.0761E-5
45599,6.3912E-5
45600,8.755E-5
45601,1.22809E-4
45602,8.6348E-5
45603,8.7813E-5
45604,9.1027E-5
45605,8.8378E-5
45606,8.4449E-5
45607,1.13153E-4
45608,5.1905E-5
45609,6.8832E-5
45610,1.10385E-4
45611,8.2938E-5
45612,8.2286E-5
45613,8.8306E-5
45614,9.2113E-5
45615,1.03207E-4
45616,6.4693E-5
45617,5.7767E-5
45618,8.3251E-5
45619,5.6741E-5
45620,4.1182E-5
45621,8.8593E-5
45622,1.16028E-4
45623,7.8979E-5
45624,1.19045E-4
45625,8.9653E-5
45626,8.5455E-5
45627,8.1839E-5
45628,9.2452E-5
45629,6.9199E-5
45630,5.3211E-5
45631,8.6699E-5
45632,7.6217E-5
45633,8.7398E-5
45634,1.20652E-4
45635,1.19389E-4
45636,9.0402E-5
45637,1.03174E-4
45638,9.5592E-5
45639,9.9429E-5
45640,6.7973E-5
45641,1.17782E-4
45642,8.7656E-5
45643,1.19381E-4
45644,1.13384E-4
45645,6.8599E-5
45646,7.4143E-5
45647,9.5293E-5
45648,5.9016E-5
45649,8.9694E-5
45650,1.15435E-4
45651,1.1785E-4
45652,8.7176E-5
45653,7.3273E-5
45654,1.01769E-4
45655,1.04616E-4
45656,7.4602E-5
45657,5.7184E-5
45658,9.3768E-5
45659,9.8093E-5
45660,7.7869E-5
45661,8.7824E-5
45662,9.7642E-5
45663,5.3544E-5
45664,8.1037E-5
45665,6.3331E-5
45666,1.00383E-4
45667,1.07842E-4
45668,7.0724E-5
45669,1.11625E-4
45670,7.5915E-5
45671,7.4378E-5
45672,9.0225E-5
45673,6.5827E-5
45674,0.018986823
45675,9.2988E-5
45676,1.16179E-4
45677,4.4673E-5
45678,1.15381E-4
45679,1.05411E-4
45680,9.8387E-5
45681,7.2377E-5
45682,8.6161E-5
45683,8.4372E-5
45684,8.1244E-5
45685,1.19168E-4
45686,9.9776E-5
45687,7.921E-5
45688,7.6224E-5
45689,9.7778E-5
45690,1.8945E-5
45691,1.00331E-4
45692,1.16657E-4
45693,8.9487E-5
45694,1.13145E-4
45695,8.6019E-5
45696,9.1452E-5
45697,6.6919E-5
45698,6.5068E-5
45699,9.8334E-5
45700,9.1086E-5
45701,8.1446E-5
45702,9.1037E-5
45703,1.05582E-4
45704,1.1482E-4
45705,9.5625E-5
45706,4.8182E-5
45707,9.9642E-5
45708,8.9665E-5
45709,8.1564E-5
45710,1.30963E-4
45711,1.07533E-4
45712,8.3403E-5
45713,1.20047E-4
45714,6.3032E-5
45715,8.1923E-5
45716,1.09563E-4
45717,8.4688E-5
45718,7.897E-5
45719,7.5784E-5
45720,1.18732E-4
45721,8.2729E-5
45722,6.1349E-5
45723,9.2273E-5
45724,1.17024E-4
45725,1.02456E-4
45726,0.001161033
45727,8.2937E-5
45728,8.4464E-5
45729,1.15893E-4
45730,1.0261E-4
45731,8.9442E-5
45732,1.31149E-4
45733,9.1425E-5
45734,9.7755E-5
45735,8.1163E-5
45736,7.4525E-5
45737,7.0093E-5
45738,6.3936E-5
45739,9.6733E-5
45740,5.9308E-5
45741,1.1354E-4
45742,1.15632E-4
45743,1.08151E-4
45744,7.6966E-5
45745,1.10695E-4
45746,8.6965E-5
45747,1.23018E-4
45748,4.3325E-5
45749,7.7906E-5
45750,5.8291E-5
45751,8.7115E-5
45752,6.078E-5
45753,9.5732E-5
45754,8.1256E-5
45755,9.071E-5
45756,9.6414E-5
45757,9.0764E-5
45758,8.6629E-5
45759,8.8021E-5
45760,0.012020157
45761,7.1662E-5
45762,7.9831E-5
45763,1.09754E-4
45764,8.2E-5
45765,7.1677E-5
45766,7.2467E-5
45767,6.6612E-5
45768,1.01067E-4
45769,8.4349E-5
45770,8.913E-5
45771,9.7032E-5
45772,1.09021E-4
45773,7.9643E-5
45774,6.5213E-5
45775,1.20593E-4
45776,1.09158E-4
45777,7.0258E-5
45778,9.9469E-5
45779,7.8414E-5
45780,7.7333E-5
45781,6.4559E-5
45782,1.04265E-4
45783,1.06522E-4
45784,6.492E-5
45785,1.06219E-4
45786,8.982E-5
45787,4.7135E-5
45788,1.17083E-4
45789,9.7462E-5
45790,7.5205E-5
45791,1.15884E-4
45792,9.4397E-5
45793,8.2484E-5
45794,8.5387E-5
45795,1.05977E-4
45796,1.11311E-4
45797,7.6268E-5
45798,1.27488E-4
45799,8.6514E-5
45800,8.4285E-5
45801,8.5972E-5
45802,8.285E-5
45803,1.09908E-4
45804,1.36619E-4
45805,9.2244E-5
45806,9.4844E-5
45807,6.9485E-5
45808,6.928E-5
45809,8.6185E-5
45810,1.01739E-4
45811,1.07443E-4
45812,1.15062E-4
45813,1.06492E-4
45814,8.8297E-5
45815,1.03905E-4
45816,1.00217E-4
45817,1.04423E-4
45818,9.1796E-5
45819,7.3239E-5
45820,9.4881E-5
45821,9.716E-5
45822,1.01869E-4
45823,9.6175E-5
45824,8.1009E-5
45825,1.0111E-4
45826,7.0598E-5
45827,1.01262E-4
45828,9.3621E-5
45829,1.01955E-4
45830,1.17121915
45831,9.71E-5
45832,1.07617E-4
45833,7.7914E-5
45834,1.0518E-4
45835,1.11817E-4
45836,9.1603E-5
45837,9.9595E-5
45838,8.2091E-5
45839,7.9371E-5
45840,1.16872E-4
45841,4.7043E-5
45842,8.7139E-5
45843,5.1246E-5
45844,7.777E-5
45845,1.28388E-4
45846,1.16524E-4
45847,1.01206E-4
45848,8.3285E-5
45849,8.5922E-5
45850,7.2306E-5
45851,8.8649E-5
45852,7.9345E-5
45853,8.3632E-5
45854,7.1924E-5
45855,1.08613E-4
45856,1.05502E-4
45857,1.02716E-4
45858,8.7389E-5
45859,9.8315E-5
45860,7.5051E-5
45861,9.6024E-5
45862,1.0041E-4
45863,1.04285E-4
45864,1.0473E-4
45865,8.4206E-5
45866,1.05192E-4
45867,1.08448E-4
45868,6.9382E-5
45869,1.0433E-4
45870,1.08032E-4
45871,1.1155E-4
45872,1.09372E-4
45873,8.696E-5
45874,9.5077E-5
45875,7.5265E-5
45876,4.6628E-5
45877,1.03146E-4
45878,8.0325E-5
45879,1.04907E-4
45880,7.0241E-5
45881,8.2912E-5
45882,7.6529E-5
45883,9.7893E-5
45884,9.7025E-5
45885,1.04406E-4
45886,6.8544E-5
45887,8.6216E-5
45888,1.20165E-4
45889,8.0123E-5
45890,5.9474E-5
45891,6.4679E-5
45892,1.39971E-4
45893,5.5793E-5
45894,1.02658E-4
45895,9.3818E-5
45896,1.17656E-4
45897,9.2914E-5
45898,6.7788E-5
45899,1.18213E-4
45900,8.3346E-5
45901,8.7257E-5
45902,9.1525E-5
45903,1.00046E-4
45904,6.8299E-5
45905,8.0371E-5
45906,6.8761E-5
45907,1.11408E-4
45908,4.5585E-5
45909,8.0604E-5
45910,1.24893E-4
45911,9.9178E-5
45912,7.4601E-5
45913,7.0657E-5
45914,1.12237E-4
45915,7.3628E-5
45916,1.06378E-4
45917,9.6887E-5
45918,7.9298E-5
45919,1.07466E-4
45920,8.8393E-5
45921,8.2455E-5
45922,1.25839E-4
45923,1.03885E-4
45924,1.01873E-4
45925,8.0027E-5
45926,7.5487E-5
45927,9.8462E-5
45928,1.2499E-4
45929,1.05117E-4
45930,7.3119E-5
45931,6.6684E-5
45932,6.6255E-5
45933,1.08621E-4
45934,9.8501E-5
45935,8.3915E-5
45936,8.1767E-5
45937,7.0498E-5
45938,1.01473E-4
45939,7.7094E-5
45940,6.4732E-5
45941,1.14894E-4
45942,9.7703E-5
45943,6.5479E-5
45944,9.8629E-5
45945,1.03738E-4
45946,1.09503E-4
45947,9.0362E-5
45948,5.2518E-5
45949,1.21363E-4
45950,1.29848E-4
45951,1.07509E-4
45952,1.10901E-4
45953,6.2775E-5
45954,8.1096E-5
45955,8.9752E-5
45956,1.15742E-4
45957,6.3948E-5
45958,1.20049E-4
45959,1.19837E-4
45960,1.08514E-4
45961,7.039E-5
45962,8.6938E-5
45963,9.567E-5
45964,7.1889E-5
45965,6.2358E-5
45966,9.5331E-5
45967,9.6539E-5
45968,1.06531E-4
45969,7.3825E-5
45970,5.3948E-5
45971,7.5565E-5
45972,1.13766E-4
45973,1.01172E-4
45974,6.9077E-5
45975,1.10005E-4
45976,1.02778E-4
45977,1.12016E-4
45978,7.0747E-5
45979,1.02131E-4
45980,8.5795E-5
45981,8.1219E-5
45982,1.2043E-4
45983,1.10777E-4
45984,9.2465E-5
45985,1.02464E-4
45986,6.6926E-5
45987,9.6109E-5
45988,1.06084E-4
45989,6.4903E-5
45990,9.4789E-5
45991,1.1751E-4
45992,1.20698E-4
45993,7.995E-5
45994,7.8666E-5
45995,7.39E-5
45996,9.1779E-5
45997,9.7311E-5
45998,9.3354E-5
45999,8.5084E-5
46000,6.3835E-5
46001,9.8545E-5
46002,1.0887E-4
46003,1.19528E-4
46004,7.7585E-5
46005,7.7594E-5
46006,1.00929E-4
46007,9.0911E-5
46008,1.08344E-4
46009,9.7305E-5
46010,9.0798E-5
46011,1.06905E-4
46012,1.1028E-4
46013,1.1436E-4
46014,7.6196E-5
46015,1.25223E-4
46016,9.5104E-5
46017,8.7469E-5
46018,1.00651E-4
46019,7.2734E-5
46020,9.2966E-5
46021,1.08371E-4
46022,6.7216E-5
46023,7.6866E-5
46024,7.971E-5
46025,9.7182E-5
46026,1.0165E-4
46027,1.00183E-4
46028,1.14531E-4
46029,6.428E-5
46030,9.8958E-5
46031,1.10207E-4
46032,1.05168E-4
46033,1.19342E-4
46034,1.08311E-4
46035,5.8689E-5
46036,4.8014E-5
46037,1.03634E-4
46038,9.351E-5
46039,7.6832E-5
46040,1.04314E-4
46041,1.19972E-4
46042,1.00984E-4
46043,6.9834E-5
46044,6.6033E-5
46045,7.9085E-5
46046,1.14922E-4
46047,1.09591E-4
46048,1.1178E-4
46049,0.007872572
46050,9.6658E-5
46051,8.8464E-5
46052,5.8418E-5
46053,5.6013E-5
46054,9.6021E-5
46055,1.15747E-4
46056,9.703E-5
46057,1.08236E-4
46058,1.17138E-4
46059,8.9011E-5
46060,8.5964E-5
46061,8.063E-5
46062,9.2275E-5
46063,8.4908E-5
46064,1.07508E-4
46065,1.04435E-4
46066,8.7456E-5
46067,1.07946E-4
46068,0.007696988
46069,6.6978E-5
46070,8.0836E-5
46071,9.289E-5
46072,6.939E-5
46073,7.9435E-5
46074,1.02052E-4
46075,9.4413E-5
46076,1.2439E-4
46077,1.08692E-4
46078,6.8304E-5
46079,7.4733E-5
46080,9.9365E-5
46081,8.8512E-5
46082,1.08904E-4
46083,7.1838E-5
46084,1.0605E-4
46085,8.0171E-5
46086,8.8813E-5
46087,9.402E-5
46088,1.00813E-4
46089,4.8839E-5
46090,9.8041E-5
46091,1.0452E-4
46092,8.956E-5
46093,1.07772E-4
46094,5.2831E-5
46095,1.05849E-4
46096,8.5911E-5
46097,1.12031E-4
46098,1.04839E-4
46099,7.3694E-5
46100,1.21871E-4
46101,1.22162E-4
46102,1.22015E-4
46103,7.1639E-5
46104,1.01871E-4
46105,7.9862E-5
46106,9.8853E-5
46107,1.01173E-4
46108,8.5669E-5
46109,1.09237E-4
46110,7.7426E-5
46111,6.3008E-5
46112,8.0284E-5
46113,1.14932E-4
46114,9.7214E-5
46115,1.0292E-4
46116,6.8556E-5
46117,9.4006E-5
46118,3.7425E-5
46119,9.3171E-5
46120,7.0183E-5
46121,5.8292E-5
46122,1.12921E-4
46123,7.5446E-5
46124,7.2121E-5
46125,6.935E-5
46126,8.9356E-5
46127,8.8605E-5
46128,8.9197E-5
46129,9.2416E-5
46130,4.2523E-5
46131,9.8501E-5
46132,9.9078E-5
46133,7.2444E-5
46134,9.5664E-5
46135,1.04075E-4
46136,1.12769E-4
46137,7.3856E-5
46138,8.4907E-5
46139,9.8227E-5
46140,9.5029E-5
46141,1.00271E-4
46142,6.147E-5
46143,1.13481E-4
46144,1.03907E-4
46145,4.9989E-5
46146,7.6086E-5
46147,1.06194E-4
46148,7.8568E-5
46149,6.3073E-5
46150,9.4393E-5
46151,6.7971E-5
46152,7.4037E-5
46153,7.5674E-5
46154,8.7319E-5
46155,1.10298E-4
46156,1.2124E-4
46157,9.9746E-5
46158,7.0528E-5
46159,7.6383E-5
46160,1.26421E-4
46161,9.782E-5
46162,1.04907E-4
46163,1.0244E-4
46164,1.24873E-4
46165,1.06741E-4
46166,9.4657E-5
46167,9.337E-5
46168,8.1349E-5
46169,1.07648E-4
46170,1.04101E-4
46171,4.2038E-5
46172,8.7418E-5
46173,1.11046E-4
46174,1.03083E-4
46175,1.10918E-4
46176,1.02773E-4
46177,9.6763E-5
46178,6.6567E-5
46179,7.6018E-5
46180,8.184E-5
46181,8.9222E-5
46182,9.4131E-5
46183,1.03044E-4
46184,9.3141E-5
46185,7.2414E-5
46186,9.131E-5
46187,9.4104E-5
46188,1.11051E-4
46189,3.284E-5
46190,5.4617E-5
46191,8.3013E-5
46192,1.01385E-4
46193,1.06717E-4
46194,1.29733E-4
46195,5.9087E-5
46196,7.7358E-5
46197,8.7266E-5
46198,9.3917E-5
46199,8.4487E-5
46200,8.9544E-5
46201,9.3074E-5
46202,9.6042E-5
46203,1.00327E-4
46204,5.5757E-5
46205,1.03678E-4
46206,6.5995E-5
46207,8.9622E-5
46208,1.04886E-4
46209,1.10093E-4
46210,1.08997E-4
46211,9.4239E-5
46212,5.2366E-5
46213,7.9133E-5
46214,1.03285E-4
46215,8.7973E-5
46216,9.257E-5
46217,8.8423E-5
46218,8.6603E-5
46219,9.4664E-5
46220,9.0352E-5
46221,8.2006E-5
46222,7.3927E-5
46223,1.04127E-4
46224,8.4289E-5
46225,1.03008E-4
46226,8.6389E-5
46227,1.2831E-4
46228,1.1278E-4
46229,1.20236E-4
46230,1.01458E-4
46231,1.08448E-4
46232,8.981E-5
46233,1.00167E-4
46234,7.2053E-5
46235,1.07069E-4
46236,1.10601E-4
46237,1.16118E-4
46238,9.3163E-5
46239,1.04419E-4
46240,9.5791E-5
46241,1.05153E-4
46242,1.01589E-4
46243,1.0942E-4
46244,9.7491E-5
46245,7.9679E-5
46246,9.9444E-5
46247,8.8553E-5
46248,9.0688E-5
46249,7.2846E-5
46250,8.5111E-5
46251,6.9169E-5
46252,1.03982E-4
46253,5.0264E-5
46254,9.5795E-5
46255,1.02089E-4
46256,7.2927E-5
46257,7.5834E-5
46258,9.703E-5
46259,9.7917E-5
46260,1.00071E-4
46261,7.8737E-5
46262,1.18779E-4
46263,1.08486E-4
46264,7.0337E-5
46265,8.2997E-5
46266,9.7581E-5
46267,7.3252E-5
46268,9.7022E-5
46269,1.08107E-4
46270,6.5022E-5
46271,9.9786E-5
46272,9.5951E-5
46273,1.08909E-4
46274,1.0509E-4
46275,6.3518E-5
46276,1.08749E-4
46277,8.1226E-5
46278,9.2967E-5
46279,9.7717E-5
46280,1.08102E-4
46281,7.5662E-5
46282,8.6487E-5
46283,1.31144E-4
46284,1.01802E-4
46285,9.2733E-5
46286,7.7066E-5
46287,9.7059E-5
46288,7.841E-5
46289,9.1707E-5
46290,7.8859E-5
46291,6.9066E-5
46292,7.0593E-5
46293,7.3108E-5
46294,9.1674E-5
46295,1.04648E-4
46296,1.03797E-4
46297,1.08224E-4
46298,9.592E-5
46299,9.6186E-5
46300,9.4117E-5
46301,8.906E-5
46302,1.05763E-4
46303,8.6562E-5
46304,7.6951E-5
46305,1.00213E-4
46306,8.1585E-5
46307,1.01749E-4
46308,6.0496E-5
46309,9.8928E-5
46310,9.0025E-5
46311,1.12963E-4
46312,1.15751E-4
46313,9.1436E-5
46314,7.9512E-5
46315,1.01462E-4
46316,8.0205E-5
46317,9.3161E-5
46318,1.03017E-4
46319,1.09245E-4
46320,9.5403E-5
46321,9.1504E-5
46322,6.3805E-5
46323,9.0069E-5
46324,6.8554E-5
46325,9.0189E-5
46326,9.675E-5
46327,7.162E-5
46328,8.6828E-5
46329,6.0394E-5
46330,7.0961E-5
46331,7.3578E-5
46332,7.8097E-5
46333,1.02185E-4
46334,9.1966E-5
46335,1.05596E-4
46336,8.8902E-5
46337,8.5055E-5
46338,9.0476E-5
46339,8.1556E-5
46340,1.21811E-4
46341,7.234E-5
46342,8.6441E-5
46343,9.3879E-5
46344,1.17678E-4
46345,1.08261E-4
46346,9.0362E-5
46347,9.2742E-5
46348,1.17557E-4
46349,7.7987E-5
46350,9.569E-5
46351,8.6692E-5
46352,7.1376E-5
46353,9.693E-5
46354,8.6137E-5
46355,8.5718E-5
46356,7.6422E-5
46357,1.16352E-4
46358,1.11807E-4
46359,9.6415E-5
46360,1.26906E-4
46361,9.7142E-5
46362,9.3022E-5
46363,9.7685E-5
46364,1.10848E-4
46365,1.05173E-4
46366,1.30221E-4
46367,1.07657E-4
46368,9.6817E-5
46369,9.5797E-5
46370,1.13184E-4
46371,8.9121E-5
46372,9.3055E-5
46373,9.0141E-5
46374,1.05083E-4
46375,1.07565E-4
46376,1.06568E-4
46377,9.179E-5
46378,9.4213E-5
46379,1.18135E-4
46380,9.1602E-5
46381,8.837E-5
46382,1.06104E-4
46383,9.3823E-5
46384,1.10114E-4
46385,5.3178E-5
46386,1.03406E-4
46387,7.7776E-5
46388,1.04261E-4
46389,8.2492E-5
46390,8.1334E-5
46391,7.9227E-5
46392,9.1428E-5
46393,9.5881E-5
46394,1.05364E-4
46395,8.7965E-5
46396,6.5529E-5
46397,9.1444E-5
46398,7.6271E-5
46399,1.17565E-4
46400,7.7036E-5
46401,9.2864E-5
46402,9.1415E-5
46403,7.7165E-5
46404,1.18653E-4
46405,8.8611E-5
46406,5.9438E-5
46407,7.104E-5
46408,8.8957E-5
46409,8.2029E-5
46410,1.04964E-4
46411,1.19375E-4
46412,1.13525E-4
46413,8.8262E-5
46414,7.4897E-5
46415,1.34793E-4
46416,7.7881E-5
46417,6.5357E-5
46418,8.638E-5
46419,9.4057E-5
46420,9.4721E-5
46421,9.6055E-5
46422,1.00761E-4
46423,9.7828E-5
46424,9.8592E-5
46425,9.6519E-5
46426,9.0333E-5
46427,8.466E-5
46428,1.07718E-4
46429,1.05771E-4
46430,9.843E-5
46431,7.7725E-5
46432,9.2437E-5
46433,1.02632E-4
46434,9.2861E-5
46435,7.1181E-5
46436,1.04662E-4
46437,9.7685E-5
46438,8.1912E-5
46439,6.6377E-5
46440,1.07713E-4
46441,1.02932E-4
46442,1.10306E-4
46443,7.3011E-5
46444,8.0349E-5
46445,1.03545E-4
46446,3.4628E-5
46447,1.12425E-4
46448,1.10219E-4
46449,1.04026E-4
46450,7.9862E-5
46451,1.02158E-4
46452,6.4808E-5
46453,1.01982E-4
46454,7.4854E-5
46455,6.8707E-5
46456,1.0028E-4
46457,1.29947E-4
46458,1.02326E-4
46459,8.2658E-5
46460,1.08598E-4
46461,1.22909E-4
46462,7.7572E-5
46463,5.7349E-5
46464,1.06511E-4
46465,8.4923E-5
46466,9.2442E-5
46467,7.6555E-5
46468,1.20052E-4
46469,1.18542E-4
46470,9.7645E-5
46471,9.6412E-5
46472,6.6392E-5
46473,6.4161E-5
46474,9.4343E-5
46475,1.30726E-4
46476,7.9933E-5
46477,7.9048E-5
46478,1.32898E-4
46479,8.1483E-5
46480,1.2323E-4
46481,1.14119E-4
46482,9.7382E-5
46483,1.20928E-4
46484,8.1948E-5
46485,8.711E-5
46486,9.1749E-5
46487,7.8728E-5
46488,6.367E-5
46489,8.8551E-5
46490,9.5684E-5
46491,8.1255E-5
46492,7.802E-5
46493,8.0722E-5
46494,6.5731E-5
46495,1.01072E-4
46496,1.05053E-4
46497,1.16498E-4
46498,5.9936E-5
46499,7.5357E-5
46500,8.2082E-5
46501,8.5734E-5
46502,1.32926E-4
46503,1.01151E-4
46504,1.38057E-4
46505,1.00338E-4
46506,7.9343E-5
46507,1.01788E-4
46508,6.0857E-5
46509,9.5422E-5
46510,1.09113E-4
46511,1.08507E-4
46512,6.5081E-5
46513,1.08438E-4
46514,1.07972E-4
46515,9.6901E-5
46516,1.00813E-4
46517,1.26659E-4
46518,9.9048E-5
46519,7.3466E-5
46520,9.052E-5
46521,9.1259E-5
46522,1.02455E-4
46523,1.04995E-4
46524,5.5439E-5
46525,8.7081E-5
46526,1.10461E-4
46527,8.4861E-5
46528,9.9347E-5
46529,5.1375E-5
46530,8.2098E-5
46531,6.3241E-5
46532,7.0861E-5
46533,9.3553E-5
46534,9.8957E-5
46535,1.10659E-4
46536,9.3633E-5
46537,5.8095E-5
46538,5.4187E-5
46539,8.3682E-5
46540,8.4894E-5
46541,7.6723E-5
46542,1.1277E-4
46543,7.5888E-5
46544,9.2399E-5
46545,7.8661E-5
46546,1.05419E-4
46547,0.023256644
46548,9.213E-5
46549,1.09385E-4
46550,1.03097E-4
46551,1.37186E-4
46552,1.01208E-4
46553,1.01979E-4
46554,1.08921E-4
46555,9.5775E-5
46556,7.585E-5
46557,7.657E-5
46558,1.29323E-4
46559,1.22515E-4
46560,9.0504E-5
46561,9.4532E-5
46562,1.09464E-4
46563,6.3266E-5
46564,6.6612E-5
46565,1.15333E-4
46566,8.8581E-5
46567,9.9984E-5
46568,9.572E-5
46569,9.704E-5
46570,7.9657E-5
46571,8.6343E-5
46572,9.1259E-5
46573,1.23202E-4
46574,9.7179E-5
46575,7.622E-5
46576,7.5614E-5
46577,8.8191E-5
46578,1.23234E-4
46579,1.03267E-4
46580,6.597E-5
46581,7.0813E-5
46582,8.7096E-5
46583,8.8507E-5
46584,1.15513E-4
46585,8.4425E-5
46586,7.3903E-5
46587,9.2902E-5
46588,9.5967E-5
46589,1.25779E-4
46590,1.12368E-4
46591,1.12603E-4
46592,8.4382E-5
46593,7.3276E-5
46594,9.0048E-5
46595,1.01163E-4
46596,1.05806E-4
46597,6.5434E-5
46598,9.6367E-5
46599,1.05652E-4
46600,9.2007E-5
46601,1.13717E-4
46602,1.19181E-4
46603,9.6161E-5
46604,1.15751E-4
46605,6.0156E-5
46606,8.5019E-5
46607,8.2528E-5
46608,1.17897E-4
46609,1.11854E-4
46610,1.02994E-4
46611,9.2428E-5
46612,6.2114E-5
46613,1.04692E-4
46614,8.3601E-5
46615,8.2416E-5
46616,1.23298E-4
46617,1.21267E-4
46618,8.8463E-5
46619,1.00319E-4
46620,8.7412E-5
46621,9.3043E-5
46622,1.21392E-4
46623,8.8285E-5
46624,1.0111E-4
46625,1.29428E-4
46626,1.12511E-4
46627,1.12661E-4
46628,1.17313E-4
46629,9.7266E-5
46630,8.5363E-5
46631,1.08869E-4
46632,7.8211E-5
46633,1.00661E-4
46634,1.05735E-4
46635,1.01272E-4
46636,1.03061E-4
46637,7.6337E-5
46638,8.8191E-5
46639,7.6822E-5
46640,1.23179E-4
46641,4.1534E-5
46642,7.1433E-5
46643,6.922E-5
46644,1.10405E-4
46645,8.9992E-5
46646,9.887E-5
46647,1.03987E-4
46648,1.09265E-4
46649,9.6807E-5
46650,9.4075E-5
46651,7.3062E-5
46652,1.1403E-4
46653,1.11922E-4
46654,1.11879E-4
46655,1.01878E-4
46656,1.09612E-4
46657,8.3887E-5
46658,9.4968E-5
46659,9.8072E-5
46660,1.05132E-4
46661,6.9661E-5
46662,7.9962E-5
46663,9.8894E-5
46664,7.5446E-5
46665,9.8163E-5
46666,7.1123E-5
46667,9.1706E-5
46668,8.476E-5
46669,8.9659E-5
46670,1.08156E-4
46671,8.0748E-5
46672,7.6408E-5
46673,9.9555E-5
46674,1.1154E-4
46675,8.4928E-5
46676,9.9816E-5
46677,1.01986E-4
46678,7.2831E-5
46679,1.18057E-4
46680,6.9879E-5
46681,8.9038E-5
46682,7.713E-5
46683,1.00347E-4
46684,7.3791E-5
46685,7.5706E-5
46686,9.8234E-5
46687,1.02314E-4
46688,8.2885E-5
46689,9.1977E-5
46690,1.20432E-4
46691,9.0512E-5
46692,8.4801E-5
46693,7.4439E-5
46694,1.34517E-4
46695,1.19413E-4
46696,9.2133E-5
46697,9.9496E-5
46698,9.3462E-5
46699,1.19205E-4
46700,7.275E-5
46701,7.8915E-5
46702,8.7234E-5
46703,1.15445E-4
46704,8.7984E-5
46705,1.08062E-4
46706,7.1142E-5
46707,1.20461E-4
46708,8.7579E-5
46709,1.17778E-4
46710,6.9767E-5
46711,8.6649E-5
46712,6.9246E-5
46713,9.7477E-5
46714,6.0451E-5
46715,8.9056E-5
46716,8.5901E-5
46717,9.9503E-5
46718,9.089E-5
46719,8.1703E-5
46720,1.17412E-4
46721,9.9185E-5
46722,4.8321E-5
46723,8.6288E-5
46724,7.7059E-5
46725,6.89E-5
46726,7.7111E-5
46727,7.6645E-5
46728,1.0824E-4
46729,1.2175E-4
46730,1.05972E-4
46731,8.4459E-5
46732,9.5446E-5
46733,4.8187E-5
46734,7.7476E-5
46735,6.5047E-5
46736,9.0079E-5
46737,1.15971E-4
46738,9.9784E-5
46739,7.1118E-5
46740,1.10065E-4
46741,8.872E-5
46742,7.41E-5
46743,1.01769E-4
46744,1.13404E-4
46745,7.9417E-5
46746,9.7262E-5
46747,7.2068E-5
46748,9.5629E-5
46749,8.5914E-5
46750,8.0092E-5
46751,7.9058E-5
46752,7.1868E-5
46753,8.4793E-5
46754,7.7524E-5
46755,6.1934E-5
46756,1.0745E-4
46757,1.25942E-4
46758,8.7611E-5
46759,9.1573E-5
46760,9.4322E-5
46761,1.08347E-4
46762,1.10556E-4
46763,1.03538E-4
46764,9.2386E-5
46765,8.1245E-5
46766,1.07545E-4
46767,7.0468E-5
46768,8.315E-5
46769,9.6468E-5
46770,1.12264E-4
46771,1.0612E-4
46772,6.3644E-5
46773,1.34233E-4
46774,6.3737E-5
46775,9.6826E-5
46776,9.8588E-5
46777,1.0556E-4
46778,1.09236E-4
46779,1.05293E-4
46780,9.722E-5
46781,1.06543E-4
46782,7.9961E-5
46783,8.4726E-5
46784,1.07599E-4
46785,9.7525E-5
46786,9.7492E-5
46787,9.9916E-5
46788,9.6062E-5
46789,1.37009E-4
46790,7.5916E-5
46791,1.13581E-4
46792,9.0133E-5
46793,6.2898E-5
46794,8.3244E-5
46795,1.30912E-4
46796,1.08498E-4
46797,1.00742E-4
46798,1.02654E-4
46799,1.32331E-4
46800,1.02299E-4
46801,1.28212E-4
46802,8.9742E-5
46803,9.7061E-5
46804,9.8806E-5
46805,8.1222E-5
46806,1.11588E-4
46807,1.09058E-4
46808,9.5297E-5
46809,1.0711E-4
46810,8.9378E-5
46811,9.4665E-5
46812,8.3686E-5
46813,9.4567E-5
46814,9.4373E-5
46815,8.5804E-5
46816,8.8089E-5
46817,9.4235E-5
46818,7.0493E-5
46819,1.17336E-4
46820,1.05077E-4
46821,1.28227E-4
46822,8.8029E-5
46823,1.05142E-4
46824,6.2021E-5
46825,8.3931E-5
46826,6.539E-5
46827,1.16426E-4
46828,7.7531E-5
46829,1.24218E-4
46830,8.8788E-5
46831,7.1104E-5
46832,6.0517E-5
46833,8.4941E-5
46834,7.9389E-5
46835,9.7301E-5
46836,1.06299E-4
46837,9.5377E-5
46838,7.9476E-5
46839,9.3736E-5
46840,5.6446E-5
46841,8.3862E-5
46842,8.467E-5
46843,9.8148E-5
46844,1.12185E-4
46845,1.07842E-4
46846,8.9902E-5
46847,9.6296E-5
46848,1.13458E-4
46849,1.04064E-4
46850,7.512E-5
46851,5.0956E-5
46852,1.08346E-4
46853,8.3134E-5
46854,1.12792E-4
46855,6.8749E-5
46856,9.9155E-5
46857,1.15932E-4
46858,9.5906E-5
46859,9.5117E-5
46860,8.3913E-5
46861,9.0249E-5
46862,8.4152E-5
46863,8.9453E-5
46864,9.6772E-5
46865,1.17181E-4
46866,8.9135E-5
46867,1.02968E-4
46868,1.16606E-4
46869,1.05221E-4
46870,1.21532E-4
46871,9.6146E-5
46872,7.2437E-5
46873,9.0581E-5
46874,9.6048E-5
46875,1.04069E-4
46876,1.22305E-4
46877,7.1453E-5
46878,1.11595E-4
46879,7.681E-5
46880,1.04882E-4
46881,9.3851E-5
46882,9.4801E-5
46883,9.7074E-5
46884,1.02488E-4
46885,9.213E-5
46886,8.1955E-5
46887,7.752E-5
46888,1.05124E-4
46889,7.5947E-5
46890,1.12405E-4
46891,8.6511E-5
46892,5.8485E-5
46893,8.8256E-5
46894,8.7564E-5
46895,1.13073E-4
46896,7.2597E-5
46897,1.01518E-4
46898,1.06508E-4
46899,5.6602E-5
46900,9.4596E-5
46901,9.2627E-5
46902,8.0276E-5
46903,1.08977E-4
46904,8.2248E-5
46905,1.07171E-4
46906,8.4292E-5
46907,1.0597E-4
46908,8.3184E-5
46909,1.0784E-4
46910,1.13224E-4
46911,1.12387E-4
46912,1.20563E-4
46913,6.3175E-5
46914,9.8295E-5
46915,1.00787E-4
46916,1.03925E-4
46917,9.809E-5
46918,1.07771E-4
46919,1.79821E-4
46920,9.9877E-5
46921,8.9653E-5
46922,9.1757E-5
46923,9.2816E-5
46924,9.5813E-5
46925,8.477E-5
46926,9.9409E-5
46927,9.9583E-5
46928,6.3809E-5
46929,1.079E-4
46930,9.0826E-5
46931,9.6074E-5
46932,1.17503E-4
46933,9.3712E-5
46934,1.05068E-4
46935,1.00748E-4
46936,7.1272E-5
46937,9.1111E-5
46938,1.01966E-4
46939,6.7539E-5
46940,9.978E-5
46941,3.3888E-5
46942,1.3458E-4
46943,7.9457E-5
46944,9.3009E-5
46945,1.06519E-4
46946,1.10507E-4
46947,9.3029E-5
46948,1.28736E-4
46949,8.2086E-5
46950,1.30677E-4
46951,1.052E-4
46952,1.04718E-4
46953,1.02826E-4
46954,1.04114E-4
46955,9.2894E-5
46956,5.1813E-5
46957,9.1737E-5
46958,7.0615E-5
46959,5.2758E-5
46960,6.5447E-5
46961,7.9669E-5
46962,1.10747E-4
46963,1.0424E-4
46964,1.0169E-4
46965,8.5347E-5
46966,8.3837E-5
46967,1.02513E-4
46968,5.0122E-5
46969,1.10436E-4
46970,6.4613E-5
46971,7.0798E-5
46972,1.04828E-4
46973,9.8973E-5
46974,6.4734E-5
46975,9.9504E-5
46976,1.09694E-4
46977,1.05288E-4
46978,8.3279E-5
46979,7.4052E-5
46980,5.524E-5
46981,9.9183E-5
46982,8.0116E-5
46983,8.1106E-5
46984,8.7941E-5
46985,1.17469E-4
46986,5.0924E-5
46987,9.4148E-5
46988,1.16264E-4
46989,9.1869E-5
46990,1.14702E-4
46991,8.7964E-5
46992,1.02084E-4
46993,7.5332E-5
46994,6.1749E-5
46995,1.3064E-4
46996,1.01023E-4
46997,6.4329E-5
46998,1.30299E-4
46999,1.04248E-4
47000,1.03184E-4
47001,5.8583E-5
47002,7.4378E-5
47003,9.3292E-5
47004,8.9743E-5
47005,7.7238E-5
47006,9.8647E-5
47007,9.5444E-5
47008,8.006E-5
47009,1.0422E-4
47010,9.2628E-5
47011,9.7749E-5
47012,9.811E-5
47013,1.18809E-4
47014,9.4653E-5
47015,1.06327E-4
47016,1.22192E-4
47017,1.12173E-4
47018,8.8221E-5
47019,9.2215E-5
47020,7.1623E-5
47021,8.1757E-5
47022,1.19495E-4
47023,9.8695E-5
47024,8.6657E-5
47025,4.8833E-5
47026,7.8017E-5
47027,1.1133E-4
47028,8.0446E-5
47029,8.0444E-5
47030,1.02158E-4
47031,1.03316E-4
47032,8.7503E-5
47033,9.8518E-5
47034,1.10659E-4
47035,9.4397E-5
47036,8.8453E-5
47037,9.6854E-5
47038,9.6067E-5
47039,9.9184E-5
47040,9.7249E-5
47041,7.8067E-5
47042,1.02543E-4
47043,1.1381E-4
47044,6.6476E-5
47045,8.3642E-5
47046,9.5682E-5
47047,8.448E-5
47048,8.1801E-5
47049,9.5795E-5
47050,1.25332E-4
47051,1.06206E-4
47052,1.31026E-4
47053,9.692E-5
47054,1.00159E-4
47055,1.1912E-4
47056,8.0843E-5
47057,9.7044E-5
47058,1.18976E-4
47059,7.0712E-5
47060,1.01067E-4
47061,9.2721E-5
47062,1.00551E-4
47063,7.4622E-5
47064,8.6557E-5
47065,1.14188E-4
47066,9.7639E-5
47067,1.00987E-4
47068,8.7825E-5
47069,5.7418E-5
47070,1.12927E-4
47071,4.9206E-5
47072,8.4961E-5
47073,8.1982E-5
47074,9.7435E-5
47075,1.01496E-4
47076,7.9511E-5
47077,1.02415E-4
47078,8.9302E-5
47079,9.9631E-5
47080,1.04149E-4
47081,6.303E-5
47082,8.4545E-5
47083,7.0969E-5
47084,1.15113E-4
47085,9.381E-5
47086,9.0614E-5
47087,8.3076E-5
47088,8.9017E-5
47089,1.29801E-4
47090,6.3862E-5
47091,7.2141E-5
47092,1.01143E-4
47093,8.5145E-5
47094,7.2108E-5
47095,1.02622E-4
47096,9.3418E-5
47097,7.4865E-5
47098,5.8736E-5
47099,9.7712E-5
47100,8.5552E-5
47101,8.8824E-5
47102,9.5819E-5
47103,7.8473E-5
47104,1.02834E-4
47105,1.02034E-4
47106,8.9199E-5
47107,9.5995E-5
47108,1.01168E-4
47109,7.9634E-5
47110,1.05079E-4
47111,7.8942E-5
47112,7.234E-5
47113,9.3775E-5
47114,8.1378E-5
47115,1.05626E-4
47116,9.4401E-5
47117,9.8454E-5
47118,8.1814E-5
47119,1.09242E-4
47120,9.6146E-5
47121,1.31415E-4
47122,9.4692E-5
47123,8.8791E-5
47124,8.8781E-5
47125,8.5301E-5
47126,9.6776E-5
47127,1.08096E-4
47128,8.2662E-5
47129,7.6334E-5
47130,8.8908E-5
47131,8.2364E-5
47132,8.1277E-5
47133,9.7438E-5
47134,9.0785E-5
47135,1.08139E-4
47136,1.04882E-4
47137,8.2557E-5
47138,7.033E-5
47139,9.1447E-5
47140,1.21599E-4
47141,7.8826E-5
47142,8.8662E-5
47143,8.8057E-5
47144,6.6594E-5
47145,9.1405E-5
47146,7.3887E-5
47147,8.2167E-5
47148,1.14541E-4
47149,1.20812E-4
47150,8.0382E-5
47151,1.27939E-4
47152,8.7585E-5
47153,1.26261E-4
47154,8.5602E-5
47155,8.1658E-5
47156,9.7843E-5
47157,9.3984E-5
47158,1.13869E-4
47159,1.18446E-4
47160,8.2792E-5
47161,1.11434E-4
47162,1.0567E-4
47163,6.6279E-5
47164,8.8778E-5
47165,9.9209E-5
47166,7.0783E-5
47167,9.1103E-5
47168,9.9044E-5
47169,1.05521E-4
47170,1.04874E-4
47171,9.079E-5
47172,5.1999E-5
47173,8.5436E-5
47174,1.16623E-4
47175,5.3993E-5
47176,1.0796E-4
47177,9.6722E-5
47178,8.2949E-5
47179,1.01046E-4
47180,1.19889E-4
47181,9.5844E-5
47182,8.8257E-5
47183,5.1769E-5
47184,1.06428E-4
47185,1.15001E-4
47186,1.15626E-4
47187,9.6826E-5
47188,9.4935E-5
47189,9.0178E-5
47190,1.09561E-4
47191,8.6148E-5
47192,9.5351E-5
47193,1.03849E-4
47194,9.2633E-5
47195,1.2097E-4
47196,1.08307E-4
47197,1.30379E-4
47198,8.8738E-5
47199,7.2647E-5
47200,1.20986E-4
47201,1.01911E-4
47202,8.4668E-5
47203,9.1887E-5
47204,1.32944E-4
47205,8.5992E-5
47206,1.26323E-4
47207,6.8806E-5
47208,9.7324E-5
47209,7.2999E-5
47210,8.6154E-5
47211,8.5317E-5
47212,7.0245E-5
47213,7.1624E-5
47214,7.2551E-5
47215,8.6232E-5
47216,6.341E-5
47217,1.04013E-4
47218,8.8344E-5
47219,1.00519E-4
47220,8.5385E-5
47221,5.1252E-5
47222,1.21255E-4
47223,1.0352E-4
47224,7.9985E-5
47225,8.42E-5
47226,9.5979E-5
47227,1.04649E-4
47228,4.9342E-5
47229,8.6429E-5
47230,8.9828E-5
47231,9.8827E-5
47232,9.4206E-5
47233,1.27564E-4
47234,9.7204E-5
47235,1.03725E-4
47236,7.9525E-5
47237,9.9448E-5
47238,8.3245E-5
47239,1.19188E-4
47240,9.9336E-5
47241,7.5439E-5
47242,9.1629E-5
47243,9.0896E-5
47244,7.9901E-5
47245,8.0931E-5
47246,7.8909E-5
47247,1.07902E-4
47248,1.02249E-4
47249,1.25982E-4
47250,1.0258E-4
47251,1.17713E-4
47252,6.5506E-5
47253,7.6976E-5
47254,8.4926E-5
47255,7.8602E-5
47256,1.03307E-4
47257,9.8807E-5
47258,9.5305E-5
47259,9.4461E-5
47260,1.2952E-4
47261,7.8176E-5
47262,1.27979E-4
47263,9.255E-5
47264,8.8037E-5
47265,8.1064E-5
47266,1.06361E-4
47267,8.1202E-5
47268,8.9807E-5
47269,6.5172E-5
47270,9.2638E-5
47271,1.14056E-4
47272,9.5985E-5
47273,1.11208E-4
47274,7.3206E-5
47275,9.4527E-5
47276,8.3423E-5
47277,1.03649E-4
47278,7.3519E-5
47279,1.07974E-4
47280,7.3417E-5
47281,7.0787E-5
47282,1.1557E-4
47283,1.04156E-4
47284,7.8472E-5
47285,6.9513E-5
47286,1.06046E-4
47287,7.0635E-5
47288,1.00185E-4
47289,9.9123E-5
47290,8.6972E-5
47291,7.1583E-5
47292,9.78E-5
47293,7.4257E-5
47294,1.06331E-4
47295,8.9737E-5
47296,1.03367E-4
47297,9.8158E-5
47298,7.0807E-5
47299,9.2211E-5
47300,9.5048E-5
47301,1.11379E-4
47302,6.2011E-5
47303,1.07707E-4
47304,1.15781E-4
47305,9.6719E-5
47306,1.02716E-4
47307,5.2302E-5
47308,1.07267E-4
47309,1.07881E-4
47310,6.3975E-5
47311,1.07313E-4
47312,6.362E-5
47313,1.1493E-4
47314,1.24426E-4
47315,9.8603E-5
47316,9.209E-5
47317,9.3659E-5
47318,8.5699E-5
47319,1.00005E-4
47320,1.10114E-4
47321,1.3179E-4
47322,1.06622E-4
47323,7.6699E-5
47324,7.6688E-5
47325,9.8873E-5
47326,9.6622E-5
47327,1.24326E-4
47328,1.01659E-4
47329,8.3114E-5
47330,8.708E-5
47331,1.16574E-4
47332,1.02106E-4
47333,7.6896E-5
47334,8.7113E-5
47335,1.367E-4
47336,1.1304E-4
47337,7.3142E-5
47338,1.33909E-4
47339,1.00648E-4
47340,9.1018E-5
47341,4.9038E-5
47342,1.09882E-4
47343,9.4826E-5
47344,8.0696E-5
47345,1.06167E-4
47346,1.0947E-4
47347,8.7697E-5
47348,0.006797442
47349,1.08831E-4
47350,9.8861E-5
47351,8.5928E-5
47352,7.5264E-5
47353,1.20079E-4
47354,7.8333E-5
47355,1.03968E-4
47356,9.3283E-5
47357,6.9886E-5
47358,5.2426E-5
47359,1.26029E-4
47360,9.9738E-5
47361,6.491E-5
47362,1.05407E-4
47363,9.0118E-5
47364,9.2503E-5
47365,1.05886E-4
47366,1.09252E-4
47367,1.18259E-4
47368,8.9627E-5
47369,9.7583E-5
47370,6.4983E-5
47371,9.7335E-5
47372,9.8599E-5
47373,8.3372E-5
47374,9.5948E-5
47375,1.0934E-4
47376,9.2668E-5
47377,8.9851E-5
47378,9.5517E-5
47379,8.431E-5
47380,8.0683E-5
47381,6.9296E-5
47382,8.135E-5
47383,8.6714E-5
47384,8.0124E-5
47385,0.020704134
47386,1.00145E-4
47387,9.8014E-5
47388,8.5511E-5
47389,1.03072E-4
47390,1.05544E-4
47391,1.28074E-4
47392,9.9947E-5
47393,1.01011E-4
47394,8.2872E-5
47395,7.7111E-5
47396,1.02568E-4
47397,1.10348E-4
47398,1.04246E-4
47399,9.0706E-5
47400,9.8617E-5
47401,1.00148E-4
47402,1.13328E-4
47403,8.8359E-5
47404,8.8755E-5
47405,8.0715E-5
47406,1.05729E-4
47407,6.917E-5
47408,9.731E-5
47409,1.09181E-4
47410,7.196E-5
47411,9.2347E-5
47412,1.09342E-4
47413,8.395E-5
47414,1.03506E-4
47415,1.02476E-4
47416,1.01723E-4
47417,1.1361E-4
47418,1.06631E-4
47419,6.8009E-5
47420,1.03124E-4
47421,8.2492E-5
47422,1.12905E-4
47423,7.8544E-5
47424,9.7842E-5
47425,1.00166E-4
47426,1.14651E-4
47427,1.24101E-4
47428,9.639E-5
47429,8.7508E-5
47430,1.34334E-4
47431,1.31743E-4
47432,1.05755E-4
47433,1.28055E-4
47434,1.10429E-4
47435,8.5456E-5
47436,6.1911E-5
47437,9.1752E-5
47438,7.5192E-5
47439,8.5102E-5
47440,8.199E-5
47441,7.6895E-5
47442,9.7932E-5
47443,7.5645E-5
47444,9.9277E-5
47445,8.814E-5
47446,7.5561E-5
47447,1.1321E-4
47448,1.06391E-4
47449,9.0432E-5
47450,9.9303E-5
47451,1.04677E-4
47452,1.0842E-4
47453,1.0385E-4
47454,1.11272E-4
47455,8.4851E-5
47456,8.0347E-5
47457,1.02517E-4
47458,6.3242E-5
47459,1.06161E-4
47460,7.7821E-5
47461,8.8863E-5
47462,8.4039E-5
47463,6.6134E-5
47464,8.2188E-5
47465,8.3491E-5
47466,9.9703E-5
47467,9.4851E-5
47468,9.5732E-5
47469,1.0794E-4
47470,9.4329E-5
47471,8.3489E-5
47472,1.16955E-4
47473,9.9879E-5
47474,8.8164E-5
47475,6.446E-5
47476,1.07037E-4
47477,9.8764E-5
47478,1.04714E-4
47479,1.18462E-4
47480,1.21481E-4
47481,1.01947E-4
47482,9.5946E-5
47483,1.04052E-4
47484,9.7757E-5
47485,9.3907E-5
47486,1.30076E-4
47487,1.16753E-4
47488,8.9487E-5
47489,9.6155E-5
47490,1.15009E-4
47491,1.19345E-4
47492,7.5166E-5
47493,9.3544E-5
47494,1.34475E-4
47495,1.04571E-4
47496,1.02075E-4
47497,9.0004E-5
47498,1.10406E-4
47499,8.4416E-5
47500,9.0325E-5
47501,9.2115E-5
47502,9.7365E-5
47503,1.02992E-4
47504,8.5895E-5
47505,1.14484E-4
47506,1.01791E-4
47507,1.05645E-4
47508,1.19663E-4
47509,9.9469E-5
47510,9.1682E-5
47511,8.3987E-5
47512,7.329E-5
47513,1.01114E-4
47514,8.3393E-5
47515,1.17769E-4
47516,1.03117E-4
47517,8.926E-5
47518,1.03832E-4
47519,1.14291E-4
47520,8.4668E-5
47521,7.8861E-5
47522,1.22393E-4
47523,1.27553E-4
47524,1.18315E-4
47525,8.9704E-5
47526,1.18104E-4
47527,1.18964E-4
47528,1.18964E-4
47529,9.6609E-5
47530,7.521E-5
47531,8.5862E-5
47532,9.9188E-5
47533,9.6091E-5
47534,9.1052E-5
47535,9.5571E-5
47536,9.4101E-5
47537,7.9487E-5
47538,1.07223E-4
47539,8.9817E-5
47540,1.13174E-4
47541,8.9092E-5
47542,1.10625E-4
47543,7.95E-5
47544,9.9024E-5
47545,1.14526E-4
47546,8.5649E-5
47547,9.1051E-5
47548,9.7861E-5
47549,9.7435E-5
47550,8.2519E-5
47551,5.6878E-5
47552,7.9227E-5
47553,1.16227E-4
47554,1.08439E-4
47555,8.7394E-5
47556,9.0355E-5
47557,5.4452E-5
47558,9.8431E-5
47559,7.9358E-5
47560,8.77E-5
47561,1.01222E-4
47562,7.6053E-5
47563,1.00631E-4
47564,7.4547E-5
47565,9.9326E-5
47566,7.5702E-5
47567,9.8851E-5
47568,1.24049E-4
47569,7.3825E-5
47570,9.9553E-5
47571,1.0127E-4
47572,1.11091E-4
47573,9.5081E-5
47574,8.0492E-5
47575,6.1375E-5
47576,8.9469E-5
47577,9.1923E-5
47578,1.21717E-4
47579,1.06818E-4
47580,9.0074E-5
47581,8.5521E-5
47582,9.3774E-5
47583,9.81E-5
47584,7.077E-5
47585,7.9276E-5
47586,7.1426E-5
47587,1.05704E-4
47588,1.18815E-4
47589,9.4565E-5
47590,6.6832E-5
47591,1.02502E-4
47592,1.03454E-4
47593,6.6937E-5
47594,1.08224E-4
47595,9.1627E-5
47596,6.9426E-5
47597,1.06517E-4
47598,9.7183E-5
47599,1.10323E-4
47600,1.09277E-4
47601,8.2725E-5
47602,8.2235E-5
47603,1.29649E-4
47604,1.16806E-4
47605,8.0163E-5
47606,1.00513E-4
47607,1.36156E-4
47608,1.10865E-4
47609,9.2597E-5
47610,1.07808E-4
47611,4.564E-5
47612,8.6576E-5
47613,1.14237E-4
47614,9.6786E-5
47615,1.02303E-4
47616,0.00510184
47617,9.6787E-5
47618,8.6338E-5
47619,8.2362E-5
47620,4.935E-5
47621,8.8626E-5
47622,1.23043E-4
47623,8.2307E-5
47624,1.12573E-4
47625,8.146E-5
47626,9.3981E-5
47627,6.3901E-5
47628,1.0087E-4
47629,1.00624E-4
47630,1.24511E-4
47631,7.4163E-5
47632,1.15874E-4
47633,7.6792E-5
47634,1.10485E-4
47635,1.13853E-4
47636,9.955E-5
47637,9.9353E-5
47638,1.08616E-4
47639,7.0475E-5
47640,9.3962E-5
47641,9.611E-5
47642,4.0616E-5
47643,1.32042E-4
47644,9.0056E-5
47645,6.4628E-5
47646,1.28745E-4
47647,8.4509E-5
47648,1.09858E-4
47649,8.7556E-5
47650,1.16789E-4
47651,1.24256E-4
47652,1.14502E-4
47653,1.24243E-4
47654,9.9326E-5
47655,6.3071E-5
47656,1.01493E-4
47657,8.8292E-5
47658,1.35131E-4
47659,1.15622E-4
47660,9.6103E-5
47661,1.08294E-4
47662,8.7067E-5
47663,1.09494E-4
47664,7.2824E-5
47665,8.2917E-5
47666,1.16064E-4
47667,1.32641E-4
47668,1.3227E-4
47669,1.01786E-4
47670,1.01542E-4
47671,1.06459E-4
47672,1.09116E-4
47673,8.3141E-5
47674,7.8144E-5
47675,9.6881E-5
47676,6.7966E-5
47677,9.7436E-5
47678,9.1346E-5
47679,1.0709E-4
47680,8.3225E-5
47681,1.01273E-4
47682,8.2947E-5
47683,6.861E-5
47684,1.10735E-4
47685,1.18167E-4
47686,1.03925E-4
47687,1.03635E-4
47688,8.6917E-5
47689,1.06547E-4
47690,7.7367E-5
47691,1.11549E-4
47692,7.7444E-5
47693,9.0803E-5
47694,1.04434E-4
47695,8.1871E-5
47696,1.01709E-4
47697,9.1304E-5
47698,1.20798E-4
47699,9.5277E-5
47700,8.9278E-5
47701,8.2319E-5
47702,8.7654E-5
47703,9.8513E-5
47704,9.0485E-5
47705,1.15311E-4
47706,9.2953E-5
47707,6.6084E-5
47708,1.04375E-4
47709,1.18667E-4
47710,4.9252E-5
47711,8.1198E-5
47712,4.6269E-5
47713,1.05554E-4
47714,8.1184E-5
47715,9.6069E-5
47716,1.0588E-4
47717,7.4275E-5
47718,7.868E-5
47719,1.00672E-4
47720,7.6092E-5
47721,7.8269E-5
47722,8.9362E-5
47723,1.08966E-4
47724,9.5791E-5
47725,7.4255E-5
47726,5.3906E-5
47727,1.04401E-4
47728,7.4955E-5
47729,8.9042E-5
47730,1.0608E-4
47731,7.8913E-5
47732,6.3E-5
47733,9.7337E-5
47734,8.81E-5
47735,8.8627E-5
47736,1.10814E-4
47737,1.1077E-4
47738,8.9256E-5
47739,1.0234E-4
47740,7.162E-5
47741,6.7369E-5
47742,9.4719E-5
47743,9.8135E-5
47744,7.262E-5
47745,1.07596E-4
47746,9.5644E-5
47747,6.7085E-5
47748,8.8062E-5
47749,7.0839E-5
47750,3.9008E-5
47751,8.5416E-5
47752,8.1699E-5
47753,8.2178E-5
47754,6.2062E-5
47755,5.3889E-5
47756,7.4499E-5
47757,1.05371E-4
47758,9.2982E-5
47759,6.9842E-5
47760,1.08876E-4
47761,8.7533E-5
47762,9.9468E-5
47763,9.5219E-5
47764,9.8904E-5
47765,1.12927E-4
47766,9.9366E-5
47767,9.3971E-5
47768,1.09626E-4
47769,1.01212E-4
47770,9.6221E-5
47771,1.10647E-4
47772,7.6738E-5
47773,1.10998E-4
47774,7.1142E-5
47775,1.10647E-4
47776,9.156E-5
47777,1.19253E-4
47778,8.7185E-5
47779,9.8373E-5
47780,8.2071E-5
47781,7.221E-5
47782,7.857E-5
47783,1.09476E-4
47784,7.2988E-5
47785,9.9695E-5
47786,7.6229E-5
47787,1.02094E-4
47788,1.12246E-4
47789,8.8253E-5
47790,1.01315E-4
47791,1.0584E-4
47792,9.915E-5
47793,1.05733E-4
47794,9.1764E-5
47795,9.392E-5
47796,9.0914E-5
47797,8.9914E-5
47798,1.0865E-4
47799,8.7641E-5
47800,1.03977E-4
47801,8.9721E-5
47802,7.9076E-5
47803,9.0028E-5
47804,1.02773E-4
47805,9.2844E-5
47806,9.7726E-5
47807,7.7483E-5
47808,8.9946E-5
47809,9.0272E-5
47810,1.1089E-4
47811,7.6117E-5
47812,7.3373E-5
47813,1.14956E-4
47814,8.676E-5
47815,8.8038E-5
47816,1.09968E-4
47817,1.05772E-4
47818,1.07763E-4
47819,1.08575E-4
47820,8.7153E-5
47821,8.0432E-5
47822,7.5984E-5
47823,1.15176E-4
47824,1.29935E-4
47825,1.02885E-4
47826,1.20804E-4
47827,1.11558E-4
47828,7.3694E-5
47829,6.4717E-5
47830,6.8316E-5
47831,7.787E-5
47832,1.09125E-4
47833,6.5865E-5
47834,8.4803E-5
47835,9.378E-5
47836,9.3272E-5
47837,6.709E-5
47838,1.31294E-4
47839,5.6266E-5
47840,1.3569E-4
47841,9.0637E-5
47842,1.13343E-4
47843,9.0689E-5
47844,1.02939E-4
47845,9.038E-5
47846,1.07079E-4
47847,7.7972E-5
47848,1.12824E-4
47849,1.01475E-4
47850,7.844E-5
47851,9.4935E-5
47852,1.15757E-4
47853,1.17039E-4
47854,8.8553E-5
47855,6.0348E-5
47856,1.20363E-4
47857,1.04222E-4
47858,1.11685E-4
47859,1.08426E-4
47860,7.0047E-5
47861,1.00263E-4
47862,1.13348E-4
47863,8.326E-5
47864,5.7618E-5
47865,9.4477E-5
47866,1.07457E-4
47867,1.0228E-4
47868,8.596E-5
47869,7.9419E-5
47870,1.17587E-4
47871,9.3048E-5
47872,9.7394E-5
47873,1.15653E-4
47874,9.0481E-5
47875,9.5188E-5
47876,1.3007E-4
47877,7.1317E-5
47878,1.05676E-4
47879,1.09836E-4
47880,9.0644E-5
47881,6.3786E-5
47882,1.13169E-4
47883,1.02253E-4
47884,1.13368E-4
47885,6.3916E-5
47886,7.8048E-5
47887,8.1652E-5
47888,1.07103E-4
47889,9.9599E-5
47890,8.074E-5
47891,6.5254E-5
47892,1.24622E-4
47893,7.0973E-5
47894,8.0629E-5
47895,6.6646E-5
47896,9.5014E-5
47897,9.7176E-5
47898,9.8776E-5
47899,1.00748E-4
47900,1.08664E-4
47901,9.5356E-5
47902,9.0415E-5
47903,9.1061E-5
47904,1.16153E-4
47905,7.5725E-5
47906,5.3605E-5
47907,1.1971E-4
47908,9.0135E-5
47909,9.2069E-5
47910,9.5457E-5
47911,1.02296E-4
47912,5.3029E-5
47913,1.02571E-4
47914,9.2969E-5
47915,5.66E-5
47916,7.5069E-5
47917,8.0441E-5
47918,8.8434E-5
47919,7.6573E-5
47920,1.01967E-4
47921,6.4457E-5
47922,7.6161E-5
47923,9.5038E-5
47924,8.5964E-5
47925,5.4773E-5
47926,1.02332E-4
47927,1.00203E-4
47928,8.9586E-5
47929,8.4041E-5
47930,1.01146E-4
47931,7.813E-5
47932,5.7497E-5
47933,1.14882E-4
47934,1.02713E-4
47935,1.07584E-4
47936,6.9319E-5
47937,1.19523E-4
47938,8.7805E-5
47939,1.18615E-4
47940,9.0742E-5
47941,8.2126E-5
47942,8.6751E-5
47943,8.1111E-5
47944,1.12143E-4
47945,9.4026E-5
47946,1.11451E-4
47947,1.08379E-4
47948,1.1636E-4
47949,7.4983E-5
47950,1.31106E-4
47951,8.9598E-5
47952,8.7352E-5
47953,1.01069E-4
47954,1.37084E-4
47955,6.6417E-5
47956,8.568E-5
47957,1.06197E-4
47958,1.1605E-4
47959,9.1615E-5
47960,1.30085E-4
47961,5.8543E-5
47962,9.2447E-5
47963,1.10063E-4
47964,4.3543E-5
47965,7.035E-5
47966,1.1176E-4
47967,8.9619E-5
47968,6.6215E-5
47969,1.04502E-4
47970,8.803E-5
47971,8.5813E-5
47972,8.7839E-5
47973,9.3907E-5
47974,8.2629E-5
47975,1.17953E-4
47976,9.7785E-5
47977,9.0491E-5
47978,9.3788E-5
47979,7.6931E-5
47980,7.2684E-5
47981,9.526E-5
47982,7.8296E-5
47983,1.08565E-4
47984,1.12948E-4
47985,7.6436E-5
47986,9.3463E-5
47987,8.6984E-5
47988,1.08618E-4
47989,7.9929E-5
47990,7.9464E-5
47991,7.2183E-5
47992,8.5777E-5
47993,7.3321E-5
47994,1.07149E-4
47995,9.5753E-5
47996,1.03494E-4
47997,9.1179E-5
47998,9.5013E-5
47999,9.5633E-5
48000,7.8917E-5
48001,1.02564E-4
48002,1.00384E-4
48003,1.26632E-4
48004,9.7938E-5
48005,8.8811E-5
48006,9.4495E-5
48007,7.3432E-5
48008,1.01253E-4
48009,9.5832E-5
48010,8.0257E-5
48011,8.6111E-5
48012,7.7675E-5
48013,1.13385E-4
48014,9.8957E-5
48015,9.1213E-5
48016,6.5946E-5
48017,6.8115E-5
48018,1.00672E-4
48019,1.08001E-4
48020,8.9873E-5
48021,6.5189E-5
48022,1.32519E-4
48023,9.2343E-5
48024,1.17518E-4
48025,1.08072E-4
48026,8.2394E-5
48027,1.19585E-4
48028,1.10728E-4
48029,1.07942E-4
48030,9.4048E-5
48031,6.8787E-5
48032,1.09008E-4
48033,8.7651E-5
48034,9.5051E-5
48035,9.1745E-5
48036,3.9113E-5
48037,1.20778E-4
48038,9.8415E-5
48039,9.9603E-5
48040,1.00307E-4
48041,7.7993E-5
48042,8.7691E-5
48043,1.13841E-4
48044,1.21205E-4
48045,9.6295E-5
48046,1.15357E-4
48047,1.0869E-4
48048,9.2161E-5
48049,1.03076E-4
48050,8.6483E-5
48051,8.9873E-5
48052,9.3359E-5
48053,1.12754E-4
48054,1.03913E-4
48055,1.08265E-4
48056,8.8031E-5
48057,1.06535E-4
48058,8.1648E-5
48059,5.7302E-5
48060,1.13725E-4
48061,7.9148E-5
48062,9.4775E-5
48063,8.1755E-5
48064,1.19897E-4
48065,7.7838E-5
48066,1.05669E-4
48067,9.3198E-5
48068,7.5355E-5
48069,6.8863E-5
48070,1.09934E-4
48071,1.05804E-4
48072,1.20776E-4
48073,9.8001E-5
48074,1.05739E-4
48075,1.1218E-4
48076,9.941E-5
48077,9.3705E-5
48078,1.15986E-4
48079,1.04464E-4
48080,1.13828E-4
48081,8.4445E-5
48082,1.15864E-4
48083,1.0428E-4
48084,1.24015E-4
48085,8.1339E-5
48086,9.2523E-5
48087,1.0031E-4
48088,1.11114E-4
48089,9.7977E-5
48090,1.06288E-4
48091,1.08211E-4
48092,1.06223E-4
48093,7.8935E-5
48094,9.3881E-5
48095,1.15919E-4
48096,1.03093E-4
48097,7.7614E-5
48098,1.19943E-4
48099,1.0753E-4
48100,1.19737E-4
48101,1.01592E-4
48102,8.9333E-5
48103,7.3727E-5
48104,7.8986E-5
48105,7.7087E-5
48106,8.7758E-5
48107,9.953E-5
48108,1.18846E-4
48109,8.4043E-5
48110,9.207E-5
48111,7.0893E-5
48112,7.3931E-5
48113,4.8291E-5
48114,8.7332E-5
48115,2.761E-5
48116,1.01195E-4
48117,9.9722E-5
48118,1.03579E-4
48119,1.16178E-4
48120,7.6126E-5
48121,1.01433E-4
48122,7.4039E-5
48123,8.331E-5
48124,8.515E-5
48125,8.0193E-5
48126,9.0658E-5
48127,1.02159E-4
48128,6.9403E-5
48129,9.9489E-5
48130,1.17799E-4
48131,8.1306E-5
48132,7.1691E-5
48133,1.19092E-4
48134,1.07979E-4
48135,9.1078E-5
48136,1.18146E-4
48137,1.09279E-4
48138,1.04074E-4
48139,1.17946E-4
48140,8.5519E-5
48141,9.3776E-5
48142,1.01845E-4
48143,1.12999E-4
48144,7.9102E-5
48145,1.0776E-4
48146,1.11139E-4
48147,8.7209E-5
48148,1.0336E-4
48149,9.5229E-5
48150,8.7564E-5
48151,7.7106E-5
48152,8.4774E-5
48153,7.0766E-5
48154,5.6986E-5
48155,1.10842E-4
48156,1.10701E-4
48157,9.6429E-5
48158,8.0203E-5
48159,8.5401E-5
48160,9.9656E-5
48161,7.0917E-5
48162,1.29872E-4
48163,7.1246E-5
48164,1.29447E-4
48165,9.1453E-5
48166,4.8869E-5
48167,8.7929E-5
48168,5.9771E-5
48169,9.1821E-5
48170,1.18033E-4
48171,1.00326E-4
48172,1.19121E-4
48173,8.4725E-5
48174,1.12128E-4
48175,1.05881E-4
48176,7.9421E-5
48177,1.06494E-4
48178,7.0351E-5
48179,6.6174E-5
48180,7.218E-5
48181,1.13208E-4
48182,1.30597E-4
48183,7.3685E-5
48184,6.392E-5
48185,1.34822E-4
48186,1.06625E-4
48187,1.16421E-4
48188,1.1148E-4
48189,1.04105E-4
48190,8.2784E-5
48191,8.8019E-5
48192,1.15971E-4
48193,8.2422E-5
48194,1.1385E-4
48195,9.421E-5
48196,1.03895E-4
48197,8.9957E-5
48198,9.3221E-5
48199,9.7437E-5
48200,1.10097E-4
48201,9.9787E-5
48202,9.2137E-5
48203,9.0405E-5
48204,9.6989E-5
48205,9.3534E-5
48206,6.9421E-5
48207,8.534E-5
48208,8.5703E-5
48209,1.25395E-4
48210,1.14874E-4
48211,9.0471E-5
48212,5.6321E-5
48213,8.3023E-5
48214,9.4906E-5
48215,9.7939E-5
48216,1.36173E-4
48217,9.25048E-4
48218,1.03382E-4
48219,5.934E-5
48220,8.8284E-5
48221,9.2774E-5
48222,7.021E-5
48223,1.31158E-4
48224,9.1525E-5
48225,1.19027E-4
48226,1.02869E-4
48227,8.2982E-5
48228,5.5844E-5
48229,9.5369E-5
48230,9.0314E-5
48231,1.20249E-4
48232,1.05539E-4
48233,1.08544E-4
48234,1.08628E-4
48235,1.10325E-4
48236,1.09075E-4
48237,1.14237E-4
48238,7.7957E-5
48239,9.2184E-5
48240,1.05153E-4
48241,6.9757E-5
48242,1.10201E-4
48243,1.10083E-4
48244,8.3656E-5
48245,9.3201E-5
48246,7.4081E-5
48247,1.2142E-4
48248,1.36089E-4
48249,1.33597E-4
48250,7.7572E-5
48251,5.3967E-5
48252,1.01224E-4
48253,9.4073E-5
48254,1.09505E-4
48255,9.6059E-5
48256,7.1928E-5
48257,7.7395E-5
48258,7.4462E-5
48259,1.05478E-4
48260,7.4744E-5
48261,8.9978E-5
48262,1.05568E-4
48263,7.0372E-5
48264,9.4243E-5
48265,9.7758E-5
48266,8.8379E-5
48267,1.07872E-4
48268,6.6089E-5
48269,1.50276E-4
48270,9.6969E-5
48271,1.02768E-4
48272,1.17315E-4
48273,8.2346E-5
48274,8.9629E-5
48275,1.32586E-4
48276,9.1575E-5
48277,9.6322E-5
48278,1.15134E-4
48279,1.08382E-4
48280,1.02711E-4
48281,1.28755E-4
48282,8.6568E-5
48283,9.01E-5
48284,1.0264E-4
48285,9.4024E-5
48286,5.0353E-5
48287,9.3526E-5
48288,9.2242E-5
48289,8.6601E-5
48290,1.13371E-4
48291,1.01399E-4
48292,1.11447E-4
48293,1.19313E-4
48294,8.2046E-5
48295,1.05645E-4
48296,1.04339E-4
48297,8.8987E-5
48298,1.28869E-4
48299,7.7567E-5
48300,8.6754E-5
48301,3.8914E-5
48302,9.5043E-5
48303,2.13251E-4
48304,8.8551E-5
48305,9.5375E-5
48306,1.04864E-4
48307,9.4637E-5
48308,8.0102E-5
48309,9.5972E-5
48310,6.677E-5
48311,1.14303E-4
48312,7.5791E-5
48313,1.31334E-4
48314,8.6716E-5
48315,9.3213E-5
48316,1.09262E-4
48317,9.5496E-5
48318,9.012E-5
48319,7.9184E-5
48320,8.9245E-5
48321,9.5173E-5
48322,9.7559E-5
48323,8.6242E-5
48324,1.16461E-4
48325,1.01687E-4
48326,8.873E-5
48327,1.08917E-4
48328,9.0733E-5
48329,1.10439E-4
48330,8.2659E-5
48331,7.7493E-5
48332,9.4959E-5
48333,9.2758E-5
48334,1.11013E-4
48335,8.5794E-5
48336,1.07938E-4
48337,1.17714E-4
48338,1.11262E-4
48339,8.7418E-5
48340,9.645E-5
48341,9.3239E-5
48342,9.1769E-5
48343,9.6101E-5
48344,9.009E-5
48345,9.8375E-5
48346,1.13565E-4
48347,9.1373E-5
48348,1.19507E-4
48349,4.2787E-5
48350,1.19256E-4
48351,1.06078E-4
48352,8.8915E-5
48353,6.3979E-5
48354,8.3924E-5
48355,9.0468E-5
48356,1.29461E-4
48357,9.7772E-5
48358,8.3567E-5
48359,9.3396E-5
48360,1.29673E-4
48361,1.146E-4
48362,1.13806E-4
48363,7.2278E-5
48364,9.5805E-5
48365,1.10102E-4
48366,1.23972E-4
48367,1.04756E-4
48368,1.08863E-4
48369,8.7472E-5
48370,7.9568E-5
48371,7.4505E-5
48372,1.10402E-4
48373,1.15283E-4
48374,6.6603E-5
48375,9.0313E-5
48376,8.5987E-5
48377,5.3119E-5
48378,8.0228E-5
48379,9.0518E-5
48380,1.00381E-4
48381,9.653E-5
48382,1.32837E-4
48383,1.06497E-4
48384,1.06649E-4
48385,6.2493E-5
48386,7.6902E-5
48387,7.1882E-5
48388,9.9641E-5
48389,1.18113E-4
48390,7.6036E-5
48391,1.16147E-4
48392,1.07111E-4
48393,0.001645975
48394,9.4861E-5
48395,7.1499E-5
48396,9.668E-5
48397,1.05214E-4
48398,7.8793E-5
48399,8.041E-5
48400,9.1166E-5
48401,7.5933E-5
48402,1.1717E-4
48403,1.19077E-4
48404,9.1769E-5
48405,1.12481E-4
48406,1.04313E-4
48407,9.3821E-5
48408,1.18471E-4
48409,9.3813E-5
48410,6.5148E-5
48411,8.2122E-5
48412,9.5648E-5
48413,6.026E-5
48414,1.02686E-4
48415,1.02443E-4
48416,1.23857E-4
48417,8.4062E-5
48418,1.19185E-4
48419,9.3597E-5
48420,9.126E-5
48421,1.10662E-4
48422,1.13331E-4
48423,7.2394E-5
48424,9.8307E-5
48425,9.3287E-5
48426,9.6959E-5
48427,7.9936E-5
48428,1.18062E-4
48429,8.5593E-5
48430,1.10815E-4
48431,9.4328E-5
48432,1.03897E-4
48433,9.1117E-5
48434,1.10815E-4
48435,6.7944E-5
48436,9.0873E-5
48437,1.03072E-4
48438,5.5342E-5
48439,0.002016023
48440,8.5798E-5
48441,1.01566E-4
48442,1.05751E-4
48443,1.18395E-4
48444,7.8623E-5
48445,6.2678E-5
48446,1.00399E-4
48447,7.5776E-5
48448,7.3547E-5
48449,1.05845E-4
48450,1.15709E-4
48451,1.00709E-4
48452,9.2028E-5
48453,1.16075E-4
48454,9.5471E-5
48455,9.1725E-5
48456,7.6999E-5
48457,7.0622E-5
48458,9.5022E-5
48459,1.09683E-4
48460,1.17269E-4
48461,1.02809E-4
48462,1.07372E-4
48463,9.1293E-5
48464,9.8317E-5
48465,9.7721E-5
48466,1.02003E-4
48467,8.8474E-5
48468,5.4899E-5
48469,9.7786E-5
48470,9.0248E-5
48471,1.0764E-4
48472,7.0814E-5
48473,7.2244E-5
48474,1.12528E-4
48475,9.1709E-5
48476,9.0003E-5
48477,9.0415E-5
48478,9.3054E-5
48479,1.13067E-4
48480,7.2039E-5
48481,9.6492E-5
48482,9.7865E-5
48483,9.8132E-5
48484,9.7734E-5
48485,1.20244E-4
48486,6.9549E-5
48487,8.7927E-5
48488,6.5189E-5
48489,7.7585E-5
48490,1.01929E-4
48491,8.1748E-5
48492,9.2129E-5
48493,1.08861E-4
48494,1.02557E-4
48495,8.6607E-5
48496,1.17697E-4
48497,1.24388E-4
48498,1.06311E-4
48499,8.8288E-5
48500,9.4587E-5
48501,6.4904E-5
48502,1.02611E-4
48503,9.5855E-5
48504,9.9651E-5
48505,1.14465E-4
48506,9.673E-5
48507,1.01809E-4
48508,8.2416E-5
48509,9.8436E-5
48510,9.6328E-5
48511,1.19114E-4
48512,7.3181E-5
48513,1.00248E-4
48514,1.06949E-4
48515,1.47118E-4
48516,7.7563E-5
48517,1.19341E-4
48518,1.19107E-4
48519,7.7441E-5
48520,1.00378E-4
48521,9.1887E-5
48522,9.2314E-5
48523,6.5216E-5
48524,5.5135E-5
48525,8.9985E-5
48526,9.5387E-5
48527,1.10277E-4
48528,1.07144E-4
48529,1.14405E-4
48530,9.5922E-5
48531,7.0906E-5
48532,1.00979E-4
48533,1.14168E-4
48534,6.5833E-5
48535,7.108E-5
48536,1.10634E-4
48537,7.0196E-5
48538,4.2236E-5
48539,1.10309E-4
48540,9.1028E-5
48541,0.001526367
48542,8.7927E-5
48543,8.2048E-5
48544,1.18502E-4
48545,1.16281E-4
48546,1.07476E-4
48547,1.1234E-4
48548,1.11033E-4
48549,8.924E-5
48550,9.4198E-5
48551,9.5094E-5
48552,9.1279E-5
48553,1.09266E-4
48554,1.06032E-4
48555,9.7979E-5
48556,9.1263E-5
48557,7.8178E-5
48558,8.5579E-5
48559,9.9686E-5
48560,1.17077E-4
48561,9.6271E-5
48562,1.06995E-4
48563,1.25388E-4
48564,1.2938E-4
48565,8.6525E-5
48566,1.02713E-4
48567,8.1747E-5
48568,7.1763E-5
48569,1.32206E-4
48570,8.984E-5
48571,1.11456E-4
48572,1.10174E-4
48573,1.08345E-4
48574,9.6157E-5
48575,7.5462E-5
48576,8.5298E-5
48577,7.5929E-5
48578,6.6194E-5
48579,7.2935E-5
48580,1.12605E-4
48581,8.3701E-5
48582,1.07918E-4
48583,1.20569E-4
48584,1.27284E-4
48585,8.9262E-5
48586,1.10831E-4
48587,7.6164E-5
48588,5.5007E-5
48589,8.0829E-5
48590,7.4571E-5
48591,8.1644E-5
48592,7.6943E-5
48593,1.16209E-4
48594,1.17448E-4
48595,9.2095E-5
48596,7.646E-5
48597,1.11287E-4
48598,1.03699E-4
48599,8.2773E-5
48600,9.9786E-5
48601,8.0238E-5
48602,1.25142E-4
48603,7.9232E-5
48604,1.04498E-4
48605,1.06071E-4
48606,1.00269E-4
48607,1.01083E-4
48608,9.7122E-5
48609,1.2559E-4
48610,1.00663E-4
48611,9.0872E-5
48612,1.13273E-4
48613,7.7422E-5
48614,5.6328E-5
48615,9.625E-5
48616,1.03867E-4
48617,9.6198E-5
48618,8.1E-5
48619,7.8071E-5
48620,8.9094E-5
48621,1.28721E-4
48622,1.12431E-4
48623,9.4519E-5
48624,6.5553E-5
48625,1.16033E-4
48626,1.08603E-4
48627,1.28637E-4
48628,1.29139E-4
48629,1.00113E-4
48630,9.4438E-5
48631,1.15086E-4
48632,9.7453E-5
48633,8.3432E-5
48634,9.1926E-5
48635,1.09482E-4
48636,7.98E-5
48637,1.15517E-4
48638,8.6621E-5
48639,1.01286E-4
48640,1.29103E-4
48641,1.31991E-4
48642,1.04682E-4
48643,9.423E-5
48644,9.9935E-5
48645,9.8326E-5
48646,1.30442E-4
48647,8.6039E-5
48648,1.20562E-4
48649,9.9027E-5
48650,1.10054E-4
48651,1.02371E-4
48652,9.5488E-5
48653,1.08943E-4
48654,1.02193E-4
48655,1.00526E-4
48656,1.1483E-4
48657,8.0901E-5
48658,8.2465E-5
48659,5.3889E-5
48660,6.0065E-5
48661,7.7889E-5
48662,9.5739E-5
48663,9.3326E-5
48664,8.5167E-5
48665,1.09734E-4
48666,8.8503E-5
48667,1.04459E-4
48668,9.9071E-5
48669,1.10495E-4
48670,8.6732E-5
48671,1.07262E-4
48672,1.15748E-4
48673,7.0592E-5
48674,1.02204E-4
48675,8.4108E-5
48676,7.9402E-5
48677,1.18178E-4
48678,1.36141E-4
48679,7.0268E-5
48680,9.7863E-5
48681,1.09001E-4
48682,9.632E-5
48683,1.1802E-4
48684,9.8847E-5
48685,1.20185E-4
48686,1.03216E-4
48687,9.542E-5
48688,1.17471E-4
48689,8.8393E-5
48690,7.1399E-5
48691,9.4541E-5
48692,1.00049E-4
48693,1.09158E-4
48694,1.23411E-4
48695,7.9363E-5
48696,8.3644E-5
48697,8.5699E-5
48698,1.2377E-4
48699,9.2505E-5
48700,1.04312E-4
48701,7.5658E-5
48702,9.0473E-5
48703,9.6169E-5
48704,8.7065E-5
48705,1.00356E-4
48706,1.10564E-4
48707,9.8092E-5
48708,1.20129E-4
48709,6.7574E-5
48710,8.0453E-5
48711,5.1318E-5
48712,8.7818E-5
48713,1.08855E-4
48714,1.17596E-4
48715,0.001695676
48716,1.13351E-4
48717,1.20432E-4
48718,1.29951E-4
48719,4.2909E-5
48720,1.21552E-4
48721,6.4079E-5
48722,9.192E-5
48723,1.29039E-4
48724,1.01781E-4
48725,1.13416E-4
48726,9.5575E-5
48727,1.25026E-4
48728,7.4729E-5
48729,1.11453E-4
48730,6.8424E-5
48731,9.1435E-5
48732,8.922E-5
48733,6.9635E-5
48734,1.06311E-4
48735,1.12537E-4
48736,7.5071E-5
48737,1.16484E-4
48738,7.4723E-5
48739,1.02076E-4
48740,1.22783E-4
48741,1.07157E-4
48742,1.16354E-4
48743,8.4374E-5
48744,9.1845E-5
48745,1.19321E-4
48746,8.1467E-5
48747,9.819E-5
48748,7.5046E-5
48749,7.4848E-5
48750,1.18963E-4
48751,9.6977E-5
48752,9.8411E-5
48753,1.1672E-4
48754,1.18274E-4
48755,1.03951E-4
48756,1.25443E-4
48757,9.4105E-5
48758,1.05508E-4
48759,1.03351E-4
48760,1.18699E-4
48761,9.5466E-5
48762,3.022E-5
48763,9.4328E-5
48764,8.6499E-5
48765,1.10087E-4
48766,9.5017E-5
48767,9.4131E-5
48768,1.04504E-4
48769,1.00297E-4
48770,1.00528E-4
48771,9.4326E-5
48772,0.001480514
48773,1.39541E-4
48774,1.21782E-4
48775,9.7295E-5
48776,1.07686E-4
48777,1.03463E-4
48778,1.05741E-4
48779,1.31396E-4
48780,9.7349E-5
48781,8.7742E-5
48782,9.933E-5
48783,1.13313E-4
48784,1.07518E-4
48785,0.016096
48786,0.063977541
48787,9.471E-5
48788,9.0659E-5
48789,7.9968E-5
48790,9.7307E-5
48791,7.7817E-5
48792,8.6782E-5
48793,9.6797E-5
48794,9.273E-5
48795,7.8206E-5
48796,1.02888E-4
48797,9.7261E-5
48798,9.5825E-5
48799,1.1256E-4
48800,5.5198E-5
48801,9.1932E-5
48802,5.626E-5
48803,1.32313E-4
48804,9.3446E-5
48805,8.0192E-5
48806,9.5185E-5
48807,1.07364E-4
48808,9.7228E-5
48809,1.08078E-4
48810,1.21187E-4
48811,1.15496E-4
48812,8.5091E-5
48813,1.05374E-4
48814,1.1208E-4
48815,1.06985E-4
48816,9.6255E-5
48817,8.1167E-5
48818,6.6825E-5
48819,1.28539E-4
48820,1.2291E-4
48821,9.3475E-5
48822,1.12154E-4
48823,9.7884E-5
48824,1.33815E-4
48825,1.30153E-4
48826,9.9795E-5
48827,8.9743E-5
48828,1.00744E-4
48829,1.19121E-4
48830,1.22324E-4
48831,9.6839E-5
48832,1.18405E-4
48833,1.13696E-4
48834,1.19243E-4
48835,8.8359E-5
48836,1.00505E-4
48837,9.8753E-5
48838,8.6257E-5
48839,1.02251E-4
48840,1.25219E-4
48841,7.093E-5
48842,1.08392E-4
48843,1.00307E-4
48844,8.5696E-5
48845,7.8493E-5
48846,0.003948154
48847,1.30122E-4
48848,1.06988E-4
48849,1.16367E-4
48850,9.7593E-5
48851,9.1618E-5
48852,6.115E-5
48853,1.1329E-4
48854,1.10007E-4
48855,5.5333E-5
48856,1.1685E-4
48857,9.8096E-5
48858,1.1473E-4
48859,9.9735E-5
48860,5.5567E-5
48861,1.09724E-4
48862,1.10635E-4
48863,1.11519E-4
48864,9.5451E-5
48865,9.5794E-5
48866,1.02155E-4
48867,9.5812E-5
48868,9.2789E-5
48869,6.3553E-5
48870,1.15136E-4
48871,9.1131E-5
48872,1.06731E-4
48873,1.24711E-4
48874,9.9717E-5
48875,8.6962E-5
48876,9.479E-5
48877,1.26227E-4
48878,8.8453E-5
48879,8.4637E-5
48880,7.6413E-5
48881,8.25E-5
48882,1.12253E-4
48883,8.9975E-5
48884,1.29772E-4
48885,7.0728E-5
48886,8.1353E-5
48887,8.5808E-5
48888,9.6036E-5
48889,8.9409E-5
48890,8.8842E-5
48891,1.31508E-4
48892,9.0711E-5
48893,1.03849E-4
48894,7.7869E-5
48895,7.9358E-5
48896,8.7768E-5
48897,6.8994E-5
48898,9.9774E-5
48899,1.10988E-4
48900,9.9592E-5
48901,6.4396E-5
48902,7.4403E-5
48903,7.7757E-5
48904,1.14235E-4
48905,1.20381E-4
48906,1.06478E-4
48907,1.22256E-4
48908,9.2934E-5
48909,1.05564E-4
48910,1.29128E-4
48911,1.05206E-4
48912,1.08179E-4
48913,1.08385E-4
48914,8.1538E-5
48915,9.4471E-5
48916,1.2166E-4
48917,8.1825E-5
48918,1.05067E-4
48919,7.561E-5
48920,9.3405E-5
48921,1.0E-4
48922,1.35102E-4
48923,5.9445E-5
48924,6.9199E-5
48925,1.08358E-4
48926,7.6958E-5
48927,6.545E-5
48928,9.971E-5
48929,1.06964E-4
48930,1.26346E-4
48931,8.541E-5
48932,7.8572E-5
48933,1.08499E-4
48934,5.592E-5
48935,1.1642E-4
48936,1.15175E-4
48937,9.9427E-5
48938,9.2849E-5
48939,1.10945E-4
48940,9.3512E-5
48941,7.6894E-5
48942,9.3989E-5
48943,9.3157E-5
48944,1.20628E-4
48945,1.00264E-4
48946,1.05693E-4
48947,9.6733E-5
48948,1.06794E-4
48949,1.16691E-4
48950,9.9951E-5
48951,8.52E-5
48952,6.7677E-5
48953,1.33941E-4
48954,1.05095E-4
48955,1.00764E-4
48956,7.0327E-5
48957,1.06746E-4
48958,9.0764E-5
48959,1.21435E-4
48960,9.8977E-5
48961,1.10537E-4
48962,9.4788E-5
48963,1.15508E-4
48964,6.5569E-5
48965,9.5741E-5
48966,9.9114E-5
48967,8.7643E-5
48968,1.10376E-4
48969,1.14946E-4
48970,1.03279E-4
48971,1.22764E-4
48972,6.6582E-5
48973,1.18872E-4
48974,8.8664E-5
48975,7.9755E-5
48976,1.00886E-4
48977,9.6636E-5
48978,1.10795E-4
48979,1.08891E-4
48980,8.7358E-5
48981,1.11415E-4
48982,1.24504E-4
48983,8.3596E-5
48984,8.9504E-5
48985,7.1072E-5
48986,8.7179E-5
48987,7.6136E-5
48988,7.1036E-5
48989,9.9381E-5
48990,1.1723E-4
48991,9.8837E-5
48992,7.8273E-5
48993,7.6189E-5
48994,6.582E-5
48995,1.528587668
48996,5.4717E-5
48997,1.1675E-4
48998,8.6205E-5
48999,1.05877E-4
49000,7.3813E-5
49001,1.16888E-4
49002,8.41E-5
49003,7.7541E-5
49004,7.8318E-5
49005,1.0432E-4
49006,8.6754E-5
49007,9.1737E-5
49008,8.6484E-5
49009,1.15738E-4
49010,1.00716E-4
49011,1.05504E-4
49012,9.759E-5
49013,1.26807E-4
49014,7.4562E-5
49015,1.19316E-4
49016,8.5866E-5
49017,9.389E-5
49018,7.7413E-5
49019,9.1844E-5
49020,1.0284E-4
49021,7.5364E-5
49022,1.02153E-4
49023,1.19175E-4
49024,1.17266E-4
49025,7.9812E-5
49026,8.3567E-5
49027,1.02893E-4
49028,1.01884E-4
49029,1.11106E-4
49030,1.21817E-4
49031,1.03707E-4
49032,1.02635E-4
49033,1.09494E-4
49034,1.20438E-4
49035,1.02588E-4
49036,8.6437E-5
49037,1.04428E-4
49038,8.6492E-5
49039,1.24731E-4
49040,9.2328E-5
49041,1.03776E-4
49042,9.5484E-5
49043,8.9408E-5
49044,1.02026E-4
49045,1.16223E-4
49046,1.04566E-4
49047,5.235E-5
49048,1.04921E-4
49049,8.9243E-5
49050,7.7622E-5
49051,9.5918E-5
49052,1.05761E-4
49053,8.8717E-5
49054,9.6257E-5
49055,1.10694E-4
49056,1.0422E-4
49057,9.5759E-5
49058,8.6546E-5
49059,1.15373E-4
49060,1.12198E-4
49061,1.01709E-4
49062,8.1875E-5
49063,7.0089E-5
49064,9.5302E-5
49065,1.06329E-4
49066,1.08309E-4
49067,6.6981E-5
49068,9.2621E-5
49069,8.3363E-5
49070,7.2823E-5
49071,9.686E-5
49072,9.3508E-5
49073,6.4608E-5
49074,1.02972E-4
49075,1.13017E-4
49076,1.12393E-4
49077,1.21286E-4
49078,1.02704E-4
49079,9.6675E-5
49080,1.11268E-4
49081,8.9624E-5
49082,1.01518E-4
49083,1.16068E-4
49084,1.28047E-4
49085,1.09086E-4
49086,8.1972E-5
49087,1.05489E-4
49088,1.04392E-4
49089,9.6585E-5
49090,9.8691E-5
49091,1.09347E-4
49092,1.17002E-4
49093,1.1033E-4
49094,0.00529953
49095,8.398E-5
49096,9.7222E-5
49097,1.09174E-4
49098,1.07323E-4
49099,1.14323E-4
49100,1.02519E-4
49101,1.09777E-4
49102,8.2736E-5
49103,8.571E-5
49104,7.8144E-5
49105,1.15894E-4
49106,9.5205E-5
49107,1.14228E-4
49108,1.20621E-4
49109,1.11494E-4
49110,3.5507E-5
49111,1.10078E-4
49112,1.09155E-4
49113,1.21726E-4
49114,9.7423E-5
49115,6.5589E-5
49116,9.0094E-5
49117,1.23394E-4
49118,1.0617E-4
49119,1.27709E-4
49120,1.01628E-4
49121,6.4601E-5
49122,9.7697E-5
49123,9.4955E-5
49124,5.4518E-5
49125,7.434E-5
49126,1.06349E-4
49127,1.39623E-4
49128,7.751E-5
49129,9.2573E-5
49130,1.05438E-4
49131,9.3997E-5
49132,1.09949E-4
49133,1.12831E-4
49134,7.9334E-5
49135,8.1684E-5
49136,1.16732E-4
49137,5.8065E-5
49138,6.3845E-5
49139,9.8131E-5
49140,1.04137E-4
49141,8.7704E-5
49142,8.8201E-5
49143,1.21033E-4
49144,8.5707E-5
49145,9.8796E-5
49146,1.13491E-4
49147,8.66E-5
49148,1.01677E-4
49149,9.9978E-5
49150,8.9506E-5
49151,4.3318E-5
49152,8.673E-5
49153,9.7348E-5
49154,9.8595E-5
49155,8.6217E-5
49156,1.00867E-4
49157,1.08527E-4
49158,1.08861E-4
49159,1.06062E-4
49160,9.9462E-5
49161,1.08244E-4
49162,1.1301E-4
49163,9.0817E-5
49164,1.20651E-4
49165,9.3731E-5
49166,1.03804E-4
49167,8.8388E-5
49168,9.0474E-5
49169,9.8292E-5
49170,7.3649E-5
49171,7.1901E-5
49172,9.9266E-5
49173,6.7959E-5
49174,7.1244E-5
49175,3.8845E-5
49176,1.20094E-4
49177,0.001267492
49178,5.5532E-5
49179,9.9826E-5
49180,8.9333E-5
49181,1.06665E-4
49182,9.9186E-5
49183,1.13942E-4
49184,9.9503E-5
49185,1.16609E-4
49186,5.6825E-5
49187,9.2745E-5
49188,1.4319E-4
49189,1.03369E-4
49190,6.8563E-5
49191,6.3325E-5
49192,1.27094E-4
49193,9.5004E-5
49194,1.30133E-4
49195,1.18027E-4
49196,1.00421E-4
49197,7.0222E-5
49198,9.4227E-5
49199,7.1283E-5
49200,7.8862E-5
49201,8.5277E-5
49202,1.17111E-4
49203,1.08388E-4
49204,8.5711E-5
49205,9.9516E-5
49206,1.1583E-4
49207,9.6554E-5
49208,9.4312E-5
49209,9.22E-5
49210,1.03954E-4
49211,9.3217E-5
49212,7.5534E-5
49213,6.9427E-5
49214,1.05149E-4
49215,9.3604E-5
49216,1.00167E-4
49217,1.11974E-4
49218,9.1522E-5
49219,9.162E-5
49220,1.15414E-4
49221,9.7956E-5
49222,1.07965E-4
49223,9.0496E-5
49224,5.6228E-5
49225,1.06402E-4
49226,1.23661E-4
49227,1.30377E-4
49228,7.8602E-5
49229,9.8022E-5
49230,9.0977E-5
49231,9.4077E-5
49232,8.936E-5
49233,7.8898E-5
49234,7.9955E-5
49235,8.66E-5
49236,7.4004E-5
49237,9.9194E-5
49238,9.8144E-5
49239,9.6093E-5
49240,1.22188E-4
49241,8.9985E-5
49242,1.13403E-4
49243,1.08911E-4
49244,9.5561E-5
49245,9.6626E-5
49246,8.416E-5
49247,9.5305E-5
49248,9.9452E-5
49249,1.15516E-4
49250,9.0259E-5
49251,7.749E-5
49252,6.4141E-5
49253,1.29062E-4
49254,9.7181E-5
49255,1.01042E-4
49256,8.9513E-5
49257,9.3683E-5
49258,9.1428E-5
49259,1.19553E-4
49260,1.05079E-4
49261,1.02715E-4
49262,1.03096E-4
49263,8.919E-5
49264,1.0102E-4
49265,6.3674E-5
49266,1.09239E-4
49267,1.16362E-4
49268,1.01769E-4
49269,8.8145E-5
49270,1.2535E-4
49271,1.10759E-4
49272,1.1329E-4
49273,1.05388E-4
49274,1.14271E-4
49275,1.16098E-4
49276,9.5061E-5
49277,9.3494E-5
49278,1.30217E-4
49279,7.6825E-5
49280,9.9531E-5
49281,8.1942E-5
49282,9.678E-5
49283,1.03266E-4
49284,1.06709E-4
49285,7.7812E-5
49286,1.13283E-4
49287,1.02915E-4
49288,8.9806E-5
49289,1.02038E-4
49290,6.71E-5
49291,6.9875E-5
49292,3.8701E-5
49293,1.01168E-4
49294,1.05437E-4
49295,8.7357E-5
49296,9.9802E-5
49297,1.17161E-4
49298,1.07837E-4
49299,8.701E-5
49300,1.2048E-4
49301,8.8646E-5
49302,6.8877E-5
49303,8.3412E-5
49304,9.1137E-5
49305,1.10226E-4
49306,6.5891E-5
49307,1.02624E-4
49308,1.08441E-4
49309,8.3358E-5
49310,5.1152E-5
49311,8.8695E-5
49312,1.20233E-4
49313,1.31537E-4
49314,9.5482E-5
49315,8.2254E-5
49316,1.15311E-4
49317,6.4896E-5
49318,1.20524E-4
49319,1.06492E-4
49320,8.2666E-5
49321,1.07838E-4
49322,2.1801E-4
49323,1.12923E-4
49324,1.18935E-4
49325,6.5762E-5
49326,8.5043E-5
49327,6.9538E-5
49328,1.09677E-4
49329,1.10264E-4
49330,7.1544E-5
49331,9.1484E-5
49332,1.04247E-4
49333,1.20508E-4
49334,1.22528E-4
49335,1.06403E-4
49336,7.5913E-5
49337,9.4621E-5
49338,8.7858E-5
49339,9.5795E-5
49340,9.8447E-5
49341,8.3827E-5
49342,7.5533E-5
49343,8.9769E-5
49344,8.3786E-5
49345,7.8718E-5
49346,1.02303E-4
49347,1.09303E-4
49348,9.7074E-5
49349,9.4453E-5
49350,1.20755E-4
49351,5.3471E-5
49352,1.06072E-4
49353,1.07854E-4
49354,1.07557E-4
49355,7.8423E-5
49356,1.17847E-4
49357,1.01009E-4
49358,1.24723E-4
49359,1.06432E-4
49360,1.19005E-4
49361,1.08523E-4
49362,1.12884E-4
49363,8.6604E-5
49364,1.07794E-4
49365,1.05703E-4
49366,9.4406E-5
49367,1.03038E-4
49368,8.9276E-5
49369,1.12179E-4
49370,9.0346E-5
49371,7.9127E-5
49372,8.5592E-5
49373,1.0431E-4
49374,1.17723E-4
49375,8.5779E-5
49376,1.00496E-4
49377,9.3471E-5
49378,8.0194E-5
49379,7.2861E-5
49380,1.01832E-4
49381,1.30667E-4
49382,8.9122E-5
49383,8.3335E-5
49384,2.1054E-5
49385,6.7812E-5
49386,1.03945E-4
49387,1.13395E-4
49388,1.04852E-4
49389,8.6273E-5
49390,1.1652E-4
49391,1.17711E-4
49392,1.19049E-4
49393,1.05584E-4
49394,1.16071E-4
49395,9.1082E-5
49396,8.331E-5
49397,8.7566E-5
49398,1.18989E-4
49399,1.01229E-4
49400,6.5013E-5
49401,1.21816E-4
49402,9.0845E-5
49403,6.6614E-5
49404,8.3206E-5
49405,1.12553E-4
49406,8.7204E-5
49407,1.08208E-4
49408,1.04919E-4
49409,1.07631E-4
49410,9.708E-5
49411,8.8458E-5
49412,8.5539E-5
49413,8.3638E-5
49414,8.7399E-5
49415,9.8423E-5
49416,9.9171E-5
49417,1.23188E-4
49418,1.02086E-4
49419,1.00198E-4
49420,9.2077E-5
49421,1.08393E-4
49422,8.1205E-5
49423,8.1958E-5
49424,5.5986E-5
49425,1.18206E-4
49426,7.719E-5
49427,8.4093E-5
49428,5.7937E-5
49429,1.1396E-4
49430,7.5084E-5
49431,1.06855E-4
49432,6.8114E-5
49433,9.0102E-5
49434,9.9322E-5
49435,1.31365E-4
49436,9.9649E-5
49437,6.0574E-5
49438,1.1151E-4
49439,8.6325E-5
49440,1.01088E-4
49441,8.3358E-5
49442,8.0062E-5
49443,1.01799E-4
49444,1.1207E-4
49445,1.1482E-4
49446,1.01413E-4
49447,1.07063E-4
49448,8.92E-5
49449,9.0511E-5
49450,1.06787E-4
49451,8.3532E-5
49452,8.9171E-5
49453,1.19984E-4
49454,9.9995E-5
49455,9.0023E-5
49456,9.4717E-5
49457,1.29457E-4
49458,0.027067377
49459,8.5717E-5
49460,1.1024E-4
49461,9.6308E-5
49462,1.05916E-4
49463,9.0679E-5
49464,7.9067E-5
49465,7.0579E-5
49466,1.10435E-4
49467,1.28695E-4
49468,1.09922E-4
49469,9.7043E-5
49470,9.0019E-5
49471,8.5725E-5
49472,1.09471E-4
49473,4.712E-5
49474,1.06142E-4
49475,9.289E-5
49476,9.6318E-5
49477,9.9772E-5
49478,1.11459E-4
49479,1.24472E-4
49480,8.4842E-5
49481,1.03873E-4
49482,1.14545E-4
49483,1.28869E-4
49484,1.0793E-4
49485,1.0892E-4
49486,8.4712E-5
49487,1.27655E-4
49488,1.10212E-4
49489,6.6235E-5
49490,1.1052E-4
49491,8.9015E-5
49492,5.6816E-5
49493,6.6679E-5
49494,7.1047E-5
49495,9.7719E-5
49496,1.29604E-4
49497,8.4488E-5
49498,9.8638E-5
49499,1.2164E-4
49500,7.5347E-5
49501,1.01516E-4
49502,1.07675E-4
49503,7.8259E-5
49504,9.3738E-5
49505,1.11244E-4
49506,6.9875E-5
49507,9.3044E-5
49508,8.6471E-5
49509,8.8756E-5
49510,1.22126E-4
49511,1.05194E-4
49512,9.2941E-5
49513,8.8485E-5
49514,1.02301E-4
49515,8.3143E-5
49516,9.2752E-5
49517,1.13144E-4
49518,1.14024E-4
49519,1.02232E-4
49520,8.852E-5
49521,9.9785E-5
49522,9.3323E-5
49523,8.9419E-5
49524,1.29123E-4
49525,8.0944E-5
49526,7.9515E-5
49527,9.4232E-5
49528,7.1313E-5
49529,1.30978E-4
49530,1.2157E-4
49531,9.5067E-5
49532,1.14747E-4
49533,1.02095E-4
49534,1.03465E-4
49535,1.14911E-4
49536,8.4026E-5
49537,9.4191E-5
49538,9.4223E-5
49539,9.3583E-5
49540,1.34667E-4
49541,1.0367E-4
49542,1.10209E-4
49543,8.8258E-5
49544,1.05292E-4
49545,7.8168E-5
49546,9.1533E-5
49547,1.08464E-4
49548,1.00785E-4
49549,9.1225E-5
49550,8.0825E-5
49551,8.8832E-5
49552,9.3596E-5
49553,1.1087E-4
49554,8.3418E-5
49555,9.7861E-5
49556,1.24452E-4
49557,8.7176E-5
49558,9.0935E-5
49559,8.2527E-5
49560,8.1074E-5
49561,8.8689E-5
49562,1.00349E-4
49563,1.03996E-4
49564,1.09824E-4
49565,1.32115E-4
49566,8.5502E-5
49567,9.3417E-5
49568,9.7452E-5
49569,1.0274E-4
49570,1.14587E-4
49571,1.1479E-4
49572,1.16573E-4
49573,8.822E-5
49574,1.20246E-4
49575,1.28926E-4
49576,1.17294E-4
49577,1.13701E-4
49578,9.9361E-5
49579,9.7664E-5
49580,4.5686E-5
49581,8.6445E-5
49582,1.06574E-4
49583,8.7726E-5
49584,8.1799E-5
49585,8.0658E-5
49586,9.4546E-5
49587,1.15097E-4
49588,1.02292E-4
49589,1.06832E-4
49590,7.3795E-5
49591,1.18247E-4
49592,1.26997E-4
49593,1.06132E-4
49594,9.6297E-5
49595,9.9222E-5
49596,1.16727E-4
49597,9.9449E-5
49598,7.4871E-5
49599,9.2952E-5
49600,8.6972E-5
49601,7.5466E-5
49602,8.3524E-5
49603,1.00815E-4
49604,1.09059E-4
49605,1.10624E-4
49606,7.5415E-5
49607,9.6051E-5
49608,1.07942E-4
49609,5.7519E-5
49610,1.04419E-4
49611,9.0014E-5
49612,8.5365E-5
49613,9.3374E-5
49614,7.3023E-5
49615,9.9649E-5
49616,7.6123E-5
49617,6.5289E-5
49618,9.536E-5
49619,9.2687E-5
49620,1.04876E-4
49621,9.0018E-5
49622,3.2305E-5
49623,1.09853E-4
49624,9.0759E-5
49625,8.1006E-5
49626,1.07707E-4
49627,8.494E-5
49628,8.831E-5
49629,9.8671E-5
49630,1.05167E-4
49631,6.6001E-5
49632,9.8273E-5
49633,7.4141E-5
49634,9.5806E-5
49635,7.3366E-5
49636,1.16605E-4
49637,9.7349E-5
49638,1.20574E-4
49639,1.40579E-4
49640,1.23314E-4
49641,1.19636E-4
49642,1.24005E-4
49643,9.986E-5
49644,7.5307E-5
49645,6.855E-5
49646,8.3835E-5
49647,8.4025E-5
49648,9.7225E-5
49649,6.4765E-5
49650,9.476E-5
49651,1.0209E-4
49652,1.20746E-4
49653,6.7831E-5
49654,8.041E-5
49655,9.926E-5
49656,7.2166E-5
49657,8.1309E-5
49658,9.6756E-5
49659,8.8863E-5
49660,7.038E-5
49661,9.8603E-5
49662,9.1294E-5
49663,1.09405E-4
49664,8.6896E-5
49665,9.1627E-5
49666,9.1469E-5
49667,9.9306E-5
49668,9.7993E-5
49669,1.09998E-4
49670,9.3928E-5
49671,1.01459E-4
49672,1.1742E-4
49673,8.3155E-5
49674,7.3732E-5
49675,9.1641E-5
49676,9.0328E-5
49677,9.1708E-5
49678,9.9021E-5
49679,1.06443E-4
49680,1.12646E-4
49681,1.16456E-4
49682,1.0521E-4
49683,7.2791E-5
49684,7.1747E-5
49685,9.9284E-5
49686,1.00834E-4
49687,1.09379E-4
49688,1.0695E-4
49689,1.0933E-4
49690,6.4989E-5
49691,1.14936E-4
49692,1.08597E-4
49693,1.06599E-4
49694,9.0902E-5
49695,7.6842E-5
49696,8.9611E-5
49697,8.0388E-5
49698,1.16853E-4
49699,6.9223E-5
49700,1.10071E-4
49701,9.2388E-5
49702,7.4383E-5
49703,8.3257E-5
49704,8.3518E-5
49705,9.7576E-5
49706,6.4216E-5
49707,7.6629E-5
49708,9.4721E-5
49709,8.0378E-5
49710,8.2786E-5
49711,7.6014E-5
49712,1.16777E-4
49713,1.13711E-4
49714,1.06557E-4
49715,9.1645E-5
49716,1.13048E-4
49717,9.7023E-5
49718,1.41655E-4
49719,1.09795E-4
49720,8.4492E-5
49721,9.6814E-5
49722,0.029850375
49723,9.9821E-5
49724,8.1601E-5
49725,6.3395E-5
49726,1.10593E-4
49727,9.2211E-5
49728,1.20482E-4
49729,8.9553E-5
49730,9.1873E-5
49731,9.2165E-5
49732,9.6273E-5
49733,1.00471E-4
49734,1.19753E-4
49735,8.7195E-5
49736,1.0667E-4
49737,7.7255E-5
49738,7.7479E-5
49739,1.11878E-4
49740,6.7599E-5
49741,9.0097E-5
49742,9.5193E-5
49743,8.5273E-5
49744,6.3064E-5
49745,1.16061E-4
49746,1.196E-4
49747,1.19423E-4
49748,1.18823E-4
49749,8.4091E-5
49750,1.16602E-4
49751,1.11725E-4
49752,9.3783E-5
49753,1.20448E-4
49754,9.3154E-5
49755,1.22566E-4
49756,1.11752E-4
49757,9.7353E-5
49758,1.05514E-4
49759,8.7974E-5
49760,7.6561E-5
49761,8.1225E-5
49762,1.24056E-4
49763,8.4313E-5
49764,1.03989E-4
49765,1.15994E-4
49766,8.794E-5
49767,9.7867E-5
49768,6.473E-5
49769,1.04175E-4
49770,7.7835E-5
49771,1.07256E-4
49772,1.01908E-4
49773,9.2031E-5
49774,1.09618E-4
49775,9.0795E-5
49776,9.6847E-5
49777,1.01194E-4
49778,7.1191E-5
49779,9.7081E-5
49780,8.2835E-5
49781,1.03343E-4
49782,1.36591E-4
49783,1.10529E-4
49784,1.11341E-4
49785,1.12518E-4
49786,0.012188743
49787,8.3638E-5
49788,9.671E-5
49789,9.0868E-5
49790,9.368E-5
49791,8.8086E-5
49792,9.6278E-5
49793,8.9845E-5
49794,1.00537E-4
49795,1.12051E-4
49796,9.2921E-5
49797,1.04122E-4
49798,1.06809E-4
49799,9.504E-5
49800,1.13419E-4
49801,9.1649E-5
49802,9.6923E-5
49803,1.18245E-4
49804,1.18615E-4
49805,1.12381E-4
49806,1.05134E-4
49807,1.0571E-4
49808,1.16483E-4
49809,1.12713E-4
49810,8.3128E-5
49811,8.4968E-5
49812,1.00748E-4
49813,8.5247E-5
49814,1.26517E-4
49815,7.3073E-5
49816,8.0929E-5
49817,1.08028E-4
49818,8.496E-5
49819,7.2849E-5
49820,1.17626E-4
49821,8.6377E-5
49822,1.32752E-4
49823,1.08258E-4
49824,8.2069E-5
49825,7.6028E-5
49826,8.2178E-5
49827,8.0323E-5
49828,1.02133E-4
49829,9.3636E-5
49830,7.1285E-5
49831,1.064E-4
49832,1.05955E-4
49833,6.1906E-5
49834,1.0953E-4
49835,5.5585E-5
49836,1.04365E-4
49837,1.16247E-4
49838,8.3459E-5
49839,1.07314E-4
49840,1.09551E-4
49841,8.6138E-5
49842,9.4989E-5
49843,7.4426E-5
49844,7.7108E-5
49845,6.6279E-5
49846,7.4199E-5
49847,7.7225E-5
49848,1.14427E-4
49849,1.04509E-4
49850,1.05212E-4
49851,7.5152E-5
49852,7.7891E-5
49853,9.3775E-5
49854,9.424E-5
49855,1.18081E-4
49856,1.00253E-4
49857,1.01146E-4
49858,9.6662E-5
49859,8.2954E-5
49860,9.8466E-5
49861,1.0442E-4
49862,5.9598E-5
49863,1.03814E-4
49864,9.2102E-5
49865,1.32006E-4
49866,1.01114E-4
49867,1.05215E-4
49868,9.9161E-5
49869,7.9297E-5
49870,9.6508E-5
49871,9.017E-5
49872,5.5825E-5
49873,1.00064E-4
49874,1.00304E-4
49875,8.9699E-5
49876,6.8597E-5
49877,9.6662E-5
49878,9.5174E-5
49879,9.3499E-5
49880,5.5495E-5
49881,1.18799E-4
49882,9.5713E-5
49883,9.1878E-5
49884,9.5198E-5
49885,9.538E-5
49886,9.3096E-5
49887,1.03722E-4
49888,1.00182E-4
49889,7.5349E-5
49890,1.43836E-4
49891,8.5688E-5
49892,1.05627E-4
49893,1.0788E-4
49894,7.1854E-5
49895,1.22497E-4
49896,1.04564E-4
49897,7.2475E-5
49898,9.8716E-5
49899,9.5067E-5
49900,1.06277E-4
49901,9.6955E-5
49902,1.17207E-4
49903,1.1048E-4
49904,8.1498E-5
49905,1.34278E-4
49906,1.0313E-4
49907,1.0814E-4
49908,7.7371E-5
49909,1.1197E-4
49910,1.29746E-4
49911,6.6318E-5
49912,1.3733E-4
49913,1.10782E-4
49914,0.003359854
49915,1.11539E-4
49916,8.5197E-5
49917,4.2705E-5
49918,9.9741E-5
49919,1.03245E-4
49920,6.5278E-5
49921,9.8068E-5
49922,1.01257E-4
49923,1.28285E-4
49924,8.4135E-5
49925,7.9181E-5
49926,7.2351E-5
49927,7.4092E-5
49928,9.967E-5
49929,1.15723E-4
49930,9.8104E-5
49931,1.13966E-4
49932,1.04051E-4
49933,1.05728E-4
49934,1.00377E-4
49935,9.9934E-5
49936,1.1741E-4
49937,8.9523E-5
49938,7.6925E-5
49939,7.9351E-5
49940,0.01200919
49941,8.8964E-5
49942,1.04624E-4
49943,8.9013E-5
49944,8.5067E-5
49945,8.7307E-5
49946,9.315E-5
49947,5.7305E-5
49948,1.04449E-4
49949,1.02776E-4
49950,1.29869E-4
49951,1.03537E-4
49952,7.5243E-5
49953,9.0005E-5
49954,5.0846E-5
49955,1.02975E-4
49956,1.12935E-4
49957,8.5737E-5
49958,1.1284E-4
49959,8.0924E-5
49960,6.3598E-5
49961,1.19552E-4
49962,1.15008E-4
49963,1.16657E-4
49964,1.14368E-4
49965,1.25894E-4
49966,1.12781E-4
49967,1.23188E-4
49968,1.00496E-4
49969,1.14642E-4
49970,1.04851E-4
49971,8.3491E-5
49972,6.3592E-5
49973,5.873E-5
49974,0.02377712
49975,9.2304E-5
49976,8.2147E-5
49977,1.18559E-4
49978,1.00216E-4
49979,8.975E-5
49980,1.10759E-4
49981,1.16927E-4
49982,1.0142E-4
49983,1.03323E-4
49984,1.01084E-4
49985,1.03203E-4
49986,1.05445E-4
49987,1.07867E-4
49988,1.11779E-4
49989,1.12518E-4
49990,9.4612E-5
49991,1.19601E-4
49992,9.9679E-5
49993,8.9467E-5
49994,8.1139E-5
49995,1.33971E-4
49996,1.1921E-4
49997,1.09934E-4
49998,9.963E-5
49999,9.7445E-5
50000,1.11248E-4
